0 0.742188 0.460938 0.048828 0.070312
0 0.602539 0.395833 0.042969 0.065104
0 0.524902 0.421224 0.030273 0.045573
0 0.380371 0.392578 0.020508 0.029948
0 0.434082 0.363281 0.020508 0.036458
0 0.281250 0.361979 0.017578 0.028646
0 0.341797 0.380859 0.009766 0.019531
0 0.098633 0.325521 0.019531 0.031250
0 0.235840 0.361979 0.016602 0.023438
0 0.150879 0.336589 0.008789 0.011719
0 0.160156 0.343099 0.005859 0.011719
0 0.226562 0.359375 0.011719 0.020833
0 0.250000 0.361328 0.011719 0.022135
0 0.357910 0.381510 0.012695 0.023438
0 0.979980 0.287109 0.036133 0.100260
