0 0.504395 0.486765 0.098633 0.202941
0 0.197754 0.435294 0.081055 0.176471
0 0.088867 0.321324 0.058594 0.113235
0 0.322266 0.486029 0.039062 0.069118
0 0.773926 0.522059 0.067383 0.105882
0 0.223633 0.080147 0.019531 0.051471
0 0.395020 0.080147 0.020508 0.042647
0 0.237793 0.275000 0.024414 0.055882
0 0.175293 0.022059 0.016602 0.035294
0 0.021973 0.048529 0.016602 0.035294
0 0.377930 0.008824 0.015625 0.017647
0 0.539551 0.116176 0.024414 0.050000
0 0.469238 0.014706 0.022461 0.029412
0 0.552246 0.246324 0.032227 0.086765
0 0.441406 0.115441 0.017578 0.045588
0 0.682617 0.056618 0.023438 0.045588
