0 0.217285 0.405382 0.024414 0.050347
0 0.550781 0.488715 0.017578 0.046875
0 0.258789 0.032986 0.015625 0.048611
0 0.788086 0.092882 0.015625 0.039931
0 0.889160 0.108507 0.018555 0.029514
0 0.951660 0.130208 0.016602 0.048611
0 0.630859 0.038194 0.021484 0.041667
0 0.520996 0.040799 0.016602 0.046875
0 0.982910 0.275174 0.012695 0.032986
0 0.836914 0.461806 0.017578 0.045139
0 0.927246 0.485243 0.016602 0.039931
0 0.059082 0.802083 0.028320 0.055556
0 0.850586 0.894965 0.015625 0.039931
0 0.927734 0.656250 0.019531 0.031250
0 0.939453 0.908854 0.023438 0.029514
