0 0.051270 0.422627 0.032227 0.059818
0 0.075684 0.407022 0.032227 0.059818
0 0.332520 0.430429 0.032227 0.057217
0 0.298828 0.420676 0.029297 0.053316
0 0.435059 0.422627 0.030273 0.065020
0 0.462402 0.389467 0.028320 0.050715
0 0.403320 0.401170 0.029297 0.055917
0 0.559082 0.425228 0.022461 0.070221
0 0.620605 0.447984 0.024414 0.050715
0 0.694336 0.409623 0.031250 0.052016
0 0.791992 0.447984 0.027344 0.053316
0 0.736328 0.460338 0.025391 0.054616
0 0.889648 0.446034 0.029297 0.059818
0 0.940918 0.454486 0.012695 0.042913
0 0.950684 0.472692 0.018555 0.045514
0 0.987793 0.462289 0.020508 0.040312
0 0.158691 0.327698 0.010742 0.018205
0 0.153320 0.290637 0.009766 0.019506
0 0.242676 0.306892 0.006836 0.013004
0 0.227539 0.332900 0.013672 0.018205
0 0.371582 0.293238 0.012695 0.016905
0 0.378906 0.267230 0.007812 0.014304
0 0.411133 0.271131 0.013672 0.022107
0 0.402344 0.322497 0.009766 0.018205
0 0.340820 0.369311 0.009766 0.018205
0 0.431641 0.296489 0.011719 0.020806
0 0.490723 0.353056 0.010742 0.014304
0 0.135254 0.241222 0.012695 0.016905
0 0.301758 0.344603 0.011719 0.018205
0 0.463379 0.331599 0.010742 0.018205
0 0.536133 0.218466 0.009766 0.013004
0 0.652344 0.323797 0.009766 0.020806
0 0.791016 0.360208 0.011719 0.015605
0 0.782715 0.386216 0.016602 0.020806
0 0.762207 0.361508 0.012695 0.023407
0 0.846680 0.355007 0.009766 0.020806
0 0.893066 0.351756 0.010742 0.022107
0 0.946777 0.300390 0.008789 0.013004
0 0.921387 0.346554 0.014648 0.022107
0 0.982910 0.335501 0.010742 0.018205
0 0.434570 0.267230 0.011719 0.014304
0 0.014648 0.240572 0.011719 0.015605
