0 0.053223 0.396368 0.016602 0.044872
0 0.074707 0.347222 0.012695 0.040598
0 0.101074 0.407051 0.012695 0.040598
0 0.113281 0.376068 0.009766 0.029915
0 0.132812 0.342949 0.011719 0.036325
0 0.154785 0.365385 0.012695 0.034188
0 0.176270 0.397436 0.016602 0.051282
0 0.200684 0.383547 0.012695 0.036325
0 0.185059 0.326923 0.008789 0.034188
0 0.234375 0.397436 0.013672 0.038462
0 0.246094 0.346154 0.009766 0.038462
0 0.289551 0.398504 0.010742 0.036325
0 0.314453 0.339744 0.013672 0.047009
0 0.331543 0.397436 0.012695 0.034188
0 0.314453 0.304487 0.009766 0.032051
0 0.373047 0.295940 0.011719 0.036325
0 0.359375 0.342949 0.009766 0.023504
0 0.390137 0.415598 0.008789 0.032051
0 0.384766 0.366453 0.011719 0.036325
0 0.419922 0.297009 0.009766 0.042735
0 0.437500 0.341880 0.011719 0.029915
0 0.431152 0.398504 0.008789 0.032051
0 0.481934 0.386752 0.010742 0.034188
0 0.474121 0.342949 0.012695 0.036325
0 0.464844 0.293803 0.007812 0.027778
0 0.510254 0.352564 0.010742 0.038462
0 0.520508 0.293803 0.011719 0.032051
0 0.565918 0.344017 0.012695 0.038462
0 0.530273 0.388889 0.011719 0.034188
0 0.604492 0.342949 0.011719 0.032051
0 0.584961 0.316239 0.011719 0.038462
0 0.639160 0.315171 0.012695 0.027778
0 0.628906 0.381410 0.011719 0.036325
0 0.684570 0.384615 0.015625 0.038462
0 0.666016 0.356838 0.011719 0.034188
0 0.687988 0.320513 0.012695 0.034188
0 0.709961 0.360043 0.011719 0.040598
0 0.733887 0.380342 0.010742 0.038462
0 0.743164 0.315171 0.011719 0.040598
0 0.820801 0.854701 0.016602 0.047009
0 0.875977 0.704060 0.013672 0.036325
0 0.807617 0.721154 0.011719 0.040598
0 0.734863 0.715812 0.014648 0.042735
0 0.668457 0.724359 0.012695 0.042735
0 0.594727 0.662393 0.013672 0.047009
0 0.019043 0.661325 0.012695 0.040598
0 0.060547 0.681624 0.013672 0.042735
0 0.053223 0.834402 0.010742 0.036325
0 0.664062 0.840812 0.015625 0.044872
0 0.764648 0.868590 0.015625 0.044872
0 0.858398 0.691239 0.013672 0.036325
0 0.926270 0.793803 0.008789 0.032051
0 0.771973 0.356838 0.008789 0.034188
0 0.798828 0.321581 0.009766 0.032051
0 0.819336 0.360043 0.011719 0.032051
0 0.787109 0.405983 0.011719 0.034188
0 0.848633 0.402778 0.013672 0.036325
0 0.855957 0.335470 0.010742 0.034188
0 0.889160 0.322650 0.012695 0.034188
0 0.888184 0.366453 0.012695 0.040598
0 0.897949 0.376068 0.012695 0.038462
0 0.932129 0.355769 0.010742 0.036325
0 0.949707 0.324786 0.010742 0.034188
0 0.959961 0.404915 0.011719 0.036325
0 0.977539 0.332265 0.009766 0.032051
0 0.984863 0.367521 0.012695 0.038462
0 0.014160 0.833333 0.012695 0.034188
0 0.005371 0.923077 0.008789 0.042735
0 0.153809 0.920940 0.012695 0.034188
0 0.104004 0.923077 0.014648 0.034188
0 0.123535 0.701923 0.014648 0.036325
0 0.139648 0.577991 0.013672 0.036325
0 0.074219 0.568376 0.015625 0.029915
0 0.190430 0.655983 0.011719 0.034188
0 0.253418 0.637821 0.014648 0.036325
0 0.238770 0.697650 0.010742 0.027778
0 0.204590 0.750000 0.010742 0.029915
0 0.189453 0.809829 0.013672 0.029915
0 0.230957 0.822650 0.012695 0.042735
0 0.269531 0.754274 0.009766 0.034188
0 0.299805 0.711538 0.013672 0.047009
0 0.479980 0.943376 0.012695 0.040598
