0 0.494629 0.564156 0.030273 0.057183
0 0.725098 0.509066 0.034180 0.069735
0 0.956055 0.543933 0.044922 0.078103
0 0.486816 0.302650 0.034180 0.069735
0 0.707520 0.308229 0.026367 0.061367
0 0.830078 0.253835 0.037109 0.061367
0 0.913086 0.082287 0.031250 0.064156
0 0.720703 0.092748 0.031250 0.068340
0 0.497070 0.110879 0.031250 0.051604
0 0.041992 0.086471 0.025391 0.052999
0 0.360352 0.085774 0.031250 0.068340
0 0.068359 0.291492 0.031250 0.066946
0 0.289551 0.315900 0.030273 0.054393
0 0.051758 0.502789 0.041016 0.073919
0 0.215332 0.555788 0.038086 0.068340
