0 0.839844 0.376147 0.015625 0.036697
0 0.929688 0.344801 0.013672 0.032110
0 0.610840 0.251529 0.012695 0.022936
0 0.264160 0.245413 0.012695 0.025994
0 0.308594 0.231651 0.013672 0.025994
0 0.369629 0.232416 0.012695 0.027523
0 0.404297 0.216361 0.009766 0.022936
0 0.580566 0.161315 0.008789 0.019878
0 0.604004 0.152141 0.006836 0.016820
0 0.623535 0.136850 0.006836 0.016820
0 0.639648 0.141437 0.007812 0.016820
0 0.055664 0.129969 0.009766 0.018349
0 0.181641 0.113914 0.007812 0.013761
0 0.086914 0.131498 0.007812 0.018349
0 0.318848 0.081040 0.006836 0.015291
