0 0.750488 0.415081 0.043945 0.115666
0 0.905762 0.498536 0.067383 0.142020
0 0.702637 0.629575 0.067383 0.137628
0 0.676270 0.349927 0.036133 0.070278
0 0.710938 0.315520 0.025391 0.048316
0 0.777832 0.332357 0.032227 0.061493
0 0.593750 0.306003 0.019531 0.046852
0 0.476562 0.387262 0.041016 0.083455
0 0.532715 0.310395 0.014648 0.035139
0 0.504883 0.374817 0.023438 0.055637
0 0.493164 0.316984 0.025391 0.060029
0 0.638672 0.319180 0.015625 0.040996
0 0.377441 0.633968 0.084961 0.190337
0 0.328125 0.314056 0.035156 0.074671
0 0.224609 0.343338 0.048828 0.103953
0 0.027832 0.371157 0.047852 0.098097
0 0.135742 0.448755 0.044922 0.106881
0 0.191406 0.538067 0.035156 0.106881
0 0.004883 0.444363 0.009766 0.101025
0 0.046875 0.357980 0.023438 0.057101
0 0.144043 0.366764 0.024414 0.045388
