0 0.115234 0.476510 0.017578 0.053691
0 0.176758 0.313758 0.013672 0.033557
0 0.271484 0.337248 0.011719 0.036913
0 0.294922 0.334732 0.013672 0.041946
0 0.334961 0.340604 0.015625 0.036913
0 0.367676 0.287752 0.024414 0.068792
0 0.229492 0.322987 0.009766 0.038591
0 0.159668 0.294463 0.012695 0.028523
0 0.092285 0.293624 0.012695 0.030201
0 0.114258 0.293624 0.011719 0.026846
0 0.189453 0.279362 0.007812 0.015101
0 0.067871 0.288591 0.010742 0.023490
0 0.053711 0.301174 0.009766 0.021812
0 0.125977 0.286074 0.007812 0.021812
0 0.326660 0.268456 0.006836 0.013423
0 0.591797 0.314597 0.021484 0.045302
0 0.517090 0.340604 0.018555 0.040268
0 0.429688 0.272651 0.013672 0.031879
0 0.602539 0.346477 0.015625 0.052013
0 0.685059 0.294463 0.012695 0.035235
0 0.693848 0.253356 0.008789 0.023490
0 0.747070 0.264262 0.005859 0.015101
0 0.849121 0.361577 0.016602 0.035235
0 0.870117 0.332215 0.011719 0.033557
0 0.922852 0.306208 0.015625 0.041946
0 0.988281 0.328859 0.017578 0.043624
0 0.945312 0.258389 0.007812 0.020134
0 0.917969 0.256711 0.005859 0.016779
0 0.766602 0.284396 0.009766 0.028523
0 0.843750 0.247483 0.007812 0.015101
0 0.877930 0.257550 0.007812 0.015101
0 0.720703 0.272651 0.005859 0.015101
0 0.861816 0.263423 0.006836 0.016779
0 0.443359 0.276007 0.009766 0.018456
0 0.494141 0.265940 0.007812 0.018456
0 0.519531 0.281040 0.009766 0.018456
0 0.568848 0.245805 0.006836 0.018456
0 0.633789 0.248322 0.009766 0.020134
0 0.734375 0.297819 0.015625 0.041946
0 0.594238 0.255872 0.004883 0.011745
0 0.547363 0.272651 0.014648 0.031879
0 0.611816 0.260906 0.006836 0.018456
0 0.520508 0.250839 0.005859 0.015101
