0 0.725098 0.520498 0.008789 0.033675
0 0.789062 0.575403 0.009766 0.026354
0 0.766113 0.653734 0.010742 0.024890
0 0.885254 0.664714 0.010742 0.020498
0 0.911133 0.663250 0.009766 0.023426
0 0.767090 0.527818 0.010742 0.021962
0 0.700684 0.516837 0.012695 0.023426
0 0.818359 0.570278 0.007812 0.024890
0 0.816895 0.547584 0.008789 0.017570
0 0.079102 0.521230 0.015625 0.023426
0 0.192383 0.498536 0.013672 0.030747
0 0.153320 0.497072 0.013672 0.045388
0 0.385254 0.506589 0.012695 0.038067
0 0.442383 0.546852 0.011719 0.033675
0 0.490723 0.516837 0.008789 0.032211
0 0.509277 0.531479 0.010742 0.032211
0 0.547363 0.510249 0.010742 0.033675
0 0.582520 0.520498 0.012695 0.033675
0 0.634277 0.540264 0.008789 0.023426
0 0.614258 0.535139 0.013672 0.024890
0 0.315918 0.505857 0.014648 0.039531
