0 0.167969 0.527426 0.031250 0.056259
0 0.059082 0.386779 0.012695 0.022504
0 0.107910 0.398734 0.012695 0.026723
0 0.277344 0.463432 0.015625 0.046414
0 0.372559 0.537975 0.036133 0.066104
0 0.414062 0.637131 0.033203 0.090014
0 0.465820 0.495077 0.017578 0.042194
0 0.499023 0.481013 0.017578 0.036568
0 0.541016 0.447961 0.013672 0.029536
0 0.352539 0.434599 0.019531 0.028129
0 0.771484 0.486639 0.019531 0.030942
0 0.837891 0.471871 0.021484 0.052039
0 0.695801 0.412096 0.014648 0.033755
0 0.867676 0.561181 0.034180 0.067511
0 0.517578 0.480309 0.011719 0.032349
