0 0.151367 0.252755 0.011719 0.023416
0 0.188965 0.155647 0.006836 0.016529
0 0.185059 0.455923 0.016602 0.035813
0 0.140625 0.349174 0.005859 0.026171
0 0.946777 0.212810 0.010742 0.020661
0 0.946777 0.138430 0.008789 0.015152
0 0.515625 0.163223 0.005859 0.015152
0 0.547363 0.141873 0.006836 0.013774
0 0.790527 0.360193 0.014648 0.028926
0 0.700195 0.561295 0.023438 0.028926
0 0.886230 0.590909 0.026367 0.035813
0 0.421875 0.542700 0.021484 0.033058
0 0.303223 0.515840 0.018555 0.031680
0 0.273438 0.183196 0.007812 0.019284
0 0.299805 0.153581 0.007812 0.015152
0 0.355957 0.148760 0.006836 0.016529
0 0.558105 0.541322 0.024414 0.035813
0 0.631836 0.272727 0.015625 0.024793
0 0.711914 0.221763 0.011719 0.019284
0 0.413086 0.199036 0.007812 0.012397
0 0.423340 0.273416 0.010742 0.020661
0 0.360840 0.263774 0.012695 0.023416
0 0.557617 0.102617 0.003906 0.009642
0 0.202148 0.189394 0.007812 0.015152
0 0.338867 0.776860 0.021484 0.052342
0 0.071777 0.508264 0.028320 0.038567
