0 0.491699 0.060764 0.028320 0.083333
0 0.568359 0.049479 0.019531 0.057292
0 0.633301 0.103299 0.024414 0.074653
0 0.596191 0.218750 0.030273 0.076389
0 0.707520 0.203125 0.024414 0.062500
0 0.738770 0.112847 0.024414 0.083333
0 0.762207 0.030382 0.022461 0.043403
0 0.810547 0.215278 0.027344 0.079861
0 0.868164 0.131944 0.025391 0.083333
0 0.948242 0.150174 0.023438 0.067708
0 0.934570 0.254340 0.031250 0.050347
0 0.183594 0.171875 0.111328 0.131944
0 0.230957 0.037326 0.040039 0.071181
0 0.089355 0.072049 0.026367 0.057292
0 0.052246 0.155382 0.030273 0.074653
0 0.498047 0.213542 0.023438 0.059028
