0 0.860840 0.246954 0.041992 0.051546
0 0.979980 0.283974 0.038086 0.048735
0 0.745605 0.233833 0.040039 0.064667
0 0.599121 0.240394 0.069336 0.092784
0 0.460449 0.280225 0.065430 0.093721
0 0.202637 0.273196 0.057617 0.055295
0 0.095703 0.416589 0.013672 0.015933
0 0.081055 0.399719 0.011719 0.014058
0 0.050781 0.419869 0.011719 0.014995
0 0.006836 0.411903 0.013672 0.019681
0 0.284668 0.404405 0.012695 0.014058
0 0.288574 0.304124 0.008789 0.008435
0 0.283203 0.366917 0.011719 0.012184
0 0.083496 0.373477 0.012695 0.012184
