0 0.902344 0.306315 0.044922 0.038411
0 0.349121 0.284831 0.079102 0.073568
0 0.112793 0.277995 0.061523 0.055990
0 0.798340 0.412109 0.016602 0.015625
0 0.813965 0.419596 0.014648 0.016276
0 0.807129 0.445964 0.022461 0.020833
0 0.829590 0.445638 0.016602 0.014974
0 0.860352 0.445964 0.021484 0.016927
0 0.746582 0.446940 0.018555 0.016276
0 0.674805 0.441081 0.013672 0.013672
0 0.632812 0.459635 0.019531 0.016927
0 0.586426 0.450521 0.020508 0.016927
0 0.610840 0.454427 0.018555 0.016927
0 0.642578 0.428711 0.013672 0.011068
0 0.695801 0.418294 0.010742 0.012370
0 0.757812 0.413737 0.013672 0.013672
0 0.707031 0.439128 0.009766 0.008464
0 0.732422 0.452474 0.013672 0.013021
0 0.587402 0.425456 0.010742 0.011068
0 0.595703 0.414388 0.011719 0.008464
0 0.638672 0.410807 0.009766 0.010417
0 0.637207 0.398438 0.012695 0.010417
0 0.754395 0.399740 0.010742 0.010417
0 0.724121 0.413737 0.014648 0.009766
0 0.704590 0.399740 0.010742 0.009115
0 0.702637 0.385091 0.010742 0.009766
0 0.739746 0.373698 0.008789 0.007812
0 0.761230 0.384115 0.008789 0.009115
0 0.812500 0.373047 0.011719 0.009115
0 0.780762 0.364258 0.010742 0.008464
0 0.861328 0.400391 0.019531 0.014323
0 0.830078 0.360352 0.011719 0.009766
0 0.578613 0.390299 0.010742 0.009766
0 0.645996 0.377604 0.010742 0.010417
0 0.596680 0.369792 0.009766 0.009115
0 0.626465 0.372070 0.006836 0.007161
0 0.571777 0.371419 0.010742 0.009766
0 0.539062 0.373698 0.007812 0.007812
0 0.553223 0.403646 0.010742 0.009115
0 0.604492 0.390625 0.007812 0.009115
0 0.614746 0.379883 0.008789 0.009766
0 0.694336 0.356120 0.011719 0.010417
0 0.734863 0.351562 0.010742 0.009115
0 0.676270 0.346354 0.010742 0.010417
0 0.623535 0.341146 0.008789 0.007812
0 0.583496 0.331706 0.008789 0.008464
0 0.524414 0.334635 0.009766 0.009115
0 0.510742 0.323242 0.007812 0.008464
0 0.658203 0.319987 0.009766 0.009766
0 0.727051 0.345052 0.008789 0.009115
0 0.563965 0.358073 0.010742 0.010417
0 0.577637 0.320964 0.008789 0.009115
0 0.633789 0.320312 0.009766 0.009115
0 0.547852 0.309570 0.007812 0.007161
0 0.558105 0.296224 0.006836 0.005208
0 0.802246 0.327799 0.010742 0.009766
0 0.772949 0.328125 0.010742 0.009115
0 0.802246 0.363281 0.008789 0.009115
0 0.834473 0.316406 0.008789 0.009115
0 0.731934 0.324219 0.010742 0.009115
0 0.696777 0.325846 0.006836 0.005859
0 0.646973 0.337565 0.010742 0.008464
0 0.703125 0.289388 0.009766 0.008464
0 0.677246 0.305664 0.008789 0.007161
0 0.656250 0.283529 0.009766 0.007161
0 0.574219 0.285156 0.005859 0.005208
0 0.613770 0.327799 0.008789 0.007161
0 0.723633 0.270182 0.009766 0.010417
0 0.783691 0.249674 0.008789 0.005859
0 0.620117 0.246094 0.007812 0.006510
0 0.760254 0.285807 0.006836 0.006510
0 0.802246 0.305013 0.008789 0.008464
0 0.775391 0.301432 0.009766 0.007812
0 0.747070 0.303385 0.007812 0.007812
0 0.633301 0.261719 0.006836 0.007812
0 0.601562 0.261393 0.009766 0.008464
0 0.846680 0.270508 0.009766 0.007161
0 0.824219 0.274414 0.009766 0.008464
0 0.797852 0.271159 0.009766 0.007161
0 0.847656 0.250651 0.007812 0.006510
0 0.978516 0.302083 0.009766 0.007812
0 0.983398 0.320638 0.007812 0.008464
0 0.912598 0.262370 0.008789 0.007812
0 0.914062 0.241211 0.007812 0.007161
0 0.965332 0.256836 0.006836 0.005859
0 0.928711 0.254883 0.007812 0.005859
0 0.991211 0.255859 0.007812 0.006510
0 0.186523 0.446289 0.011719 0.011068
0 0.187012 0.472982 0.014648 0.012370
0 0.170410 0.473633 0.012695 0.009766
0 0.277344 0.465820 0.013672 0.013672
0 0.312988 0.472982 0.018555 0.014974
0 0.307617 0.461914 0.017578 0.014974
0 0.212402 0.473307 0.012695 0.010417
0 0.196777 0.349284 0.008789 0.008464
0 0.200684 0.329427 0.008789 0.009115
0 0.224121 0.332357 0.008789 0.008464
0 0.224121 0.318034 0.008789 0.008464
0 0.265625 0.327474 0.009766 0.009115
0 0.266602 0.307292 0.009766 0.007812
0 0.282227 0.309245 0.005859 0.005208
0 0.215332 0.301107 0.008789 0.005859
0 0.192871 0.303385 0.008789 0.007812
0 0.161621 0.300781 0.008789 0.006510
0 0.242188 0.287760 0.007812 0.006510
0 0.185547 0.286784 0.007812 0.007161
0 0.282227 0.271159 0.009766 0.008464
0 0.250000 0.273112 0.009766 0.007161
0 0.295898 0.306315 0.007812 0.007161
0 0.470215 0.267578 0.008789 0.006510
0 0.504883 0.267253 0.009766 0.007161
0 0.490234 0.253581 0.007812 0.005859
0 0.487793 0.230469 0.006836 0.006510
0 0.465820 0.229492 0.007812 0.005859
0 0.440430 0.228190 0.005859 0.005859
0 0.023926 0.236654 0.008789 0.005859
0 0.055664 0.226237 0.007812 0.005859
0 0.089844 0.226562 0.007812 0.006510
0 0.112793 0.236003 0.008789 0.007161
0 0.225586 0.261068 0.007812 0.007812
0 0.278809 0.234375 0.008789 0.007812
0 0.307617 0.235352 0.007812 0.007161
0 0.330078 0.232747 0.007812 0.007161
0 0.791992 0.382487 0.015625 0.013672
0 0.604004 0.286458 0.008789 0.007812
0 0.634277 0.282552 0.006836 0.006510
