0 0.057617 0.133382 0.033203 0.077259
0 0.145508 0.223032 0.029297 0.058309
0 0.233887 0.128280 0.032227 0.067055
0 0.308594 0.045190 0.023438 0.061224
0 0.377930 0.066327 0.025391 0.048105
0 0.454102 0.080904 0.029297 0.053936
0 0.427734 0.190233 0.029297 0.051020
0 0.247559 0.359329 0.051758 0.091837
0 0.586914 0.333090 0.052734 0.112245
0 0.673340 0.184402 0.032227 0.062682
0 0.680176 0.087464 0.032227 0.067055
0 0.790527 0.200437 0.028320 0.065598
0 0.919922 0.038630 0.029297 0.048105
0 0.798340 0.019679 0.030273 0.039359
