0 0.168457 0.383602 0.016602 0.046852
0 0.225586 0.375549 0.015625 0.039531
0 0.246094 0.385798 0.023438 0.039531
0 0.123535 0.357247 0.030273 0.064422
0 0.149902 0.378477 0.020508 0.045388
0 0.265625 0.388726 0.011719 0.036603
0 0.301758 0.400439 0.027344 0.048316
0 0.607422 0.289165 0.103516 0.285505
0 0.695312 0.249634 0.068359 0.221083
0 0.886719 0.401903 0.015625 0.030747
0 0.846191 0.398975 0.016602 0.033675
0 0.635254 0.420205 0.008789 0.017570
0 0.924805 0.415081 0.009766 0.021962
0 0.975586 0.399707 0.011719 0.026354
