0 0.899414 0.196094 0.039062 0.070312
0 0.614258 0.050000 0.058594 0.100000
0 0.396484 0.129688 0.058594 0.106250
0 0.183594 0.323437 0.027344 0.059375
0 0.033203 0.539844 0.013672 0.026562
0 0.061523 0.540625 0.017578 0.034375
0 0.216309 0.540625 0.016602 0.031250
0 0.259277 0.542188 0.014648 0.031250
0 0.290039 0.526563 0.013672 0.025000
0 0.267578 0.450000 0.013672 0.025000
0 0.236816 0.416406 0.008789 0.020313
0 0.227539 0.358594 0.005859 0.014063
0 0.215332 0.341406 0.006836 0.017188
0 0.246094 0.346875 0.007812 0.015625
0 0.274902 0.346875 0.008789 0.015625
0 0.237793 0.325781 0.006836 0.017188
0 0.047852 0.357031 0.009766 0.020313
0 0.056641 0.403906 0.007812 0.017188
0 0.035645 0.411719 0.008789 0.017188
0 0.020020 0.360938 0.008789 0.018750
0 0.027832 0.327344 0.008789 0.017188
0 0.007812 0.320312 0.007812 0.015625
0 0.666992 0.506250 0.011719 0.025000
0 0.729492 0.509375 0.009766 0.018750
0 0.736816 0.478125 0.006836 0.018750
0 0.756348 0.500000 0.010742 0.021875
0 0.743652 0.513281 0.008789 0.014063
0 0.791016 0.490625 0.011719 0.025000
0 0.751953 0.419531 0.007812 0.017188
0 0.803223 0.374219 0.006836 0.014063
0 0.759277 0.370312 0.006836 0.015625
0 0.985840 0.374219 0.012695 0.035937
0 0.778320 0.353125 0.005859 0.012500
0 0.733887 0.391406 0.006836 0.017188
0 0.817871 0.340625 0.006836 0.015625
0 0.802246 0.335156 0.006836 0.014063
0 0.808105 0.289062 0.004883 0.012500
0 0.823242 0.295312 0.005859 0.012500
0 0.779785 0.296875 0.004883 0.009375
0 0.770508 0.397656 0.007812 0.017188
