0 0.041504 0.937500 0.047852 0.107639
0 0.095215 0.802951 0.028320 0.064236
0 0.190918 0.798611 0.028320 0.072917
0 0.745605 0.789931 0.032227 0.065972
0 0.630371 0.827257 0.030273 0.081597
0 0.713379 0.717014 0.018555 0.038194
0 0.748047 0.644097 0.013672 0.031250
0 0.679199 0.500000 0.012695 0.027778
0 0.807129 0.636285 0.014648 0.032986
0 0.827637 0.726562 0.018555 0.039931
0 0.781738 0.751736 0.018555 0.038194
0 0.026855 0.493056 0.012695 0.031250
0 0.070801 0.508681 0.012695 0.027778
0 0.165039 0.493924 0.009766 0.026042
0 0.287109 0.494792 0.009766 0.024306
0 0.169434 0.545139 0.012695 0.027778
0 0.095703 0.634549 0.027344 0.050347
0 0.244141 0.493056 0.011719 0.020833
0 0.538574 0.560764 0.012695 0.027778
0 0.763184 0.500868 0.010742 0.026042
0 0.778320 0.548611 0.013672 0.031250
0 0.495605 0.752604 0.055664 0.119792
0 0.235352 0.979167 0.037109 0.041667
0 0.687988 0.957465 0.034180 0.078125
0 0.028809 0.514757 0.032227 0.067708
0 0.816406 0.967882 0.035156 0.064236
0 0.656738 0.733507 0.016602 0.032986
0 0.359375 0.960938 0.039062 0.078125
0 0.336426 0.856771 0.028320 0.060764
0 0.393066 0.830729 0.024414 0.064236
0 0.443359 0.777778 0.021484 0.055556
0 0.557617 0.767361 0.015625 0.041667
0 0.492676 0.569444 0.012695 0.024306
0 0.967773 0.980035 0.044922 0.039931
0 0.704590 0.486979 0.010742 0.026042
0 0.722168 0.494792 0.012695 0.027778
0 0.741211 0.472222 0.009766 0.024306
0 0.130859 0.501736 0.009766 0.024306
0 0.444824 0.493056 0.012695 0.027778
0 0.386719 0.493924 0.009766 0.026042
0 0.836914 0.483507 0.007812 0.019097
0 0.869629 0.491319 0.008789 0.020833
0 0.355469 0.480903 0.007812 0.024306
0 0.329102 0.500868 0.011719 0.026042
0 0.580566 0.486979 0.012695 0.026042
0 0.692871 0.478299 0.008789 0.022569
0 0.654785 0.476562 0.008789 0.019097
0 0.729004 0.469618 0.008789 0.022569
0 0.985840 0.487847 0.010742 0.027778
0 0.853516 0.467882 0.007812 0.015625
0 0.868164 0.453125 0.005859 0.013889
0 0.971191 0.467882 0.006836 0.019097
0 0.523926 0.315104 0.186523 0.390625
0 0.937988 0.841146 0.041992 0.081597
0 0.815918 0.854167 0.041992 0.076389
0 0.845703 0.664062 0.023438 0.067708
0 0.685547 0.608507 0.031250 0.067708
0 0.694336 0.824653 0.041016 0.083333
0 0.350586 0.784722 0.037109 0.086806
0 0.285156 0.825521 0.035156 0.092014
0 0.312500 0.681424 0.025391 0.074653
0 0.289551 0.644097 0.020508 0.055556
0 0.229980 0.635417 0.030273 0.062500
0 0.259766 0.625000 0.017578 0.052083
0 0.056641 0.656250 0.025391 0.059028
0 0.091309 0.707465 0.028320 0.067708
0 0.173828 0.922743 0.037109 0.095486
0 0.026855 0.797743 0.014648 0.067708
0 0.030762 0.446181 0.008789 0.027778
0 0.129883 0.466146 0.007812 0.019097
0 0.087891 0.464410 0.007812 0.019097
0 0.142578 0.473090 0.007812 0.019097
