0 0.961914 0.075537 0.060547 0.051282
0 0.968262 0.239778 0.063477 0.076230
0 0.873047 0.172557 0.074219 0.060984
0 0.817871 0.089744 0.049805 0.038115
0 0.738281 0.083507 0.058594 0.050589
0 0.774902 0.058905 0.055664 0.052668
0 0.629395 0.036036 0.049805 0.041580
0 0.564941 0.078309 0.067383 0.047124
0 0.488770 0.055094 0.061523 0.047817
0 0.429199 0.044006 0.051758 0.040887
0 0.386230 0.130284 0.053711 0.044352
0 0.365234 0.281358 0.126953 0.105336
0 0.643555 0.295565 0.095703 0.101871
0 0.543457 0.297297 0.084961 0.084546
0 0.841797 0.288981 0.060547 0.060984
0 0.812012 0.252945 0.073242 0.060984
0 0.242676 0.304574 0.096680 0.082467
0 0.087402 0.297644 0.083008 0.064449
0 0.224121 0.203742 0.065430 0.052668
0 0.285156 0.176022 0.056641 0.054054
0 0.263672 0.112266 0.062500 0.055440
0 0.166504 0.110187 0.053711 0.049896
0 0.033203 0.142758 0.048828 0.047124
0 0.193848 0.058559 0.049805 0.040887
0 0.306152 0.041927 0.041992 0.043659
0 0.384277 0.092169 0.053711 0.044352
0 0.018066 0.064796 0.036133 0.049203
0 0.141113 0.021137 0.041992 0.042273
0 0.082520 0.191961 0.059570 0.054054
0 0.109375 0.244629 0.066406 0.055440
0 0.124512 0.291753 0.073242 0.066528
