0 0.685059 0.265625 0.053711 0.098958
0 0.433105 0.188802 0.051758 0.101562
0 0.236816 0.297526 0.038086 0.069010
0 0.092773 0.583984 0.019531 0.032552
0 0.062012 0.591797 0.020508 0.029948
0 0.043457 0.570964 0.016602 0.029948
0 0.008301 0.585286 0.016602 0.032552
0 0.005859 0.563151 0.011719 0.027344
0 0.063965 0.569661 0.016602 0.032552
0 0.135742 0.575521 0.019531 0.033854
0 0.161133 0.579427 0.019531 0.031250
0 0.301758 0.559245 0.025391 0.032552
0 0.931152 0.518229 0.034180 0.057292
0 0.889160 0.509115 0.032227 0.049479
0 0.835449 0.511719 0.030273 0.052083
0 0.953613 0.485026 0.022461 0.040365
0 0.988770 0.498047 0.022461 0.048177
0 0.965332 0.392578 0.020508 0.035156
0 0.947266 0.422526 0.015625 0.029948
0 0.889648 0.408203 0.017578 0.027344
0 0.871094 0.444010 0.015625 0.031250
0 0.827148 0.459635 0.015625 0.033854
0 0.853516 0.384115 0.013672 0.023438
0 0.865234 0.408203 0.017578 0.029948
0 0.838867 0.384115 0.015625 0.026042
0 0.814453 0.386068 0.017578 0.029948
0 0.831543 0.367188 0.016602 0.028646
0 0.865234 0.355469 0.017578 0.031250
0 0.845703 0.333333 0.013672 0.023438
0 0.821777 0.329427 0.014648 0.026042
0 0.818848 0.364583 0.014648 0.026042
0 0.809570 0.345703 0.013672 0.024740
0 0.983887 0.358724 0.018555 0.029948
0 0.586914 0.558594 0.019531 0.033854
0 0.575684 0.543620 0.020508 0.035156
0 0.570801 0.483724 0.014648 0.027344
0 0.562500 0.526042 0.017578 0.033854
0 0.548828 0.518880 0.015625 0.029948
0 0.515625 0.546224 0.017578 0.032552
0 0.520996 0.501302 0.014648 0.023438
0 0.535645 0.465495 0.012695 0.024740
0 0.553223 0.478516 0.014648 0.024740
0 0.521484 0.451172 0.011719 0.016927
0 0.513184 0.435547 0.010742 0.022135
0 0.484863 0.450521 0.014648 0.026042
0 0.511230 0.497396 0.010742 0.026042
0 0.600098 0.416667 0.012695 0.023438
0 0.583984 0.416667 0.011719 0.020833
0 0.787598 0.358724 0.014648 0.024740
0 0.786621 0.336589 0.012695 0.019531
0 0.809570 0.304688 0.013672 0.020833
0 0.832031 0.305990 0.013672 0.023438
0 0.863770 0.295573 0.010742 0.020833
0 0.864746 0.267578 0.012695 0.024740
0 0.864746 0.245443 0.010742 0.022135
0 0.853027 0.249349 0.014648 0.024740
0 0.850098 0.279948 0.010742 0.018229
0 0.830566 0.285156 0.010742 0.020833
0 0.818359 0.270182 0.013672 0.022135
0 0.824219 0.236979 0.011719 0.020833
0 0.841309 0.231120 0.010742 0.016927
0 0.854004 0.212891 0.008789 0.019531
0 0.793945 0.281901 0.013672 0.024740
0 0.765625 0.322266 0.011719 0.019531
0 0.765137 0.293620 0.012695 0.022135
0 0.769043 0.270833 0.012695 0.020833
0 0.783691 0.244792 0.008789 0.018229
0 0.778320 0.218750 0.011719 0.023438
0 0.797852 0.195964 0.009766 0.019531
0 0.822754 0.198568 0.008789 0.016927
0 0.755859 0.248047 0.011719 0.019531
0 0.740723 0.282552 0.010742 0.018229
0 0.725586 0.278646 0.009766 0.020833
0 0.743164 0.237630 0.009766 0.016927
0 0.763184 0.206380 0.010742 0.019531
0 0.773438 0.184245 0.009766 0.019531
0 0.727539 0.217448 0.009766 0.018229
0 0.815430 0.169922 0.009766 0.016927
0 0.846680 0.167969 0.009766 0.018229
0 0.962402 0.275391 0.012695 0.022135
0 0.990234 0.298828 0.019531 0.024740
0 0.993164 0.175130 0.011719 0.024740
0 0.962891 0.238281 0.013672 0.026042
0 0.960938 0.195312 0.011719 0.023438
0 0.945801 0.202474 0.010742 0.019531
0 0.916992 0.204427 0.011719 0.020833
0 0.917480 0.179036 0.010742 0.019531
0 0.934082 0.167969 0.010742 0.020833
0 0.947266 0.170573 0.011719 0.020833
0 0.977051 0.157552 0.010742 0.018229
0 0.982422 0.139974 0.011719 0.019531
0 0.957031 0.123047 0.011719 0.016927
0 0.951660 0.146484 0.010742 0.016927
0 0.877441 0.138672 0.008789 0.019531
0 0.920898 0.128906 0.009766 0.018229
0 0.902832 0.192057 0.014648 0.032552
0 0.968262 0.100260 0.012695 0.015625
0 0.990234 0.121745 0.011719 0.019531
0 0.995117 0.145182 0.009766 0.019531
0 0.920898 0.425130 0.021484 0.035156
0 0.042480 0.365234 0.010742 0.019531
0 0.077148 0.354818 0.011719 0.019531
0 0.091797 0.381510 0.009766 0.018229
0 0.125000 0.371745 0.011719 0.019531
0 0.151855 0.397135 0.010742 0.020833
0 0.158203 0.345703 0.011719 0.022135
0 0.123047 0.354818 0.011719 0.019531
0 0.145996 0.328125 0.010742 0.018229
0 0.150391 0.305990 0.009766 0.018229
0 0.195801 0.329427 0.010742 0.018229
0 0.065430 0.325521 0.011719 0.018229
0 0.023926 0.323568 0.010742 0.019531
0 0.026855 0.305990 0.010742 0.018229
0 0.073242 0.305339 0.009766 0.019531
0 0.104980 0.291667 0.008789 0.015625
0 0.124512 0.303385 0.008789 0.018229
0 0.147461 0.275391 0.009766 0.019531
0 0.186523 0.279948 0.009766 0.018229
0 0.200195 0.304688 0.009766 0.018229
0 0.178223 0.234375 0.012695 0.018229
0 0.124023 0.230469 0.011719 0.018229
0 0.105957 0.255208 0.008789 0.018229
0 0.073730 0.291016 0.010742 0.019531
0 0.024902 0.276042 0.010742 0.018229
0 0.054688 0.278646 0.009766 0.018229
0 0.050293 0.235026 0.010742 0.016927
0 0.102539 0.231120 0.009766 0.016927
0 0.082520 0.210286 0.010742 0.016927
0 0.016113 0.231771 0.012695 0.018229
0 0.018555 0.261068 0.009766 0.016927
0 0.159180 0.210938 0.009766 0.018229
0 0.189941 0.220052 0.008789 0.015625
0 0.215332 0.242188 0.008789 0.018229
0 0.229004 0.238281 0.008789 0.018229
0 0.231445 0.211589 0.009766 0.016927
0 0.120605 0.208984 0.010742 0.016927
0 0.131348 0.186198 0.012695 0.018229
0 0.163086 0.196615 0.009766 0.015625
0 0.198730 0.190104 0.010742 0.015625
0 0.043457 0.215495 0.008789 0.016927
0 0.088867 0.190104 0.009766 0.015625
0 0.003418 0.218099 0.006836 0.019531
0 0.104492 0.334635 0.011719 0.020833
0 0.285156 0.188802 0.009766 0.018229
0 0.265625 0.204427 0.009766 0.020833
0 0.118164 0.164062 0.009766 0.018229
0 0.157715 0.170573 0.010742 0.018229
0 0.185547 0.176432 0.007812 0.016927
0 0.222168 0.148438 0.008789 0.015625
0 0.246582 0.153646 0.008789 0.018229
0 0.286621 0.146484 0.010742 0.019531
0 0.320312 0.166667 0.009766 0.015625
0 0.310547 0.151693 0.007812 0.014323
0 0.310547 0.132812 0.009766 0.015625
0 0.346680 0.125000 0.009766 0.018229
0 0.366211 0.110026 0.009766 0.014323
0 0.297363 0.111328 0.010742 0.016927
0 0.270020 0.130859 0.010742 0.019531
0 0.232910 0.113281 0.008789 0.018229
0 0.211914 0.128906 0.009766 0.015625
0 0.183105 0.139974 0.010742 0.019531
0 0.136230 0.134766 0.010742 0.022135
0 0.109863 0.150391 0.010742 0.016927
0 0.105957 0.130208 0.008789 0.015625
0 0.072266 0.168620 0.009766 0.016927
0 0.036621 0.173828 0.010742 0.019531
0 0.007812 0.167318 0.009766 0.016927
0 0.034668 0.149740 0.008789 0.015625
0 0.019043 0.089193 0.008789 0.016927
0 0.051758 0.097656 0.009766 0.018229
0 0.127441 0.111328 0.008789 0.016927
0 0.159668 0.108073 0.008789 0.015625
0 0.151855 0.093750 0.008789 0.013021
0 0.185059 0.093750 0.008789 0.015625
0 0.223145 0.089844 0.010742 0.018229
0 0.258789 0.098307 0.007812 0.014323
0 0.264160 0.072917 0.008789 0.015625
0 0.282227 0.104818 0.007812 0.014323
0 0.306641 0.089844 0.007812 0.015625
0 0.324219 0.106120 0.007812 0.016927
0 0.297363 0.073568 0.008789 0.014323
0 0.351562 0.087240 0.009766 0.018229
0 0.371582 0.074870 0.008789 0.014323
0 0.329590 0.069010 0.008789 0.015625
0 0.359375 0.055339 0.007812 0.014323
0 0.341309 0.037109 0.008789 0.014323
0 0.312012 0.037109 0.008789 0.016927
0 0.188965 0.073568 0.008789 0.016927
0 0.165039 0.074870 0.009766 0.016927
0 0.125000 0.070964 0.009766 0.016927
0 0.090332 0.072917 0.010742 0.018229
0 0.090820 0.115234 0.009766 0.014323
0 0.070801 0.113932 0.008789 0.014323
0 0.050781 0.139974 0.009766 0.014323
0 0.020020 0.111979 0.008789 0.013021
0 0.047852 0.054036 0.007812 0.014323
0 0.028809 0.050781 0.008789 0.013021
0 0.076660 0.026042 0.008789 0.013021
0 0.100586 0.043620 0.007812 0.016927
0 0.106445 0.024089 0.009766 0.014323
0 0.149902 0.038411 0.008789 0.014323
0 0.157715 0.055990 0.008789 0.013021
0 0.178223 0.031250 0.008789 0.015625
0 0.138672 0.022786 0.009766 0.014323
0 0.197754 0.022135 0.008789 0.015625
0 0.208984 0.042969 0.009766 0.018229
0 0.239746 0.030599 0.008789 0.014323
0 0.266602 0.033203 0.007812 0.014323
0 0.292480 0.030599 0.008789 0.011719
0 0.288086 0.059896 0.007812 0.010417
0 0.334961 0.016927 0.007812 0.018229
0 0.359863 0.025391 0.008789 0.016927
0 0.238281 0.014323 0.007812 0.013021
0 0.165039 0.005859 0.009766 0.011719
0 0.044434 0.018229 0.008789 0.015625
0 0.077637 0.050130 0.008789 0.014323
0 0.124512 0.051432 0.008789 0.014323
0 0.008789 0.033203 0.013672 0.027344
0 0.319336 0.117839 0.011719 0.024740
0 0.545898 0.330078 0.011719 0.022135
0 0.604004 0.304688 0.010742 0.018229
0 0.652832 0.265625 0.008789 0.018229
0 0.634766 0.292318 0.007812 0.016927
0 0.592773 0.399740 0.013672 0.023438
0 0.512695 0.238281 0.009766 0.018229
0 0.510742 0.213542 0.009766 0.018229
0 0.479492 0.221354 0.007812 0.013021
0 0.488770 0.243490 0.008789 0.018229
0 0.562988 0.214844 0.010742 0.018229
0 0.594238 0.190104 0.010742 0.018229
0 0.616211 0.169922 0.007812 0.016927
0 0.644531 0.158203 0.009766 0.016927
0 0.661621 0.139323 0.010742 0.015625
0 0.578613 0.166667 0.008789 0.018229
0 0.548828 0.168620 0.009766 0.014323
0 0.509766 0.171875 0.009766 0.018229
0 0.520996 0.193359 0.008789 0.014323
0 0.498047 0.198568 0.009766 0.016927
0 0.477539 0.151042 0.007812 0.013021
0 0.467285 0.126953 0.008789 0.016927
0 0.494141 0.123698 0.009766 0.018229
0 0.573242 0.126302 0.009766 0.018229
0 0.587402 0.129557 0.008789 0.016927
0 0.600098 0.113281 0.006836 0.015625
0 0.640625 0.119141 0.009766 0.016927
0 0.665039 0.118490 0.009766 0.015625
0 0.693848 0.131510 0.010742 0.018229
0 0.718750 0.123047 0.007812 0.014323
0 0.739258 0.118490 0.009766 0.018229
0 0.741211 0.098307 0.007812 0.014323
0 0.771973 0.086589 0.010742 0.019531
0 0.704590 0.100260 0.010742 0.018229
0 0.662598 0.098307 0.010742 0.016927
0 0.627441 0.108073 0.008789 0.015625
0 0.630371 0.064453 0.008789 0.019531
0 0.649902 0.054688 0.010742 0.018229
0 0.608887 0.054036 0.008789 0.014323
0 0.553711 0.060547 0.007812 0.016927
0 0.725586 0.057943 0.011719 0.019531
0 0.753418 0.067708 0.008789 0.018229
0 0.786133 0.068359 0.007812 0.016927
0 0.562500 0.042318 0.007812 0.014323
0 0.519531 0.041667 0.005859 0.010417
0 0.507324 0.031901 0.008789 0.016927
0 0.431152 0.033203 0.010742 0.019531
0 0.397461 0.064453 0.009766 0.016927
0 0.381836 0.088542 0.009766 0.018229
0 0.400391 0.031250 0.009766 0.015625
0 0.652344 0.033854 0.007812 0.015625
0 0.677246 0.027344 0.008789 0.015625
0 0.692871 0.036458 0.008789 0.018229
0 0.712891 0.033854 0.007812 0.015625
0 0.772949 0.035807 0.010742 0.016927
0 0.805664 0.028646 0.007812 0.013021
0 0.820801 0.046224 0.010742 0.016927
0 0.814453 0.071615 0.009766 0.018229
0 0.854980 0.050130 0.010742 0.019531
0 0.621582 0.043620 0.006836 0.014323
0 0.638672 0.045573 0.009766 0.015625
0 0.839844 0.013672 0.009766 0.011719
0 0.696777 0.013021 0.008789 0.013021
0 0.729980 0.011068 0.008789 0.009115
0 0.752441 0.011719 0.008789 0.015625
0 0.664062 0.052734 0.007812 0.014323
0 0.601562 0.062500 0.007812 0.013021
0 0.798340 0.015625 0.006836 0.013021
0 0.865723 0.007812 0.008789 0.015625
0 0.818359 0.005208 0.009766 0.010417
0 0.893555 0.026693 0.011719 0.019531
0 0.913574 0.005859 0.010742 0.011719
0 0.105469 0.562500 0.013672 0.023438
0 0.004883 0.194010 0.007812 0.015625
0 0.062500 0.142578 0.007812 0.014323
0 0.168945 0.132161 0.007812 0.014323
0 0.196289 0.167318 0.007812 0.011719
0 0.244141 0.190104 0.009766 0.018229
0 0.388184 0.017578 0.008789 0.014323
0 0.423828 0.013672 0.009766 0.014323
0 0.448730 0.011719 0.008789 0.015625
0 0.404785 0.006510 0.008789 0.013021
0 0.375977 0.006510 0.007812 0.013021
0 0.410645 0.048177 0.008789 0.015625
0 0.969727 0.330078 0.021484 0.027344
0 0.797852 0.401693 0.013672 0.024740
