0 0.333496 0.228516 0.032227 0.066406
0 0.196289 0.343750 0.037109 0.059896
0 0.332031 0.339844 0.039062 0.067708
0 0.465332 0.345052 0.038086 0.057292
0 0.510742 0.248047 0.035156 0.069010
0 0.654297 0.246094 0.035156 0.065104
0 0.581543 0.326172 0.032227 0.066406
0 0.691895 0.348958 0.038086 0.067708
0 0.839844 0.330729 0.039062 0.070312
0 0.818848 0.466146 0.040039 0.078125
0 0.688965 0.473307 0.038086 0.058594
0 0.580078 0.460286 0.039062 0.066406
0 0.448242 0.451823 0.041016 0.065104
0 0.329102 0.441406 0.037109 0.072917
0 0.192383 0.464844 0.041016 0.070312
