0 0.773438 0.492424 0.052734 0.070248
0 0.726562 0.500689 0.052734 0.050964
0 0.554688 0.275482 0.033203 0.066116
0 0.455566 0.310606 0.034180 0.059229
0 0.415527 0.336088 0.043945 0.074380
0 0.082520 0.412534 0.016602 0.031680
0 0.146973 0.504821 0.034180 0.056474
0 0.043457 0.408402 0.004883 0.009642
0 0.026855 0.395317 0.004883 0.008264
0 0.034180 0.393939 0.005859 0.008264
0 0.065430 0.411846 0.005859 0.008264
0 0.048828 0.385675 0.003906 0.011019
0 0.097168 0.366391 0.006836 0.013774
0 0.023438 0.412534 0.003906 0.009642
0 0.067383 0.374656 0.003906 0.008264
0 0.075195 0.374656 0.003906 0.008264
0 0.115723 0.411846 0.004883 0.011019
0 0.059570 0.373278 0.005859 0.013774
0 0.114746 0.428375 0.004883 0.011019
0 0.130371 0.403581 0.004883 0.011019
0 0.138184 0.407025 0.004883 0.009642
0 0.148438 0.432507 0.005859 0.011019
0 0.146484 0.400826 0.005859 0.011019
0 0.160645 0.400826 0.004883 0.011019
0 0.166016 0.400826 0.003906 0.011019
0 0.170898 0.398760 0.003906 0.006887
0 0.182129 0.399449 0.004883 0.008264
0 0.200195 0.409780 0.003906 0.006887
0 0.186523 0.392562 0.003906 0.008264
0 0.175293 0.376033 0.004883 0.008264
0 0.277832 0.389807 0.004883 0.011019
0 0.342773 0.417355 0.003906 0.008264
0 0.346680 0.382920 0.003906 0.008264
0 0.633301 0.400138 0.004883 0.009642
0 0.645508 0.393251 0.003906 0.009642
0 0.636719 0.391185 0.003906 0.008264
0 0.681152 0.382231 0.004883 0.009642
0 0.703125 0.378788 0.005859 0.011019
0 0.765625 0.388430 0.003906 0.008264
0 0.758789 0.385675 0.003906 0.008264
0 0.733887 0.384298 0.004883 0.008264
0 0.793945 0.374656 0.003906 0.008264
0 0.864746 0.426997 0.004883 0.011019
0 0.869141 0.410468 0.005859 0.011019
0 0.887207 0.420110 0.004883 0.008264
0 0.888672 0.406336 0.003906 0.008264
0 0.904785 0.402893 0.004883 0.009642
0 0.919434 0.421488 0.004883 0.008264
0 0.914062 0.406336 0.003906 0.008264
0 0.924316 0.405647 0.004883 0.012397
0 0.929688 0.416667 0.005859 0.009642
0 0.910645 0.415978 0.004883 0.008264
0 0.940430 0.396006 0.003906 0.009642
0 0.941895 0.417355 0.006836 0.011019
0 0.898926 0.433196 0.006836 0.012397
0 0.937500 0.440771 0.005859 0.011019
0 0.952148 0.420799 0.007812 0.012397
0 0.966797 0.423554 0.005859 0.012397
0 0.967773 0.446281 0.007812 0.011019
0 0.984863 0.426997 0.006836 0.011019
0 0.996582 0.423554 0.004883 0.009642
0 0.996582 0.460744 0.006836 0.015152
0 0.987793 0.413912 0.006836 0.012397
