0 0.051758 0.382138 0.005859 0.008785
0 0.033691 0.383602 0.004883 0.008785
0 0.014160 0.380673 0.004883 0.008785
0 0.041016 0.403367 0.003906 0.010249
0 0.057617 0.415813 0.005859 0.011713
0 0.062012 0.398975 0.006836 0.016105
0 0.103516 0.431918 0.003906 0.008785
0 0.101562 0.451684 0.005859 0.010249
0 0.087891 0.455344 0.005859 0.011713
0 0.077148 0.450220 0.005859 0.010249
0 0.069824 0.449488 0.004883 0.008785
0 0.062500 0.465593 0.005859 0.011713
0 0.051270 0.453880 0.004883 0.008785
0 0.043457 0.446559 0.004883 0.005857
0 0.041016 0.461201 0.005859 0.011713
0 0.021484 0.418009 0.003906 0.010249
0 0.003906 0.422401 0.003906 0.010249
0 0.001953 0.443631 0.003906 0.008785
0 0.115234 0.453880 0.005859 0.011713
0 0.124512 0.433382 0.004883 0.011713
0 0.127441 0.446559 0.004883 0.008785
0 0.135742 0.465593 0.003906 0.011713
0 0.112305 0.481698 0.005859 0.011713
0 0.020996 0.475842 0.006836 0.011713
0 0.017090 0.442899 0.004883 0.010249
0 0.021484 0.494143 0.007812 0.013177
0 0.039551 0.482430 0.006836 0.016105
0 0.011230 0.505857 0.004883 0.013177
0 0.117188 0.503660 0.005859 0.014641
0 0.106934 0.472914 0.004883 0.008785
0 0.126953 0.530747 0.005859 0.010249
0 0.119629 0.540264 0.006836 0.011713
0 0.092285 0.525622 0.006836 0.014641
0 0.056152 0.508053 0.006836 0.011713
0 0.071777 0.519766 0.008789 0.017570
0 0.041992 0.515373 0.005859 0.011713
0 0.027832 0.518302 0.006836 0.011713
0 0.006348 0.540264 0.008789 0.017570
0 0.035645 0.531479 0.006836 0.011713
0 0.038086 0.546120 0.009766 0.011713
0 0.056641 0.550512 0.007812 0.020498
0 0.086914 0.564422 0.007812 0.013177
0 0.090332 0.548316 0.006836 0.013177
0 0.067871 0.576867 0.006836 0.014641
0 0.055664 0.590776 0.011719 0.021962
0 0.087891 0.592240 0.009766 0.016105
0 0.119629 0.579795 0.008789 0.017570
0 0.020020 0.590776 0.006836 0.013177
0 0.098145 0.594436 0.008789 0.011713
0 0.066406 0.483163 0.007812 0.011713
0 0.068848 0.508053 0.008789 0.011713
0 0.031250 0.631772 0.007812 0.024890
0 0.061523 0.631040 0.013672 0.023426
0 0.094727 0.624451 0.011719 0.027818
0 0.118164 0.609078 0.005859 0.014641
0 0.132812 0.608346 0.009766 0.019034
0 0.126465 0.644217 0.010742 0.020498
0 0.147949 0.634700 0.010742 0.021962
0 0.163574 0.628111 0.010742 0.020498
0 0.179199 0.672035 0.010742 0.023426
0 0.166504 0.579063 0.008789 0.019034
0 0.154297 0.592972 0.009766 0.014641
0 0.142578 0.570278 0.007812 0.016105
0 0.170898 0.535139 0.009766 0.016105
0 0.167969 0.508053 0.007812 0.014641
0 0.137695 0.516837 0.007812 0.014641
0 0.185547 0.478770 0.007812 0.011713
0 0.166016 0.473646 0.005859 0.010249
0 0.147949 0.481698 0.006836 0.011713
0 0.182129 0.450952 0.004883 0.008785
0 0.175293 0.450952 0.004883 0.011713
0 0.154297 0.453880 0.005859 0.011713
0 0.150879 0.445827 0.004883 0.010249
0 0.064941 0.545388 0.010742 0.019034
0 0.009277 0.603953 0.012695 0.021962
0 0.011719 0.658126 0.011719 0.021962
0 0.139648 0.434114 0.005859 0.010249
0 0.146484 0.427526 0.003906 0.008785
0 0.192871 0.516105 0.006836 0.013177
0 0.185059 0.535139 0.008789 0.010249
0 0.190430 0.577599 0.009766 0.016105
0 0.152344 0.407028 0.005859 0.008785
0 0.201172 0.409224 0.003906 0.007321
0 0.195801 0.422401 0.002930 0.007321
0 0.213379 0.431918 0.002930 0.008785
0 0.225586 0.440703 0.003906 0.008785
0 0.234863 0.431918 0.002930 0.008785
0 0.236816 0.409224 0.004883 0.010249
0 0.269531 0.440703 0.003906 0.008785
0 0.276367 0.454612 0.003906 0.010249
0 0.259766 0.461201 0.003906 0.008785
0 0.245117 0.454612 0.003906 0.007321
0 0.261719 0.478770 0.005859 0.008785
0 0.241211 0.478038 0.005859 0.010249
0 0.218262 0.473646 0.004883 0.007321
0 0.201660 0.464129 0.004883 0.008785
0 0.208496 0.478770 0.004883 0.011713
0 0.264648 0.513177 0.007812 0.013177
0 0.249023 0.515373 0.005859 0.014641
0 0.214355 0.527086 0.006836 0.011713
0 0.210938 0.543924 0.009766 0.016105
0 0.240234 0.563690 0.007812 0.014641
0 0.271973 0.580527 0.010742 0.019034
0 0.254395 0.596633 0.008789 0.019034
0 0.241699 0.544656 0.006836 0.014641
0 0.193848 0.563690 0.010742 0.017570
0 0.214844 0.622255 0.009766 0.020498
0 0.219727 0.639824 0.011719 0.023426
0 0.236816 0.636164 0.006836 0.016105
0 0.258301 0.620059 0.010742 0.021962
0 0.287109 0.639092 0.009766 0.021962
0 0.305176 0.638360 0.008789 0.020498
0 0.312500 0.622987 0.011719 0.019034
0 0.315430 0.582723 0.007812 0.017570
0 0.388184 0.425329 0.002930 0.010249
0 0.378418 0.428258 0.004883 0.010249
0 0.365723 0.429722 0.004883 0.010249
0 0.402832 0.446559 0.004883 0.008785
0 0.349609 0.455344 0.003906 0.008785
0 0.326660 0.428258 0.004883 0.010249
0 0.312012 0.419473 0.004883 0.010249
0 0.306152 0.443631 0.004883 0.008785
0 0.293457 0.457540 0.004883 0.010249
0 0.301758 0.473646 0.003906 0.010249
0 0.285645 0.481698 0.004883 0.014641
0 0.277344 0.517570 0.005859 0.010249
0 0.297363 0.517570 0.004883 0.010249
0 0.312988 0.483163 0.004883 0.011713
0 0.346680 0.437775 0.003906 0.008785
0 0.336426 0.433382 0.004883 0.008785
0 0.299316 0.424597 0.004883 0.008785
0 0.326660 0.536603 0.006836 0.016105
0 0.355957 0.538067 0.006836 0.016105
0 0.371582 0.503660 0.004883 0.011713
0 0.379883 0.500732 0.005859 0.014641
0 0.406738 0.473646 0.004883 0.010249
0 0.399902 0.473646 0.004883 0.010249
0 0.417969 0.489751 0.005859 0.013177
0 0.426758 0.484627 0.005859 0.011713
0 0.404785 0.513909 0.004883 0.008785
0 0.412598 0.538799 0.006836 0.011713
0 0.395508 0.548316 0.005859 0.010249
0 0.402344 0.563690 0.005859 0.011713
0 0.388184 0.558565 0.006836 0.016105
0 0.366699 0.560029 0.006836 0.016105
0 0.396484 0.576135 0.007812 0.016105
0 0.430176 0.571010 0.006836 0.011713
0 0.425293 0.528551 0.004883 0.020498
0 0.421875 0.586384 0.007812 0.016105
0 0.417969 0.602489 0.005859 0.019034
0 0.419434 0.623719 0.008789 0.017570
0 0.389160 0.618594 0.012695 0.024890
0 0.357910 0.589312 0.006836 0.013177
0 0.343750 0.606149 0.007812 0.017570
0 0.346680 0.642753 0.011719 0.020498
0 0.363281 0.644217 0.011719 0.023426
0 0.375488 0.633236 0.008789 0.016105
0 0.415039 0.646413 0.007812 0.019034
0 0.424316 0.663250 0.006836 0.014641
0 0.528809 0.415081 0.004883 0.010249
0 0.519043 0.414348 0.004883 0.008785
0 0.503906 0.408492 0.003906 0.008785
0 0.531738 0.428258 0.004883 0.010249
0 0.516113 0.427526 0.004883 0.008785
0 0.497559 0.423865 0.002930 0.007321
0 0.485352 0.434114 0.003906 0.007321
0 0.476562 0.427526 0.003906 0.011713
0 0.463867 0.428990 0.003906 0.008785
0 0.437988 0.441435 0.004883 0.007321
0 0.448242 0.453880 0.003906 0.008785
0 0.467285 0.445095 0.002930 0.008785
0 0.459961 0.442167 0.003906 0.008785
0 0.479980 0.450952 0.004883 0.008785
0 0.519043 0.448023 0.004883 0.011713
0 0.510254 0.454612 0.004883 0.010249
0 0.497070 0.464129 0.005859 0.011713
0 0.510254 0.469253 0.004883 0.007321
0 0.526855 0.467057 0.004883 0.011713
0 0.517578 0.491215 0.003906 0.007321
0 0.501953 0.499268 0.005859 0.008785
0 0.482910 0.475110 0.004883 0.010249
0 0.453613 0.487555 0.004883 0.008785
0 0.441895 0.475110 0.004883 0.007321
0 0.442871 0.500732 0.006836 0.011713
0 0.475586 0.506589 0.005859 0.011713
0 0.518555 0.513909 0.005859 0.014641
0 0.516113 0.530747 0.004883 0.013177
0 0.503906 0.550512 0.005859 0.014641
0 0.471680 0.543924 0.007812 0.016105
0 0.450684 0.574671 0.008789 0.016105
0 0.493652 0.580527 0.006836 0.013177
0 0.485352 0.581991 0.005859 0.013177
0 0.466797 0.569546 0.005859 0.011713
0 0.518555 0.566618 0.005859 0.014641
0 0.528809 0.570278 0.008789 0.013177
0 0.523438 0.587116 0.007812 0.014641
0 0.458496 0.614934 0.006836 0.011713
0 0.503418 0.653734 0.008789 0.019034
0 0.484863 0.641288 0.010742 0.020498
0 0.470703 0.648609 0.009766 0.020498
0 0.454590 0.638360 0.008789 0.017570
0 0.442871 0.653001 0.010742 0.014641
0 0.452637 0.656662 0.010742 0.016105
0 0.482422 0.546852 0.007812 0.016105
0 0.443359 0.529283 0.007812 0.016105
0 0.577637 0.273060 0.034180 0.057101
0 0.667969 0.398243 0.003906 0.008785
0 0.661133 0.416545 0.005859 0.010249
0 0.643066 0.428258 0.004883 0.010249
0 0.687988 0.530747 0.006836 0.010249
0 0.666504 0.527086 0.004883 0.014641
0 0.645508 0.551977 0.007812 0.014641
0 0.665527 0.551245 0.008789 0.013177
0 0.682617 0.555637 0.005859 0.010249
0 0.667480 0.574671 0.006836 0.016105
0 0.686523 0.578331 0.007812 0.014641
0 0.702148 0.576867 0.007812 0.017570
0 0.681641 0.615666 0.009766 0.019034
0 0.697754 0.621523 0.008789 0.016105
0 0.698730 0.653001 0.012695 0.026354
0 0.814453 0.401903 0.003906 0.010249
0 0.801758 0.418741 0.003906 0.008785
0 0.764160 0.443631 0.004883 0.008785
0 0.787598 0.456808 0.004883 0.008785
0 0.806152 0.453148 0.004883 0.010249
0 0.813477 0.477306 0.003906 0.011713
0 0.792969 0.475110 0.005859 0.010249
0 0.767090 0.474378 0.004883 0.008785
0 0.764160 0.459004 0.004883 0.010249
0 0.775879 0.500000 0.004883 0.013177
0 0.794434 0.503660 0.004883 0.008785
0 0.801270 0.510249 0.004883 0.013177
0 0.818848 0.502928 0.004883 0.010249
0 0.809082 0.519034 0.006836 0.013177
0 0.782715 0.530015 0.006836 0.014641
0 0.791016 0.556369 0.005859 0.014641
0 0.806152 0.555637 0.004883 0.013177
0 0.794922 0.585652 0.007812 0.017570
0 0.765137 0.602489 0.006836 0.016105
0 0.749512 0.644949 0.010742 0.021962
0 0.787598 0.621523 0.006836 0.019034
0 0.814941 0.614934 0.006836 0.014641
0 0.787598 0.639092 0.006836 0.016105
0 0.813965 0.645681 0.014648 0.026354
0 0.818848 0.605417 0.006836 0.016105
0 0.978027 0.423133 0.004883 0.008785
0 0.962891 0.423133 0.003906 0.008785
0 0.951660 0.443631 0.004883 0.008785
0 0.937500 0.404832 0.003906 0.007321
0 0.930664 0.405564 0.003906 0.008785
0 0.912109 0.427526 0.003906 0.008785
0 0.886719 0.415081 0.003906 0.007321
0 0.899902 0.403367 0.002930 0.007321
0 0.832031 0.393119 0.005859 0.010249
0 0.865723 0.410688 0.004883 0.007321
0 0.853516 0.422401 0.003906 0.007321
0 0.866699 0.423865 0.004883 0.007321
0 0.833008 0.438507 0.003906 0.007321
0 0.846191 0.445827 0.004883 0.010249
0 0.838379 0.478038 0.004883 0.013177
0 0.865723 0.438507 0.004883 0.010249
0 0.826660 0.448023 0.004883 0.008785
0 0.824219 0.437775 0.003906 0.008785
0 0.833008 0.407760 0.003906 0.010249
0 0.873047 0.437042 0.003906 0.007321
0 0.917480 0.449488 0.004883 0.008785
0 0.926758 0.458272 0.003906 0.008785
0 0.941895 0.467789 0.004883 0.010249
0 0.948730 0.464861 0.004883 0.010249
0 0.970215 0.462665 0.004883 0.008785
0 0.982422 0.472182 0.005859 0.013177
0 0.974609 0.478038 0.003906 0.010249
0 0.953613 0.484627 0.004883 0.011713
0 0.888672 0.457540 0.005859 0.010249
0 0.879395 0.482430 0.002930 0.010249
0 0.895508 0.478770 0.003906 0.008785
0 0.916504 0.474378 0.004883 0.011713
0 0.904785 0.486823 0.004883 0.010249
0 0.827637 0.475110 0.006836 0.013177
0 0.855957 0.480966 0.004883 0.013177
0 0.864258 0.502928 0.003906 0.010249
0 0.823242 0.521962 0.005859 0.013177
0 0.838867 0.530015 0.005859 0.011713
0 0.834473 0.513177 0.004883 0.010249
0 0.882324 0.514641 0.004883 0.010249
0 0.866211 0.532211 0.005859 0.013177
0 0.828613 0.550512 0.006836 0.017570
0 0.842285 0.560761 0.006836 0.014641
0 0.860840 0.555637 0.006836 0.013177
0 0.867676 0.563690 0.006836 0.014641
0 0.894043 0.553441 0.006836 0.017570
0 0.885742 0.529283 0.007812 0.013177
0 0.906738 0.503660 0.004883 0.011713
0 0.916992 0.523426 0.005859 0.013177
0 0.942871 0.531479 0.006836 0.017570
0 0.923340 0.564422 0.006836 0.016105
0 0.950195 0.546852 0.005859 0.016105
0 0.966797 0.531479 0.005859 0.011713
0 0.975586 0.548316 0.011719 0.016105
0 0.922852 0.491947 0.005859 0.011713
0 0.924805 0.483163 0.005859 0.014641
0 0.858887 0.595168 0.006836 0.016105
0 0.858398 0.628111 0.007812 0.014641
0 0.918457 0.624451 0.008789 0.016105
0 0.941895 0.601757 0.006836 0.014641
0 0.976074 0.580527 0.008789 0.013177
0 0.968750 0.593704 0.005859 0.013177
0 0.993164 0.615666 0.009766 0.013177
0 0.971191 0.630307 0.010742 0.019034
0 0.953613 0.643485 0.006836 0.013177
0 0.937500 0.643485 0.007812 0.019034
0 0.894531 0.663250 0.009766 0.017570
0 0.886719 0.634700 0.005859 0.016105
0 0.869629 0.655930 0.008789 0.017570
0 0.827148 0.643485 0.007812 0.019034
0 0.786621 0.677892 0.010742 0.020498
0 0.471191 0.472914 0.006836 0.011713
0 0.665527 0.425329 0.004883 0.010249
0 0.682129 0.419473 0.004883 0.010249
0 0.701172 0.381406 0.003906 0.010249
0 0.682129 0.407760 0.004883 0.013177
0 0.652344 0.390922 0.003906 0.008785
0 0.658691 0.369693 0.006836 0.013177
0 0.636719 0.515373 0.007812 0.014641
0 0.641113 0.533675 0.010742 0.013177
0 0.215332 0.457540 0.004883 0.007321
0 0.203125 0.453148 0.005859 0.013177
0 0.182617 0.402635 0.003906 0.008785
0 0.198242 0.442899 0.005859 0.013177
0 0.327148 0.469985 0.005859 0.011713
0 0.405762 0.506589 0.004883 0.011713
0 0.313965 0.562958 0.006836 0.010249
0 0.415039 0.466325 0.005859 0.010249
0 0.368652 0.516837 0.004883 0.011713
0 0.336426 0.539531 0.004883 0.010249
0 0.165527 0.413616 0.004883 0.010249
0 0.162598 0.431186 0.002930 0.007321
0 0.169922 0.430454 0.003906 0.008785
0 0.179688 0.429722 0.005859 0.010249
0 0.291504 0.390922 0.002930 0.008785
0 0.209961 0.392387 0.003906 0.008785
0 0.227539 0.394583 0.003906 0.010249
0 0.318359 0.453880 0.005859 0.011713
0 0.332031 0.399707 0.003906 0.008785
0 0.096680 0.478038 0.005859 0.010249
