0 0.973145 0.308370 0.051758 0.099853
0 0.850586 0.355360 0.050781 0.091043
0 0.692871 0.407489 0.049805 0.077827
0 0.575684 0.382526 0.051758 0.095448
0 0.625488 0.246696 0.049805 0.096916
0 0.711914 0.190896 0.041016 0.082232
0 0.810059 0.234214 0.059570 0.101322
0 0.874512 0.162996 0.043945 0.079295
0 0.803711 0.077093 0.044922 0.074890
0 0.863770 0.053598 0.038086 0.071953
0 0.939941 0.077827 0.040039 0.073421
0 0.988281 0.129222 0.023438 0.102790
0 0.967773 0.055066 0.033203 0.069016
0 0.774414 0.044787 0.033203 0.054332
0 0.692871 0.124816 0.036133 0.064611
0 0.685059 0.060940 0.036133 0.060206
0 0.746094 0.026432 0.029297 0.049927
0 0.632324 0.171806 0.041992 0.079295
0 0.621094 0.120411 0.035156 0.070485
0 0.596191 0.097651 0.030273 0.057269
0 0.660156 0.022761 0.029297 0.039648
0 0.562988 0.033040 0.032227 0.054332
0 0.533203 0.118943 0.037109 0.067548
0 0.513184 0.189427 0.043945 0.082232
0 0.485352 0.049927 0.025391 0.049927
0 0.518066 0.073421 0.032227 0.061674
0 0.428711 0.156388 0.037109 0.063142
0 0.425781 0.117474 0.035156 0.064611
0 0.399414 0.060940 0.033203 0.063142
0 0.347656 0.190162 0.035156 0.066079
0 0.446289 0.233480 0.041016 0.076358
0 0.492676 0.289280 0.043945 0.085169
0 0.378906 0.271659 0.041016 0.076358
0 0.428223 0.401615 0.047852 0.098385
0 0.365723 0.593245 0.063477 0.111601
0 0.300781 0.399413 0.046875 0.093979
0 0.250488 0.302496 0.041992 0.085169
0 0.302734 0.188693 0.039062 0.069016
0 0.296875 0.050661 0.025391 0.045521
0 0.355469 0.056535 0.025391 0.051395
0 0.382812 0.008076 0.021484 0.016153
0 0.280762 0.023495 0.022461 0.044053
0 0.282227 0.118943 0.033203 0.058737
0 0.233398 0.116740 0.035156 0.074890
0 0.192871 0.248899 0.040039 0.077827
0 0.253906 0.082232 0.027344 0.052863
0 0.222656 0.070485 0.027344 0.052863
0 0.234375 0.021292 0.023438 0.042584
0 0.187012 0.022026 0.032227 0.044053
0 0.136719 0.081498 0.037109 0.069016
0 0.115723 0.055800 0.026367 0.049927
0 0.083008 0.105727 0.029297 0.046990
0 0.060547 0.161527 0.029297 0.058737
0 0.082031 0.261380 0.035156 0.067548
0 0.142578 0.405286 0.052734 0.088106
0 0.115234 0.314244 0.042969 0.076358
0 0.046875 0.403818 0.048828 0.088106
0 0.017090 0.335536 0.034180 0.077827
0 0.016602 0.234949 0.031250 0.061674
0 0.017090 0.146843 0.026367 0.044053
0 0.030762 0.104258 0.026367 0.044053
0 0.009277 0.078561 0.018555 0.039648
0 0.039551 0.065345 0.020508 0.042584
0 0.051270 0.031571 0.020508 0.042584
0 0.335938 0.095448 0.033203 0.061674
