0 0.941406 0.183748 0.060547 0.112738
0 0.690918 0.144949 0.063477 0.117130
0 0.601074 0.243045 0.067383 0.128843
0 0.504395 0.246706 0.067383 0.106881
0 0.862305 0.047584 0.052734 0.095168
0 0.766602 0.049048 0.046875 0.092240
0 0.625488 0.125183 0.059570 0.106881
0 0.533203 0.130307 0.062500 0.108346
0 0.564453 0.081259 0.039062 0.083455
0 0.312988 0.262811 0.067383 0.115666
0 0.190918 0.315520 0.067383 0.121523
0 0.109375 0.320644 0.070312 0.105417
0 0.248047 0.201318 0.052734 0.106881
0 0.395996 0.242313 0.055664 0.103953
0 0.352051 0.150805 0.040039 0.087848
0 0.330566 0.098829 0.043945 0.092240
0 0.435547 0.030015 0.039062 0.060029
0 0.232422 0.049780 0.050781 0.087848
0 0.194336 0.142753 0.044922 0.092240
0 0.084961 0.172767 0.048828 0.084919
0 0.068359 0.032211 0.044922 0.064422
0 0.069336 0.117130 0.041016 0.081991
0 0.044922 0.051245 0.035156 0.073206
0 0.014160 0.135432 0.028320 0.092240
0 0.691895 0.053441 0.051758 0.080527
0 0.015137 0.305271 0.030273 0.103953
