0 0.023926 0.034091 0.010742 0.013636
0 0.055176 0.037013 0.008789 0.009091
0 0.177246 0.026948 0.014648 0.005844
0 0.058594 0.080844 0.011719 0.016234
0 0.109375 0.104545 0.019531 0.015584
0 0.033203 0.138961 0.021484 0.020779
0 0.203613 0.149026 0.020508 0.021429
0 0.051270 0.184416 0.022461 0.018182
0 0.150391 0.178896 0.021484 0.017532
0 0.113770 0.279870 0.030273 0.025974
0 0.263184 0.229545 0.110352 0.108442
0 0.246582 0.126948 0.020508 0.017532
0 0.305664 0.154545 0.015625 0.020779
0 0.380371 0.157468 0.022461 0.020130
0 0.329102 0.113312 0.019531 0.018831
0 0.356445 0.090260 0.013672 0.011688
0 0.360840 0.062662 0.010742 0.011039
0 0.514648 0.180519 0.130859 0.112987
0 0.723145 0.190260 0.100586 0.103896
0 0.834473 0.131818 0.018555 0.019481
0 0.369141 0.032468 0.017578 0.011688
0 0.403809 0.026299 0.014648 0.016234
0 0.430176 0.098052 0.022461 0.012987
0 0.410645 0.094805 0.016602 0.011688
0 0.500000 0.026299 0.013672 0.009740
0 0.552734 0.039286 0.011719 0.009740
0 0.606934 0.062987 0.014648 0.012987
0 0.548340 0.068182 0.014648 0.015584
0 0.597168 0.130844 0.014648 0.011039
0 0.344238 0.142532 0.014648 0.013636
0 0.668457 0.060714 0.014648 0.012338
0 0.692871 0.072403 0.014648 0.012338
0 0.944336 0.088961 0.019531 0.019481
0 0.970215 0.109740 0.014648 0.014286
0 0.907715 0.047078 0.010742 0.011039
0 0.920410 0.246753 0.077148 0.067532
0 0.795410 0.109416 0.014648 0.014935
0 0.687012 0.048377 0.012695 0.011039
