0 0.256836 0.444444 0.019531 0.045139
0 0.374512 0.474826 0.018555 0.043403
0 0.306641 0.315972 0.017578 0.041667
0 0.380371 0.335069 0.014648 0.045139
0 0.766113 0.309896 0.165039 0.401042
0 0.908203 0.391493 0.019531 0.046875
0 0.241699 0.391493 0.028320 0.046875
0 0.017578 0.293403 0.017578 0.045139
0 0.359375 0.296007 0.013672 0.039931
0 0.185059 0.265625 0.020508 0.048611
0 0.155762 0.337674 0.020508 0.043403
0 0.123535 0.309896 0.020508 0.046875
0 0.056641 0.433160 0.019531 0.046875
0 0.146484 0.440972 0.025391 0.059028
0 0.085938 0.294271 0.017578 0.039931
0 0.616211 0.348958 0.015625 0.045139
0 0.967285 0.381944 0.014648 0.045139
