0 0.222656 0.607422 0.017578 0.032552
0 0.270996 0.608724 0.018555 0.029948
0 0.337891 0.608724 0.017578 0.027344
0 0.334473 0.581380 0.018555 0.029948
0 0.360352 0.575521 0.013672 0.026042
0 0.385742 0.593750 0.015625 0.023438
0 0.402344 0.611328 0.015625 0.024740
0 0.405762 0.642578 0.022461 0.035156
0 0.415039 0.564453 0.017578 0.024740
0 0.397949 0.528646 0.014648 0.026042
0 0.365234 0.512370 0.015625 0.024740
0 0.311523 0.533203 0.015625 0.024740
0 0.272949 0.578125 0.014648 0.028646
0 0.280273 0.559896 0.013672 0.026042
0 0.249512 0.518880 0.014648 0.027344
0 0.307617 0.488281 0.017578 0.028646
0 0.300781 0.444661 0.015625 0.024740
0 0.242676 0.452474 0.016602 0.024740
0 0.129395 0.561849 0.024414 0.042969
0 0.057129 0.559896 0.024414 0.044271
0 0.039551 0.602865 0.028320 0.049479
0 0.039062 0.522786 0.023438 0.040365
0 0.045410 0.496094 0.022461 0.039062
0 0.138672 0.518229 0.025391 0.041667
0 0.145996 0.488281 0.020508 0.036458
0 0.099609 0.419271 0.023438 0.044271
0 0.014160 0.368490 0.024414 0.044271
0 0.214355 0.566406 0.016602 0.026042
0 0.210449 0.494792 0.010742 0.018229
0 0.194336 0.451823 0.013672 0.023438
0 0.250000 0.415365 0.015625 0.026042
0 0.258789 0.381510 0.011719 0.020833
0 0.306152 0.412109 0.014648 0.019531
0 0.300293 0.380208 0.010742 0.018229
0 0.354004 0.383464 0.014648 0.022135
0 0.403809 0.407552 0.016602 0.026042
0 0.421875 0.433594 0.017578 0.023438
0 0.365234 0.452474 0.013672 0.024740
0 0.419434 0.486328 0.016602 0.027344
0 0.372070 0.426432 0.011719 0.022135
0 0.442871 0.579427 0.018555 0.033854
0 0.237793 0.354818 0.014648 0.019531
0 0.087402 0.320312 0.024414 0.041667
0 0.098145 0.260417 0.022461 0.039062
0 0.159180 0.374349 0.023438 0.035156
0 0.183105 0.310547 0.018555 0.037760
0 0.190918 0.257161 0.016602 0.027344
0 0.248535 0.311849 0.012695 0.019531
0 0.280273 0.332682 0.017578 0.027344
0 0.296387 0.302734 0.016602 0.024740
0 0.344727 0.311198 0.013672 0.023438
0 0.392090 0.293620 0.014648 0.024740
0 0.390625 0.264323 0.013672 0.023438
0 0.349121 0.268229 0.012695 0.018229
0 0.286621 0.258464 0.014648 0.022135
0 0.262695 0.279297 0.011719 0.019531
0 0.251953 0.240885 0.013672 0.018229
0 0.306641 0.236979 0.013672 0.023438
0 0.347656 0.214844 0.013672 0.023438
0 0.386719 0.229818 0.013672 0.022135
0 0.410645 0.223307 0.012695 0.019531
0 0.438965 0.195312 0.010742 0.015625
0 0.482910 0.223958 0.012695 0.020833
0 0.380859 0.192708 0.013672 0.020833
0 0.354492 0.158203 0.013672 0.019531
0 0.378906 0.145182 0.011719 0.019531
0 0.433105 0.163411 0.008789 0.019531
0 0.448242 0.167318 0.009766 0.016927
0 0.284180 0.213542 0.013672 0.023438
0 0.395508 0.343750 0.015625 0.026042
0 0.317871 0.099609 0.008789 0.019531
0 0.273438 0.184896 0.011719 0.018229
0 0.250488 0.218750 0.012695 0.018229
0 0.313965 0.164062 0.012695 0.020833
0 0.441406 0.087891 0.009766 0.019531
0 0.407715 0.089193 0.010742 0.019531
0 0.367188 0.091797 0.013672 0.024740
0 0.375977 0.056641 0.011719 0.016927
0 0.315430 0.068359 0.009766 0.019531
0 0.434082 0.030599 0.008789 0.016927
0 0.449219 0.039714 0.009766 0.019531
0 0.496582 0.041667 0.010742 0.018229
0 0.483887 0.118490 0.010742 0.015625
0 0.426758 0.074870 0.009766 0.019531
0 0.575195 0.266927 0.013672 0.023438
0 0.572754 0.205078 0.012695 0.024740
0 0.525391 0.212891 0.011719 0.019531
0 0.613281 0.173177 0.009766 0.015625
0 0.618164 0.199219 0.011719 0.020833
0 0.626465 0.167969 0.008789 0.015625
0 0.661621 0.178385 0.010742 0.020833
0 0.654785 0.148438 0.008789 0.018229
0 0.633789 0.272135 0.011719 0.020833
0 0.587402 0.311849 0.014648 0.022135
0 0.567383 0.352865 0.011719 0.018229
0 0.832520 0.570964 0.026367 0.045573
0 0.927734 0.576823 0.021484 0.044271
0 0.951172 0.542969 0.025391 0.044271
0 0.623047 0.608073 0.017578 0.031250
0 0.662598 0.633464 0.012695 0.024740
0 0.714844 0.613932 0.015625 0.027344
0 0.599609 0.570312 0.013672 0.028646
0 0.659180 0.586589 0.013672 0.022135
0 0.699707 0.579427 0.012695 0.020833
0 0.723145 0.559245 0.014648 0.024740
0 0.659180 0.533203 0.013672 0.019531
0 0.748535 0.591146 0.012695 0.018229
0 0.771484 0.566406 0.011719 0.020833
0 0.760742 0.488932 0.011719 0.022135
0 0.795898 0.500000 0.013672 0.020833
0 0.705078 0.501953 0.013672 0.022135
0 0.663086 0.497396 0.013672 0.023438
0 0.666016 0.449219 0.013672 0.026042
0 0.622070 0.453776 0.013672 0.024740
0 0.729492 0.466797 0.011719 0.019531
0 0.734375 0.413411 0.011719 0.019531
0 0.776367 0.404948 0.013672 0.020833
0 0.753906 0.361979 0.013672 0.020833
0 0.924316 0.491536 0.018555 0.035156
0 0.907227 0.460938 0.023438 0.033854
0 0.885742 0.531901 0.021484 0.035156
0 0.738770 0.328125 0.014648 0.023438
0 0.712891 0.339844 0.013672 0.020833
0 0.814941 0.320312 0.010742 0.020833
0 0.797852 0.302734 0.011719 0.019531
0 0.736328 0.271484 0.011719 0.019531
0 0.733398 0.244141 0.009766 0.019531
0 0.761719 0.237630 0.011719 0.014323
0 0.682129 0.210938 0.012695 0.018229
0 0.703125 0.173828 0.013672 0.016927
0 0.691895 0.158203 0.012695 0.016927
0 0.964844 0.393229 0.025391 0.039062
0 0.475098 0.191406 0.012695 0.023438
