0 0.864746 0.337500 0.026367 0.048529
0 0.934570 0.273529 0.027344 0.047059
0 0.871094 0.286765 0.027344 0.047059
0 0.805664 0.276471 0.021484 0.047059
0 0.830566 0.408824 0.030273 0.047059
0 0.764648 0.335294 0.027344 0.050000
0 0.737793 0.295588 0.022461 0.047059
0 0.758301 0.506618 0.028320 0.048529
0 0.702637 0.422794 0.028320 0.051471
0 0.609375 0.497059 0.031250 0.055882
0 0.931152 0.481618 0.024414 0.048529
0 0.994141 0.347059 0.011719 0.047059
0 0.992676 0.278676 0.014648 0.045588
0 0.659668 0.350735 0.028320 0.051471
0 0.566895 0.350735 0.022461 0.054412
0 0.472656 0.253676 0.050781 0.104412
0 0.155762 0.461029 0.024414 0.045588
0 0.180664 0.530882 0.025391 0.047059
0 0.275391 0.524265 0.023438 0.045588
0 0.261230 0.459559 0.024414 0.048529
0 0.353027 0.445588 0.022461 0.044118
0 0.285156 0.370588 0.023438 0.050000
0 0.318359 0.336765 0.023438 0.041176
0 0.229492 0.327206 0.021484 0.039706
0 0.222656 0.281618 0.017578 0.039706
0 0.263672 0.219853 0.021484 0.036765
0 0.207520 0.224265 0.020508 0.039706
0 0.157715 0.210294 0.020508 0.035294
0 0.175781 0.368382 0.025391 0.048529
0 0.135254 0.321324 0.024414 0.051471
0 0.090820 0.347794 0.023438 0.048529
0 0.107422 0.394118 0.023438 0.044118
0 0.072754 0.510294 0.026367 0.050000
0 0.049316 0.438971 0.026367 0.048529
0 0.060547 0.376471 0.021484 0.035294
0 0.075195 0.230147 0.021484 0.036765
0 0.369141 0.278676 0.023438 0.045588
0 0.401367 0.183824 0.021484 0.041176
0 0.541016 0.227941 0.023438 0.050000
0 0.438965 0.237500 0.016602 0.033824
