0 0.602539 0.432943 0.009766 0.009115
0 0.590332 0.484049 0.012695 0.011068
0 0.531738 0.459310 0.012695 0.008464
0 0.628906 0.498698 0.011719 0.010417
0 0.669434 0.476562 0.026367 0.026042
0 0.761719 0.423177 0.042969 0.035156
0 0.864746 0.444661 0.014648 0.009115
0 0.918945 0.496094 0.017578 0.013021
0 0.968750 0.423828 0.015625 0.010417
0 0.927734 0.430990 0.013672 0.010417
0 0.812988 0.421224 0.010742 0.010417
0 0.837402 0.395508 0.010742 0.008464
0 0.865723 0.389974 0.010742 0.009115
0 0.736816 0.387044 0.010742 0.008464
0 0.689453 0.387695 0.009766 0.008464
0 0.669434 0.436198 0.010742 0.009115
0 0.637207 0.439779 0.008789 0.008464
0 0.881348 0.431315 0.010742 0.012370
0 0.989746 0.511719 0.014648 0.013021
0 0.110840 0.441081 0.026367 0.022786
0 0.339355 0.452474 0.016602 0.015625
0 0.172363 0.479167 0.038086 0.033854
0 0.061035 0.451497 0.008789 0.007161
0 0.175293 0.434570 0.008789 0.005859
0 0.147949 0.427083 0.006836 0.005208
0 0.400879 0.347331 0.047852 0.041016
0 0.508301 0.404948 0.008789 0.006510
0 0.139160 0.441406 0.010742 0.007812
0 0.309570 0.473958 0.013672 0.011719
0 0.451660 0.461263 0.014648 0.009766
0 0.850098 0.440755 0.014648 0.010417
0 0.735352 0.412109 0.013672 0.013021
