0 0.187988 0.693108 0.012695 0.020806
0 0.214844 0.689207 0.011719 0.020806
0 0.261719 0.688557 0.011719 0.022107
0 0.286621 0.708062 0.008789 0.016905
0 0.315918 0.690507 0.012695 0.020806
0 0.337402 0.708713 0.008789 0.015605
0 0.356445 0.693108 0.009766 0.020806
0 0.586914 0.338101 0.019531 0.031209
0 0.708496 0.679454 0.012695 0.024707
0 0.762695 0.671651 0.015625 0.027308
0 0.808105 0.672952 0.012695 0.022107
0 0.860352 0.680754 0.013672 0.022107
0 0.873535 0.669051 0.014648 0.027308
0 0.762207 0.589727 0.014648 0.022107
0 0.927246 0.669701 0.018555 0.028609
0 0.973145 0.795839 0.020508 0.033810
0 0.983887 0.677503 0.016602 0.028609
0 0.945801 0.650845 0.008789 0.016905
0 0.729980 0.603381 0.010742 0.020806
0 0.166504 0.682055 0.014648 0.024707
0 0.003906 0.689207 0.007812 0.018205
0 0.375488 0.721717 0.010742 0.015605
0 0.300293 0.726918 0.010742 0.015605
0 0.314453 0.727568 0.007812 0.016905
0 0.663086 0.604681 0.011719 0.020806
0 0.652832 0.700260 0.014648 0.027308
0 0.684082 0.618336 0.010742 0.016905
0 0.903320 0.566320 0.013672 0.019506
0 0.901855 0.609233 0.008789 0.019506
0 0.929688 0.604681 0.013672 0.020806
0 0.963867 0.605332 0.013672 0.019506
0 0.968750 0.570871 0.013672 0.023407
0 0.968750 0.537061 0.011719 0.020806
0 0.120605 0.687906 0.012695 0.020806
0 0.033203 0.694408 0.011719 0.018205
