0 0.214355 0.483776 0.014648 0.026549
0 0.164062 0.484513 0.011719 0.025074
0 0.079590 0.578909 0.018555 0.039823
0 0.271484 0.567847 0.019531 0.047198
0 0.247070 0.622419 0.011719 0.044248
0 0.183105 0.579646 0.018555 0.041298
0 0.437500 0.422566 0.013672 0.028024
0 0.461914 0.453540 0.011719 0.022124
0 0.495605 0.455752 0.014648 0.026549
0 0.423828 0.636431 0.013672 0.030973
0 0.386719 0.699853 0.015625 0.036873
0 0.471680 0.688053 0.015625 0.033923
0 0.509277 0.634218 0.012695 0.038348
0 0.250977 0.752950 0.017578 0.033923
0 0.060547 0.522861 0.017578 0.030973
0 0.604980 0.466077 0.014648 0.029499
0 0.564453 0.481563 0.015625 0.030973
0 0.626953 0.638643 0.015625 0.032448
0 0.817383 0.445428 0.013672 0.029499
0 0.865234 0.402655 0.013672 0.026549
0 0.575684 0.392330 0.012695 0.029499
0 0.681641 0.429204 0.015625 0.035398
0 0.841797 0.365044 0.011719 0.030973
0 0.648438 0.693215 0.015625 0.029499
0 0.882812 0.353245 0.013672 0.028024
0 0.808594 0.331121 0.013672 0.028024
0 0.488770 0.328909 0.014648 0.029499
0 0.361816 0.278024 0.012695 0.028024
0 0.194336 0.401917 0.011719 0.025074
0 0.158203 0.410767 0.009766 0.019174
0 0.070312 0.432891 0.011719 0.022124
0 0.075684 0.469027 0.012695 0.026549
0 0.462891 0.412979 0.011719 0.023599
0 0.417969 0.433628 0.013672 0.023599
0 0.532715 0.406342 0.012695 0.028024
0 0.606445 0.344395 0.013672 0.028024
0 0.664551 0.365782 0.010742 0.029499
0 0.479004 0.363569 0.014648 0.025074
0 0.425781 0.355457 0.013672 0.026549
0 0.446289 0.333333 0.009766 0.023599
0 0.589355 0.454277 0.010742 0.029499
0 0.618652 0.412979 0.012695 0.026549
0 0.730957 0.299410 0.010742 0.023599
0 0.747070 0.268437 0.011719 0.026549
0 0.832520 0.297935 0.010742 0.023599
0 0.899414 0.337758 0.013672 0.029499
0 0.763672 0.437316 0.011719 0.033923
0 0.790527 0.387168 0.008789 0.028024
0 0.020508 0.523599 0.013672 0.029499
0 0.056641 0.377581 0.013672 0.029499
0 0.044434 0.335546 0.010742 0.025074
0 0.058105 0.315634 0.010742 0.020649
0 0.170410 0.356932 0.010742 0.026549
0 0.154297 0.331858 0.011719 0.026549
0 0.105957 0.431416 0.012695 0.025074
0 0.104492 0.335546 0.009766 0.019174
0 0.201172 0.315634 0.009766 0.020649
0 0.182617 0.320059 0.009766 0.020649
0 0.123535 0.462389 0.012695 0.025074
0 0.074219 0.356932 0.009766 0.020649
0 0.026855 0.343658 0.008789 0.020649
0 0.219238 0.371681 0.012695 0.029499
0 0.208984 0.289823 0.011719 0.025074
0 0.174805 0.287611 0.009766 0.026549
0 0.100098 0.306047 0.012695 0.025074
0 0.253418 0.384956 0.014648 0.026549
0 0.219727 0.331858 0.011719 0.020649
0 0.326172 0.276549 0.011719 0.025074
0 0.204102 0.228614 0.011719 0.023599
0 0.175293 0.252950 0.010742 0.022124
0 0.271484 0.215339 0.009766 0.020649
0 0.246094 0.230088 0.009766 0.020649
0 0.313477 0.224926 0.009766 0.022124
0 0.281738 0.283923 0.012695 0.022124
0 0.393066 0.210914 0.010742 0.020649
0 0.337891 0.191003 0.011719 0.022124
0 0.406250 0.266224 0.013672 0.028024
0 0.383301 0.322271 0.010742 0.025074
0 0.392090 0.444690 0.014648 0.028024
0 0.375977 0.437316 0.013672 0.030973
0 0.349609 0.462389 0.013672 0.025074
0 0.446777 0.286873 0.012695 0.025074
0 0.418945 0.167404 0.011719 0.022124
0 0.541992 0.315634 0.011719 0.026549
0 0.333496 0.383481 0.012695 0.029499
0 0.502441 0.382743 0.014648 0.025074
0 0.909668 0.468289 0.010742 0.025074
0 0.709473 0.515487 0.014648 0.042773
0 0.817383 0.574484 0.015625 0.025074
0 0.795410 0.251475 0.012695 0.025074
0 0.932129 0.314897 0.012695 0.028024
0 0.971191 0.238201 0.012695 0.022124
0 0.912109 0.216814 0.013672 0.026549
0 0.831055 0.226401 0.011719 0.022124
0 0.696777 0.140118 0.010742 0.020649
0 0.852051 0.348083 0.012695 0.032448
0 0.806641 0.411504 0.013672 0.026549
0 0.747070 0.105457 0.009766 0.022124
0 0.782715 0.134956 0.010742 0.022124
0 0.848145 0.124631 0.012695 0.025074
0 0.834961 0.137906 0.009766 0.022124
0 0.808594 0.148230 0.011719 0.019174
0 0.824219 0.100295 0.009766 0.023599
0 0.948730 0.126844 0.012695 0.023599
0 0.585938 0.657817 0.021484 0.044248
0 0.930176 0.615044 0.012695 0.029499
0 0.527344 0.142330 0.009766 0.019174
0 0.602539 0.291298 0.011719 0.025074
0 0.109375 0.274336 0.011719 0.020649
0 0.277832 0.174779 0.010742 0.019174
0 0.342285 0.155605 0.008789 0.019174
0 0.135254 0.148968 0.010742 0.020649
0 0.256348 0.193215 0.012695 0.020649
0 0.150391 0.275074 0.013672 0.022124
0 0.189453 0.218289 0.013672 0.020649
0 0.224609 0.216814 0.011719 0.020649
0 0.381836 0.528024 0.013672 0.020649
0 0.341309 0.333333 0.012695 0.020649
0 0.542480 0.353245 0.010742 0.022124
0 0.228027 0.276549 0.010742 0.019174
0 0.307129 0.261799 0.010742 0.019174
0 0.627441 0.172566 0.008789 0.020649
0 0.708496 0.190265 0.012695 0.020649
0 0.344727 0.064159 0.009766 0.019174
0 0.345215 0.036136 0.010742 0.022124
0 0.781738 0.112094 0.010742 0.017699
0 0.870117 0.235988 0.009766 0.020649
0 0.948730 0.263274 0.010742 0.022124
0 0.990234 0.192478 0.011719 0.025074
0 0.976562 0.112832 0.009766 0.019174
0 0.958496 0.152655 0.012695 0.022124
0 0.926758 0.106195 0.009766 0.023599
0 0.937988 0.116519 0.010742 0.020649
0 0.863770 0.110619 0.010742 0.023599
0 0.915527 0.311209 0.010742 0.020649
0 0.121582 0.042035 0.008789 0.016224
0 0.071289 0.115044 0.011719 0.020649
0 0.095215 0.191003 0.010742 0.019174
0 0.148438 0.056785 0.009766 0.016224
0 0.179199 0.053097 0.008789 0.017699
0 0.214844 0.044985 0.009766 0.016224
0 0.042969 0.044985 0.009766 0.016224
0 0.892090 0.096608 0.032227 0.054572
0 0.271973 0.320059 0.008789 0.017699
0 0.294434 0.311947 0.008789 0.019174
0 0.270996 0.269912 0.010742 0.017699
0 0.345703 0.294248 0.009766 0.022124
0 0.688965 0.386431 0.014648 0.026549
0 0.512695 0.176991 0.009766 0.023599
0 0.541504 0.166667 0.008789 0.020649
0 0.889648 0.202802 0.013672 0.028024
0 0.009277 0.582596 0.012695 0.023599
0 0.008301 0.709440 0.016602 0.035398
0 0.365234 0.347345 0.011719 0.022124
0 0.017578 0.042035 0.007812 0.016224
0 0.003906 0.367994 0.007812 0.022124
0 0.016602 0.500737 0.011719 0.025074
0 0.996582 0.779499 0.006836 0.025074
