0 0.805664 0.514684 0.015625 0.033774
0 0.747559 0.508811 0.016602 0.033774
0 0.679199 0.502937 0.014648 0.030837
0 0.611328 0.494860 0.011719 0.029369
0 0.550293 0.508076 0.014648 0.029369
0 0.494141 0.500000 0.013672 0.027900
0 0.436523 0.505874 0.015625 0.030837
0 0.368164 0.484581 0.015625 0.032305
0 0.301758 0.490455 0.013672 0.029369
0 0.312988 0.488987 0.000977 0.000000
0 0.236816 0.491924 0.014648 0.026432
0 0.141602 0.414831 0.017578 0.033774
0 0.106934 0.478708 0.022461 0.041116
0 0.173828 0.483113 0.015625 0.032305
0 0.201660 0.426579 0.014648 0.030837
0 0.248535 0.419971 0.014648 0.029369
0 0.301270 0.425844 0.016602 0.032305
0 0.341309 0.421439 0.012695 0.032305
0 0.388184 0.418502 0.012695 0.032305
0 0.442383 0.411160 0.015625 0.035242
0 0.494141 0.400881 0.015625 0.032305
0 0.544922 0.421439 0.013672 0.032305
0 0.590820 0.419971 0.013672 0.029369
0 0.644043 0.432452 0.014648 0.030837
0 0.697754 0.433921 0.014648 0.033774
0 0.750977 0.449339 0.015625 0.029369
0 0.808594 0.453010 0.017578 0.030837
0 0.866211 0.435389 0.017578 0.036711
0 0.923340 0.523495 0.016602 0.036711
0 0.860840 0.520558 0.016602 0.033774
