0 0.442383 0.420573 0.005859 0.013021
0 0.569336 0.415365 0.007812 0.013021
0 0.435547 0.412760 0.005859 0.010417
0 0.459961 0.420573 0.005859 0.010417
0 0.447754 0.421875 0.004883 0.010417
0 0.351074 0.415365 0.004883 0.010417
0 0.333008 0.417318 0.005859 0.011719
0 0.106445 0.402344 0.013672 0.026042
0 0.869629 0.458984 0.006836 0.011719
0 0.877930 0.427734 0.005859 0.009115
0 0.865234 0.429036 0.005859 0.009115
0 0.852051 0.454427 0.004883 0.010417
0 0.916504 0.430990 0.006836 0.010417
0 0.852051 0.424479 0.004883 0.010417
0 0.965332 0.443359 0.010742 0.016927
0 0.992188 0.420573 0.007812 0.015625
0 0.993652 0.485026 0.012695 0.027344
0 0.048828 0.414714 0.007812 0.011719
0 0.873535 0.427083 0.006836 0.010417
