0 0.015625 0.283203 0.015625 0.035156
0 0.076172 0.250000 0.017578 0.035156
0 0.307617 0.146484 0.011719 0.023438
0 0.462891 0.135742 0.013672 0.041016
0 0.167480 0.117188 0.020508 0.050781
0 0.123535 0.147461 0.010742 0.021484
0 0.089355 0.166016 0.008789 0.023438
0 0.800293 0.105469 0.012695 0.031250
0 0.575195 0.202148 0.015625 0.044922
0 0.811523 0.562500 0.023438 0.027344
0 0.643555 0.057617 0.019531 0.044922
0 0.318848 0.604492 0.020508 0.029297
0 0.055176 0.925781 0.030273 0.070312
0 0.532715 0.910156 0.030273 0.082031
0 0.955566 0.095703 0.016602 0.042969
0 0.328125 0.089844 0.011719 0.031250
0 0.151367 0.312500 0.021484 0.046875
0 0.113281 0.341797 0.019531 0.031250
0 0.617676 0.108398 0.014648 0.029297
0 0.582520 0.123047 0.012695 0.027344
0 0.603516 0.289062 0.021484 0.035156
0 0.820801 0.044922 0.012695 0.027344
