0 0.631836 0.303991 0.056641 0.075117
0 0.034668 0.745305 0.026367 0.042254
0 0.084961 0.781103 0.011719 0.019953
0 0.113770 0.774648 0.008789 0.018779
0 0.154785 0.794014 0.008789 0.017606
0 0.161133 0.863263 0.009766 0.015258
0 0.104980 0.856221 0.008789 0.017606
0 0.091309 0.872066 0.012695 0.021127
0 0.060059 0.926056 0.012695 0.021127
0 0.082031 0.913732 0.017578 0.031690
0 0.066895 0.908451 0.010742 0.016432
0 0.109375 0.931338 0.015625 0.024648
0 0.124512 0.908451 0.014648 0.028169
0 0.120605 0.878521 0.010742 0.017606
0 0.157715 0.912559 0.010742 0.019953
0 0.164062 0.896127 0.011719 0.017606
0 0.155762 0.943075 0.016602 0.034038
0 0.185059 0.901408 0.012695 0.021127
0 0.196777 0.943075 0.014648 0.029343
0 0.218750 0.941315 0.017578 0.028169
0 0.227539 0.897887 0.011719 0.021127
0 0.216797 0.871479 0.011719 0.017606
0 0.186523 0.861502 0.011719 0.018779
0 0.269043 0.803991 0.010742 0.018779
0 0.234375 0.778169 0.009766 0.016432
0 0.122070 0.751761 0.009766 0.017606
0 0.201172 0.910211 0.011719 0.017606
0 0.247070 0.865610 0.011719 0.019953
0 0.218262 0.839789 0.008789 0.017606
0 0.258789 0.878521 0.009766 0.019953
0 0.271973 0.889085 0.006836 0.017606
0 0.284180 0.899061 0.011719 0.023474
0 0.257812 0.924296 0.013672 0.022300
0 0.267578 0.937793 0.011719 0.023474
0 0.276367 0.955399 0.015625 0.028169
0 0.284180 0.943075 0.009766 0.019953
0 0.299805 0.951878 0.015625 0.028169
0 0.314941 0.953052 0.008789 0.018779
0 0.343262 0.965376 0.014648 0.024648
0 0.371582 0.967136 0.014648 0.025822
0 0.402344 0.981808 0.011719 0.024648
0 0.368164 0.946596 0.011719 0.015258
0 0.388184 0.968310 0.012695 0.018779
0 0.351562 0.944249 0.009766 0.017606
0 0.361816 0.893192 0.008789 0.016432
0 0.345215 0.866197 0.010742 0.014085
0 0.329590 0.865023 0.008789 0.014085
0 0.373535 0.866784 0.008789 0.012911
0 0.304199 0.859155 0.008789 0.014085
0 0.359375 0.852113 0.007812 0.014085
0 0.384766 0.841549 0.005859 0.014085
0 0.337891 0.796362 0.007812 0.017606
0 0.526367 0.898474 0.011719 0.022300
0 0.440918 0.974765 0.014648 0.019953
0 0.466309 0.978286 0.010742 0.019953
0 0.480469 0.982981 0.013672 0.026995
0 0.504395 0.980634 0.012695 0.024648
0 0.515137 0.991197 0.006836 0.015258
0 0.537598 0.991197 0.012695 0.017606
0 0.572266 0.916080 0.011719 0.022300
0 0.574707 0.985329 0.014648 0.022300
0 0.606445 0.988850 0.011719 0.015258
0 0.475098 0.836854 0.008789 0.016432
0 0.627441 0.968897 0.008789 0.012911
0 0.672852 0.984742 0.007812 0.011737
0 0.694824 0.991197 0.008789 0.015258
0 0.691895 0.974178 0.012695 0.014085
0 0.659668 0.984155 0.008789 0.010563
0 0.645996 0.883216 0.006836 0.015258
0 0.583008 0.911385 0.009766 0.015258
0 0.714844 0.987089 0.009766 0.014085
0 0.747070 0.964202 0.007812 0.012911
0 0.805176 0.994718 0.010742 0.010563
0 0.788086 0.992958 0.009766 0.011737
0 0.830566 0.997066 0.010742 0.005869
0 0.915527 0.960094 0.008789 0.016432
0 0.948242 0.983568 0.007812 0.014085
0 0.960449 0.973592 0.008789 0.015258
0 0.814453 0.920775 0.007812 0.008216
0 0.058594 0.747066 0.007812 0.012911
0 0.007812 0.742371 0.007812 0.012911
0 0.021973 0.684272 0.008789 0.011737
0 0.057129 0.688967 0.006836 0.009390
0 0.073730 0.696596 0.006836 0.008216
0 0.075684 0.719484 0.006836 0.011737
0 0.091309 0.728873 0.008789 0.011737
0 0.095215 0.772300 0.010742 0.016432
0 0.134766 0.785211 0.007812 0.011737
0 0.147949 0.758803 0.008789 0.012911
0 0.142578 0.745305 0.007812 0.011737
0 0.137695 0.757629 0.007812 0.012911
0 0.121094 0.733568 0.005859 0.009390
0 0.098145 0.720070 0.006836 0.010563
0 0.100098 0.699531 0.006836 0.009390
0 0.162598 0.779930 0.006836 0.010563
0 0.183105 0.798709 0.008789 0.012911
0 0.188965 0.789906 0.006836 0.011737
0 0.188965 0.765845 0.006836 0.010563
0 0.194336 0.777582 0.007812 0.012911
0 0.201172 0.809272 0.007812 0.012911
0 0.159668 0.759390 0.008789 0.014085
0 0.146973 0.729460 0.006836 0.010563
0 0.125977 0.715376 0.007812 0.008216
0 0.064941 0.729460 0.008789 0.010563
0 0.090332 0.742371 0.008789 0.010563
0 0.279297 0.921948 0.011719 0.015258
0 0.251465 0.898474 0.010742 0.012911
0 0.227051 0.860329 0.010742 0.016432
0 0.196289 0.835681 0.009766 0.014085
0 0.212891 0.789906 0.009766 0.011737
0 0.211426 0.769366 0.008789 0.012911
0 0.237305 0.749413 0.009766 0.012911
0 0.213867 0.757629 0.009766 0.012911
0 0.237305 0.732394 0.005859 0.011737
0 0.256836 0.727700 0.005859 0.009390
0 0.252930 0.751761 0.005859 0.010563
0 0.280762 0.776995 0.006836 0.011737
0 0.281738 0.796362 0.008789 0.012911
0 0.255371 0.787559 0.008789 0.011737
0 0.259277 0.780516 0.008789 0.014085
0 0.247070 0.763498 0.007812 0.010563
0 0.238281 0.823357 0.009766 0.015258
0 0.215820 0.816901 0.009766 0.011737
0 0.302246 0.837441 0.008789 0.012911
0 0.333008 0.850939 0.009766 0.011737
0 0.388672 0.860915 0.007812 0.015258
0 0.396973 0.850939 0.006836 0.014085
0 0.409668 0.834507 0.006836 0.011737
0 0.419434 0.831573 0.008789 0.012911
0 0.395508 0.815141 0.007812 0.010563
0 0.382324 0.826291 0.006836 0.009390
0 0.373535 0.816315 0.006836 0.010563
0 0.371582 0.801056 0.006836 0.010563
0 0.363770 0.834507 0.008789 0.011737
0 0.307617 0.783451 0.009766 0.015258
0 0.286621 0.815728 0.010742 0.014085
0 0.435547 0.761737 0.007812 0.011737
0 0.423828 0.738850 0.003906 0.010563
0 0.410156 0.733568 0.005859 0.007042
0 0.452637 0.769953 0.006836 0.009390
0 0.299805 0.694836 0.005859 0.009390
0 0.380371 0.894953 0.010742 0.015258
0 0.389648 0.950117 0.011719 0.015258
0 0.406250 0.954812 0.011719 0.015258
0 0.397949 0.938380 0.012695 0.015258
0 0.360352 0.933099 0.009766 0.011737
0 0.153809 0.883803 0.010742 0.011737
0 0.130371 0.874413 0.008789 0.011737
0 0.214355 0.893779 0.008789 0.012911
0 0.238770 0.885563 0.010742 0.015258
0 0.223145 0.928991 0.012695 0.015258
0 0.290527 0.877934 0.010742 0.014085
0 0.414551 0.758803 0.006836 0.008216
0 0.470215 0.778756 0.006836 0.010563
0 0.461426 0.794014 0.008789 0.010563
0 0.482910 0.822770 0.008789 0.011737
0 0.500977 0.828052 0.009766 0.012911
0 0.514160 0.876174 0.008789 0.012911
0 0.527344 0.879695 0.009766 0.012911
0 0.531738 0.851526 0.006836 0.010563
0 0.524414 0.860915 0.007812 0.010563
0 0.496582 0.870892 0.010742 0.016432
0 0.591309 0.894953 0.006836 0.010563
0 0.580566 0.875000 0.006836 0.010563
0 0.573730 0.862089 0.006836 0.010563
0 0.589355 0.865023 0.006836 0.009390
0 0.575195 0.850352 0.005859 0.010563
0 0.586914 0.844484 0.005859 0.010563
0 0.581055 0.828638 0.005859 0.009390
0 0.582031 0.840376 0.005859 0.009390
0 0.567871 0.840962 0.006836 0.010563
0 0.554199 0.847418 0.006836 0.009390
0 0.534668 0.845070 0.006836 0.009390
0 0.547363 0.835094 0.006836 0.010563
0 0.550781 0.826291 0.005859 0.009390
0 0.569824 0.801643 0.006836 0.009390
0 0.581055 0.801643 0.005859 0.009390
0 0.581543 0.813380 0.006836 0.009390
0 0.539551 0.784038 0.006836 0.009390
0 0.503418 0.818075 0.006836 0.009390
0 0.500488 0.808099 0.006836 0.008216
0 0.484863 0.803404 0.006836 0.010563
0 0.511719 0.810446 0.005859 0.008216
0 0.517578 0.796948 0.005859 0.009390
0 0.507324 0.796362 0.006836 0.010563
0 0.472168 0.767606 0.006836 0.009390
0 0.484375 0.761150 0.005859 0.008216
0 0.473633 0.747066 0.005859 0.008216
0 0.533203 0.754695 0.005859 0.007042
0 0.548340 0.768192 0.006836 0.008216
0 0.557617 0.799883 0.007812 0.010563
0 0.573242 0.774061 0.007812 0.010563
0 0.512207 0.771714 0.006836 0.008216
0 0.350586 0.793427 0.009766 0.011737
0 0.495117 0.789319 0.007812 0.010563
0 0.289062 0.841549 0.007812 0.011737
0 0.352051 0.840962 0.006836 0.010563
0 0.318359 0.823944 0.007812 0.011737
0 0.357910 0.877934 0.008789 0.011737
0 0.509277 0.901995 0.010742 0.015258
0 0.589844 0.963028 0.009766 0.012911
0 0.595215 0.951878 0.006836 0.009390
0 0.604492 0.956573 0.007812 0.014085
0 0.586914 0.981808 0.009766 0.015258
0 0.592773 0.983568 0.009766 0.016432
0 0.608887 0.978286 0.010742 0.015258
0 0.617188 0.979460 0.009766 0.012911
0 0.632812 0.982394 0.009766 0.014085
0 0.643066 0.993545 0.008789 0.012911
0 0.656250 0.995305 0.009766 0.009390
0 0.647461 0.964789 0.007812 0.009390
0 0.666992 0.971244 0.005859 0.010563
0 0.659180 0.961854 0.007812 0.012911
0 0.635742 0.948944 0.009766 0.010563
0 0.613770 0.936620 0.008789 0.011737
0 0.608887 0.949531 0.008789 0.011737
0 0.606445 0.900235 0.007812 0.009390
0 0.598633 0.887324 0.007812 0.007042
0 0.609375 0.887324 0.007812 0.007042
0 0.623047 0.903756 0.009766 0.014085
0 0.643066 0.909038 0.006836 0.008216
0 0.658691 0.895540 0.006836 0.009390
0 0.670898 0.900235 0.005859 0.009390
0 0.658203 0.926643 0.007812 0.010563
0 0.671875 0.930164 0.007812 0.010563
0 0.681152 0.919601 0.006836 0.010563
0 0.605469 0.876761 0.007812 0.009390
0 0.611816 0.857981 0.006836 0.009390
0 0.600586 0.845070 0.007812 0.009390
0 0.615723 0.843310 0.006836 0.008216
0 0.605957 0.834507 0.006836 0.009390
0 0.596191 0.830986 0.006836 0.009390
0 0.595215 0.821009 0.006836 0.010563
0 0.625488 0.875587 0.006836 0.009390
0 0.640625 0.858568 0.005859 0.010563
0 0.652344 0.869718 0.005859 0.009390
0 0.630859 0.850352 0.005859 0.008216
0 0.637207 0.841549 0.006836 0.009390
0 0.659668 0.828052 0.006836 0.010563
0 0.642578 0.829812 0.007812 0.009390
0 0.652832 0.844484 0.008789 0.010563
0 0.657715 0.882629 0.006836 0.009390
0 0.695312 0.901408 0.007812 0.011737
0 0.694824 0.937207 0.008789 0.010563
0 0.711426 0.947183 0.008789 0.011737
0 0.726562 0.966549 0.009766 0.012911
0 0.729004 0.946009 0.008789 0.011737
0 0.743652 0.946009 0.006836 0.011737
0 0.722168 0.924296 0.006836 0.010563
0 0.730957 0.932512 0.006836 0.008216
0 0.761719 0.970657 0.007812 0.009390
0 0.745117 0.920188 0.007812 0.011737
0 0.717773 0.909038 0.007812 0.010563
0 0.675781 0.887324 0.007812 0.009390
0 0.680664 0.876174 0.007812 0.010563
0 0.689941 0.865610 0.006836 0.008216
0 0.665527 0.840962 0.006836 0.008216
0 0.668457 0.862089 0.006836 0.008216
0 0.658691 0.801056 0.006836 0.008216
0 0.637207 0.805751 0.006836 0.008216
0 0.653320 0.816901 0.007812 0.009390
0 0.681152 0.838028 0.004883 0.007042
0 0.684082 0.849178 0.006836 0.008216
0 0.687012 0.853873 0.006836 0.008216
0 0.705566 0.878521 0.006836 0.008216
0 0.718750 0.877934 0.007812 0.009390
0 0.706055 0.895540 0.007812 0.011737
0 0.708496 0.939554 0.008789 0.012911
0 0.738770 0.880282 0.006836 0.009390
0 0.735840 0.866197 0.006836 0.009390
0 0.747070 0.903169 0.007812 0.012911
0 0.760254 0.894953 0.006836 0.008216
0 0.773438 0.903169 0.007812 0.008216
0 0.785156 0.912559 0.007812 0.012911
0 0.790527 0.904930 0.006836 0.009390
0 0.785645 0.948357 0.006836 0.009390
0 0.780273 0.961268 0.007812 0.009390
0 0.780273 0.971831 0.009766 0.011737
0 0.797852 0.974765 0.007812 0.012911
0 0.776367 0.914319 0.007812 0.009390
0 0.771484 0.928404 0.005859 0.009390
0 0.769531 0.957746 0.007812 0.011737
0 0.681641 0.801643 0.007812 0.009390
0 0.707520 0.828638 0.006836 0.009390
0 0.728516 0.897300 0.007812 0.010563
0 0.577148 0.890845 0.009766 0.011737
0 0.608398 0.824531 0.007812 0.008216
0 0.613281 0.784038 0.007812 0.009390
0 0.611328 0.809272 0.007812 0.010563
0 0.525879 0.817488 0.010742 0.012911
0 0.698730 0.802230 0.008789 0.010563
0 0.711914 0.857981 0.007812 0.009390
0 0.776367 0.985915 0.007812 0.009390
0 0.793457 0.988263 0.008789 0.011737
0 0.814941 0.989437 0.008789 0.011737
0 0.828613 0.974765 0.006836 0.010563
0 0.837891 0.977700 0.007812 0.009390
0 0.860352 0.984155 0.007812 0.010563
0 0.882324 0.959507 0.006836 0.010563
0 0.851074 0.946009 0.006836 0.009390
0 0.865723 0.949531 0.006836 0.009390
0 0.874512 0.945423 0.006836 0.008216
0 0.811523 0.960094 0.009766 0.011737
0 0.822266 0.961854 0.007812 0.010563
0 0.815918 0.943662 0.006836 0.009390
0 0.831543 0.923122 0.006836 0.010563
0 0.823730 0.919014 0.006836 0.009390
0 0.839844 0.916080 0.007812 0.010563
0 0.836914 0.933099 0.007812 0.011737
0 0.851074 0.934859 0.006836 0.008216
0 0.863281 0.928991 0.007812 0.010563
0 0.867188 0.919601 0.005859 0.008216
0 0.877441 0.916667 0.006836 0.009390
0 0.894043 0.910798 0.006836 0.009390
0 0.887207 0.945423 0.008789 0.010563
0 0.903809 0.963615 0.008789 0.011737
0 0.875977 0.973005 0.005859 0.007042
0 0.884277 0.975352 0.006836 0.009390
0 0.909668 0.945423 0.006836 0.010563
0 0.940918 0.958920 0.008789 0.011737
0 0.945801 0.924883 0.006836 0.009390
0 0.804199 0.910211 0.006836 0.010563
0 0.916504 0.934859 0.006836 0.010563
0 0.859375 0.892606 0.007812 0.010563
0 0.833008 0.943075 0.007812 0.010563
0 0.812012 0.930164 0.006836 0.008216
0 0.953613 0.921948 0.006836 0.010563
0 0.848633 0.896714 0.005859 0.009390
0 0.599121 0.785211 0.006836 0.009390
0 0.585449 0.774061 0.006836 0.008216
0 0.588867 0.796948 0.007812 0.011737
0 0.633301 0.820423 0.006836 0.009390
0 0.645996 0.809859 0.006836 0.009390
0 0.721680 0.821009 0.007812 0.010563
0 0.752441 0.839789 0.006836 0.008216
0 0.797363 0.870892 0.006836 0.009390
0 0.821289 0.875000 0.007812 0.010563
0 0.854492 0.856221 0.007812 0.010563
0 0.809082 0.854460 0.006836 0.009390
0 0.735840 0.849765 0.006836 0.009390
0 0.837402 0.873826 0.006836 0.010563
0 0.868652 0.877347 0.006836 0.008216
0 0.787598 0.831573 0.006836 0.010563
0 0.958008 0.964202 0.007812 0.010563
0 0.814453 0.826878 0.003906 0.005869
0 0.825195 0.824531 0.003906 0.005869
0 0.835449 0.828052 0.004883 0.005869
0 0.986328 0.941901 0.007812 0.010563
0 0.967773 0.991197 0.009766 0.012911
0 0.997070 0.994131 0.005859 0.011737
0 0.985840 0.962441 0.008789 0.011737
0 0.981445 0.911385 0.007812 0.010563
0 0.975098 0.919601 0.008789 0.012911
0 0.782715 0.880282 0.004883 0.007042
0 0.778809 0.852113 0.004883 0.007042
0 0.750000 0.879695 0.005859 0.008216
0 0.751465 0.870892 0.004883 0.007042
0 0.759277 0.856808 0.004883 0.007042
0 0.760254 0.876761 0.004883 0.007042
0 0.767578 0.898474 0.005859 0.008216
0 0.776367 0.897887 0.005859 0.009390
0 0.819336 0.887324 0.005859 0.009390
0 0.805664 0.849178 0.005859 0.008216
0 0.845703 0.842723 0.005859 0.007042
0 0.337402 0.768779 0.006836 0.014085
