0 0.886719 0.538396 0.019531 0.035836
0 0.881836 0.448805 0.019531 0.040956
0 0.813477 0.483788 0.019531 0.032423
0 0.797852 0.436860 0.017578 0.037543
0 0.764648 0.445392 0.019531 0.044369
0 0.772461 0.613481 0.019531 0.042662
0 0.692383 0.583618 0.021484 0.044369
0 0.709961 0.451365 0.017578 0.035836
0 0.746582 0.441126 0.014648 0.039249
0 0.719238 0.440273 0.016602 0.037543
0 0.675781 0.446246 0.021484 0.035836
0 0.656738 0.462457 0.018555 0.037543
0 0.650391 0.590444 0.023438 0.044369
0 0.582031 0.616041 0.025391 0.037543
0 0.609863 0.688567 0.024414 0.049488
0 0.607910 0.466724 0.018555 0.039249
0 0.554688 0.469283 0.015625 0.034130
0 0.547852 0.438567 0.017578 0.037543
0 0.513672 0.436007 0.017578 0.039249
0 0.502441 0.470990 0.016602 0.034130
0 0.475586 0.454778 0.017578 0.039249
0 0.453613 0.447099 0.018555 0.037543
0 0.434570 0.415529 0.019531 0.039249
0 0.509766 0.594710 0.019531 0.042662
0 0.515137 0.670648 0.022461 0.047782
0 0.476074 0.651024 0.024414 0.042662
0 0.444824 0.656143 0.022461 0.042662
0 0.394043 0.517918 0.020508 0.042662
0 0.352539 0.447952 0.019531 0.039249
0 0.305176 0.432594 0.020508 0.039249
0 0.261230 0.428328 0.020508 0.040956
0 0.288086 0.578498 0.021484 0.044369
0 0.351074 0.593857 0.022461 0.044369
0 0.396973 0.653584 0.020508 0.044369
0 0.328613 0.663823 0.022461 0.044369
0 0.241699 0.418942 0.020508 0.042662
0 0.209961 0.406997 0.017578 0.035836
0 0.179688 0.447099 0.015625 0.037543
0 0.165527 0.453925 0.014648 0.037543
0 0.200195 0.647611 0.021484 0.046075
0 0.240234 0.645051 0.023438 0.047782
0 0.169434 0.664676 0.024414 0.052901
0 0.107422 0.658703 0.027344 0.051195
0 0.959961 0.287543 0.005859 0.011945
0 0.931152 0.301195 0.006836 0.015358
0 0.883301 0.304608 0.004883 0.011945
0 0.864746 0.278157 0.004883 0.010239
0 0.841797 0.238908 0.003906 0.010239
0 0.772461 0.320819 0.003906 0.010239
0 0.822754 0.344710 0.004883 0.010239
0 0.754395 0.324232 0.004883 0.010239
0 0.748047 0.294369 0.003906 0.011945
0 0.729492 0.372867 0.005859 0.011945
0 0.711426 0.375427 0.004883 0.010239
0 0.687988 0.376280 0.004883 0.008532
0 0.641113 0.337031 0.004883 0.011945
0 0.618652 0.338737 0.004883 0.011945
0 0.564941 0.372867 0.004883 0.015358
0 0.544434 0.351536 0.004883 0.010239
0 0.526855 0.366894 0.004883 0.010239
0 0.464355 0.333618 0.004883 0.011945
0 0.433105 0.327645 0.004883 0.010239
0 0.447754 0.348976 0.004883 0.008532
0 0.407715 0.356655 0.004883 0.010239
0 0.398438 0.332765 0.005859 0.013652
0 0.405762 0.318259 0.004883 0.011945
0 0.417480 0.321672 0.004883 0.011945
0 0.388672 0.339590 0.003906 0.010239
0 0.355957 0.362628 0.004883 0.011945
0 0.383789 0.310580 0.005859 0.010239
0 0.387695 0.296075 0.003906 0.008532
0 0.405273 0.301195 0.005859 0.011945
0 0.444824 0.291809 0.004883 0.010239
0 0.558594 0.315700 0.005859 0.010239
0 0.542480 0.314846 0.002930 0.008532
0 0.522949 0.326792 0.004883 0.008532
0 0.503418 0.314846 0.002930 0.008532
0 0.490723 0.360068 0.004883 0.010239
0 0.513672 0.383959 0.003906 0.010239
0 0.590332 0.291809 0.004883 0.010239
0 0.640137 0.278157 0.004883 0.006826
0 0.605469 0.287543 0.003906 0.008532
0 0.720703 0.290102 0.003906 0.010239
0 0.426270 0.259386 0.004883 0.010239
0 0.166016 0.351536 0.011719 0.027304
0 0.315430 0.376280 0.005859 0.011945
