0 0.028320 0.212891 0.009766 0.014323
0 0.046875 0.165365 0.009766 0.015625
0 0.055664 0.209635 0.007812 0.013021
0 0.022461 0.054036 0.007812 0.011719
0 0.004883 0.133464 0.007812 0.014323
0 0.135254 0.243490 0.010742 0.013021
0 0.143555 0.151693 0.007812 0.011719
0 0.161133 0.132161 0.009766 0.014323
0 0.134766 0.106771 0.007812 0.013021
0 0.088867 0.167318 0.007812 0.011719
0 0.050293 0.039714 0.008789 0.014323
0 0.111328 0.164714 0.009766 0.011719
0 0.172363 0.180990 0.006836 0.013021
0 0.262695 0.199219 0.007812 0.013021
0 0.306641 0.204427 0.007812 0.013021
0 0.339844 0.211589 0.007812 0.014323
0 0.021973 0.173177 0.006836 0.013021
0 0.289551 0.067057 0.006836 0.011719
0 0.357422 0.253906 0.009766 0.018229
0 0.273438 0.022135 0.007812 0.010417
0 0.299805 0.025391 0.009766 0.014323
0 0.314941 0.070964 0.008789 0.011719
0 0.360840 0.069661 0.006836 0.019531
0 0.321289 0.093750 0.007812 0.013021
0 0.339355 0.129557 0.006836 0.014323
0 0.358398 0.162760 0.009766 0.013021
0 0.397949 0.168620 0.006836 0.011719
0 0.401855 0.212891 0.008789 0.014323
0 0.438477 0.280599 0.009766 0.014323
0 0.388672 0.074219 0.007812 0.013021
0 0.471191 0.044271 0.006836 0.013021
0 0.432129 0.219401 0.008789 0.014323
0 0.467285 0.212891 0.008789 0.016927
0 0.434570 0.167318 0.009766 0.014323
0 0.469238 0.083333 0.008789 0.015625
0 0.469238 0.106771 0.008789 0.013021
0 0.457031 0.132161 0.009766 0.014323
0 0.471191 0.165365 0.008789 0.013021
0 0.503906 0.049479 0.007812 0.010417
0 0.537109 0.044922 0.007812 0.014323
0 0.547852 0.078776 0.007812 0.011719
0 0.533203 0.231771 0.007812 0.013021
0 0.494629 0.139323 0.008789 0.013021
0 0.494141 0.104167 0.007812 0.010417
0 0.531250 0.109375 0.007812 0.013021
0 0.560547 0.336589 0.009766 0.014323
0 0.642090 0.368490 0.010742 0.013021
0 0.680176 0.319661 0.008789 0.014323
0 0.634277 0.287760 0.010742 0.015625
0 0.580566 0.281250 0.006836 0.010417
0 0.601074 0.284505 0.008789 0.014323
0 0.530273 0.146484 0.009766 0.014323
0 0.557617 0.180339 0.009766 0.014323
0 0.556152 0.244792 0.010742 0.015625
0 0.575684 0.261068 0.008789 0.014323
0 0.576660 0.149089 0.008789 0.011719
0 0.738770 0.322266 0.008789 0.016927
0 0.808594 0.171224 0.007812 0.014323
0 0.829590 0.187500 0.008789 0.015625
0 0.834473 0.159505 0.008789 0.011719
0 0.755859 0.192708 0.009766 0.015625
0 0.729004 0.190104 0.008789 0.013021
0 0.783691 0.259115 0.006836 0.013021
0 0.824219 0.259115 0.007812 0.015625
0 0.707520 0.328125 0.008789 0.013021
0 0.401367 0.032552 0.007812 0.013021
0 0.443359 0.041667 0.009766 0.013021
0 0.564453 0.018229 0.007812 0.013021
0 0.590820 0.093099 0.007812 0.014323
0 0.562988 0.112630 0.010742 0.016927
0 0.644531 0.124349 0.007812 0.014323
0 0.613770 0.115234 0.008789 0.014323
0 0.582520 0.063802 0.008789 0.013021
0 0.605469 0.059245 0.007812 0.014323
0 0.626953 0.022135 0.007812 0.013021
0 0.771973 0.138672 0.010742 0.014323
0 0.795898 0.132161 0.009766 0.014323
0 0.795898 0.092448 0.007812 0.013021
0 0.810547 0.048828 0.007812 0.014323
0 0.863281 0.155599 0.007812 0.014323
0 0.889648 0.173828 0.007812 0.014323
0 0.916016 0.216146 0.009766 0.013021
0 0.892578 0.214193 0.007812 0.014323
0 0.869141 0.117188 0.007812 0.010417
0 0.900879 0.084635 0.008789 0.015625
0 0.895508 0.125000 0.009766 0.013021
0 0.924316 0.136068 0.008789 0.014323
0 0.050293 0.311849 0.012695 0.019531
0 0.011719 0.280599 0.009766 0.016927
0 0.037109 0.281250 0.011719 0.013021
0 0.916504 0.176432 0.008789 0.014323
0 0.939941 0.094401 0.008789 0.016927
0 0.972656 0.111328 0.009766 0.014323
0 0.943359 0.145833 0.007812 0.013021
0 0.952637 0.195312 0.006836 0.013021
0 0.972656 0.197917 0.009766 0.015625
0 0.986328 0.171224 0.007812 0.011719
0 0.972168 0.057943 0.008789 0.011719
0 0.939941 0.061198 0.010742 0.015625
0 0.958496 0.029297 0.008789 0.011719
0 0.975586 0.028646 0.009766 0.013021
0 0.888184 0.053385 0.008789 0.013021
0 0.807129 0.108724 0.006836 0.011719
0 0.845703 0.111979 0.007812 0.013021
0 0.967773 0.269531 0.009766 0.013021
0 0.972168 0.304688 0.010742 0.013021
0 0.930176 0.449219 0.010742 0.015625
0 0.875488 0.385417 0.010742 0.015625
0 0.906738 0.384766 0.008789 0.011719
0 0.851562 0.446615 0.011719 0.018229
0 0.452637 0.325521 0.008789 0.015625
0 0.302734 0.398438 0.009766 0.015625
0 0.740723 0.509766 0.008789 0.016927
0 0.696289 0.472005 0.011719 0.016927
0 0.464844 0.527995 0.013672 0.019531
0 0.406250 0.598307 0.009766 0.016927
0 0.509766 0.591797 0.007812 0.014323
0 0.484863 0.303385 0.010742 0.015625
0 0.984375 0.499349 0.011719 0.019531
0 0.366211 0.222656 0.009766 0.015625
0 0.506836 0.216146 0.011719 0.020833
0 0.159180 0.233073 0.009766 0.018229
0 0.189941 0.224609 0.006836 0.016927
0 0.206543 0.218750 0.010742 0.015625
0 0.238281 0.210286 0.007812 0.014323
0 0.113281 0.101562 0.009766 0.018229
