0 0.103027 0.723475 0.038086 0.057029
0 0.094727 0.625995 0.033203 0.066313
0 0.236816 0.442308 0.008789 0.014589
0 0.283203 0.498674 0.009766 0.021220
0 0.188965 0.422414 0.008789 0.014589
0 0.032715 0.366711 0.008789 0.011936
0 0.164062 0.419098 0.011719 0.013263
0 0.953613 0.376658 0.006836 0.010610
0 0.930664 0.377984 0.005859 0.010610
0 0.970215 0.381963 0.004883 0.007958
0 0.897949 0.366711 0.006836 0.009284
0 0.870605 0.366711 0.006836 0.011936
0 0.982422 0.360080 0.005859 0.011936
0 0.972656 0.344164 0.005859 0.009284
0 0.072754 0.496684 0.014648 0.033156
0 0.184570 0.551061 0.015625 0.033156
0 0.227051 0.584218 0.014648 0.027851
0 0.105957 0.424403 0.010742 0.018568
0 0.085938 0.403183 0.011719 0.021220
0 0.187988 0.472149 0.010742 0.026525
0 0.237305 0.503979 0.011719 0.023873
0 0.786621 0.364721 0.006836 0.013263
0 0.753418 0.336870 0.006836 0.010610
0 0.052246 0.565650 0.020508 0.041114
0 0.140625 0.419761 0.011719 0.019894
0 0.282715 0.663130 0.016602 0.037135
0 0.430664 0.679045 0.015625 0.021220
