0 0.099609 0.015962 0.062500 0.028169
0 0.042969 0.390610 0.060547 0.073239
0 0.276855 0.096244 0.061523 0.091080
0 0.231445 0.393897 0.046875 0.092958
0 0.409668 0.194836 0.079102 0.126761
0 0.455078 0.194836 0.041016 0.062911
0 0.542480 0.165728 0.063477 0.076056
0 0.588867 0.129577 0.062500 0.069484
0 0.622559 0.177934 0.065430 0.081690
0 0.664062 0.026291 0.046875 0.052582
0 0.740234 0.129108 0.070312 0.081690
0 0.649902 0.463850 0.049805 0.084507
0 0.519531 0.517371 0.064453 0.073239
0 0.313477 0.476526 0.058594 0.081690
0 0.744629 0.659155 0.071289 0.078873
0 0.248535 0.578873 0.063477 0.087324
0 0.667480 0.180751 0.041992 0.076056
0 0.859863 0.093427 0.041992 0.068545
