0 0.117676 0.245774 0.040039 0.075423
0 0.242676 0.261378 0.034180 0.059818
0 0.346680 0.256177 0.035156 0.065020
0 0.444336 0.239922 0.031250 0.058518
0 0.534668 0.231469 0.028320 0.067620
0 0.619141 0.246424 0.035156 0.053316
0 0.723145 0.254876 0.030273 0.065020
0 0.828125 0.290637 0.027344 0.058518
0 0.775391 0.433680 0.033203 0.063719
0 0.656250 0.427178 0.035156 0.063719
0 0.544434 0.415475 0.036133 0.071521
0 0.413086 0.414824 0.037109 0.070221
0 0.297852 0.423277 0.037109 0.068921
0 0.185547 0.440832 0.035156 0.062419
