0 0.770508 0.105793 0.029297 0.047859
0 0.882324 0.081234 0.026367 0.051637
0 0.991699 0.090050 0.014648 0.044081
0 0.993652 0.178841 0.012695 0.047859
0 0.974121 0.245592 0.030273 0.055416
0 0.875977 0.157431 0.029297 0.052897
0 0.844727 0.362720 0.025391 0.045340
0 0.669922 0.027708 0.023438 0.042821
0 0.569824 0.090680 0.026367 0.052897
0 0.641113 0.159950 0.024414 0.047859
0 0.753418 0.260076 0.028320 0.056675
0 0.732910 0.258816 0.024414 0.046599
0 0.672852 0.156801 0.019531 0.036524
0 0.635742 0.256297 0.027344 0.051637
0 0.643555 0.347607 0.027344 0.047859
0 0.388672 0.183879 0.025391 0.042821
0 0.541504 0.179471 0.024414 0.039043
0 0.549805 0.265113 0.023438 0.049118
0 0.456543 0.264484 0.026367 0.047859
0 0.540039 0.354534 0.025391 0.056675
0 0.559570 0.424433 0.027344 0.057935
0 0.425293 0.357053 0.028320 0.051637
0 0.555664 0.545340 0.027344 0.037783
0 0.578125 0.635390 0.031250 0.056675
0 0.408203 0.549748 0.029297 0.059194
0 0.465820 0.729849 0.031250 0.059194
0 0.431152 0.738665 0.032227 0.061713
0 0.586914 0.735516 0.033203 0.062972
0 0.947266 0.427582 0.033203 0.061713
0 0.844238 0.442695 0.026367 0.054156
0 0.887695 0.546599 0.029297 0.042821
0 0.922363 0.664987 0.028320 0.062972
0 0.770020 0.518892 0.032227 0.052897
0 0.834961 0.617758 0.033203 0.056675
0 0.832520 0.753149 0.032227 0.065491
0 0.966797 0.767632 0.027344 0.061713
0 0.729004 0.644207 0.032227 0.064232
0 0.777832 0.608942 0.008789 0.016373
0 0.669434 0.535894 0.028320 0.041562
0 0.686523 0.651134 0.029297 0.057935
0 0.691406 0.801637 0.035156 0.064232
0 0.236816 0.018892 0.022461 0.037783
0 0.009766 0.071788 0.017578 0.047859
0 0.008789 0.255668 0.015625 0.045340
0 0.118652 0.088791 0.018555 0.044081
0 0.041016 0.187028 0.023438 0.046599
0 0.141113 0.176322 0.028320 0.047859
0 0.266113 0.164987 0.024414 0.040302
0 0.310059 0.240554 0.028320 0.052897
0 0.224121 0.318010 0.026367 0.051637
0 0.319336 0.336272 0.029297 0.050378
0 0.286133 0.411839 0.027344 0.050378
0 0.104492 0.280227 0.023438 0.049118
0 0.104980 0.331864 0.028320 0.054156
0 0.026855 0.428212 0.028320 0.050378
0 0.076660 0.429471 0.026367 0.042821
0 0.066895 0.647985 0.026367 0.054156
0 0.205078 0.615239 0.029297 0.056675
0 0.313965 0.630353 0.028320 0.051637
0 0.300781 0.723552 0.035156 0.064232
0 0.172363 0.754408 0.034180 0.065491
0 0.072754 0.740554 0.028320 0.057935
0 0.024414 0.729849 0.031250 0.059194
0 0.336914 0.530856 0.029297 0.054156
0 0.182617 0.533375 0.027344 0.046599
0 0.350098 0.734887 0.032227 0.056675
