0 0.606934 0.770619 0.008789 0.022337
0 0.737305 0.695876 0.011719 0.024055
0 0.755859 0.775773 0.013672 0.032646
0 0.796875 0.697595 0.009766 0.027491
0 0.796387 0.823024 0.018555 0.037801
0 0.786621 0.891753 0.020508 0.051546
0 0.852051 0.887457 0.020508 0.046392
0 0.893555 0.878866 0.023438 0.049828
0 0.853027 0.817010 0.016602 0.032646
0 0.824219 0.821306 0.017578 0.030928
0 0.883301 0.762887 0.014648 0.027491
0 0.867676 0.750000 0.012695 0.025773
0 0.845215 0.732818 0.010742 0.022337
0 0.900391 0.652062 0.013672 0.029210
0 0.834961 0.668385 0.007812 0.020619
0 0.836426 0.702749 0.012695 0.027491
0 0.809570 0.707045 0.013672 0.022337
0 0.811523 0.676976 0.011719 0.024055
0 0.796387 0.652921 0.008789 0.017182
0 0.766113 0.709622 0.010742 0.024055
0 0.938965 0.733677 0.016602 0.030928
0 0.960938 0.661512 0.013672 0.024055
0 0.962402 0.590206 0.010742 0.018900
0 0.946289 0.804124 0.017578 0.034364
0 0.945312 0.877148 0.025391 0.056701
0 0.934570 0.936426 0.025391 0.051546
0 0.900391 0.737113 0.015625 0.030928
0 0.666992 0.329897 0.046875 0.106529
0 0.133789 0.868557 0.015625 0.029210
0 0.174316 0.826460 0.012695 0.027491
0 0.168457 0.862543 0.014648 0.034364
0 0.214844 0.874570 0.011719 0.030928
0 0.230957 0.870275 0.012695 0.029210
0 0.251465 0.821306 0.010742 0.020619
0 0.304688 0.797251 0.021484 0.048110
0 0.333008 0.829038 0.013672 0.025773
0 0.356934 0.889175 0.016602 0.032646
0 0.383789 0.835052 0.009766 0.027491
0 0.421875 0.851375 0.046875 0.111684
0 0.487793 0.895189 0.020508 0.037801
0 0.528809 0.761168 0.012695 0.030928
0 0.548340 0.832474 0.012695 0.029210
0 0.573242 0.856529 0.019531 0.042955
0 0.538574 0.892612 0.018555 0.042955
0 0.584473 0.828179 0.012695 0.030928
0 0.053711 0.789519 0.011719 0.029210
0 0.116699 0.780069 0.008789 0.020619
0 0.135742 0.780928 0.011719 0.022337
0 0.160645 0.743986 0.008789 0.020619
0 0.168457 0.776632 0.010742 0.020619
0 0.178223 0.744845 0.006836 0.018900
0 0.197754 0.746564 0.008789 0.018900
0 0.202148 0.725945 0.007812 0.018900
0 0.108887 0.865120 0.014648 0.025773
0 0.216797 0.821306 0.011719 0.020619
0 0.230469 0.836770 0.011719 0.024055
0 0.233398 0.789519 0.009766 0.018900
0 0.250000 0.761168 0.007812 0.013746
0 0.216309 0.728522 0.008789 0.017182
0 0.244141 0.717354 0.007812 0.015464
0 0.354004 0.743127 0.010742 0.022337
0 0.388184 0.742268 0.008789 0.017182
0 0.355957 0.785223 0.008789 0.017182
0 0.380859 0.773196 0.007812 0.017182
0 0.402344 0.787801 0.013672 0.025773
0 0.421875 0.774055 0.013672 0.029210
0 0.423828 0.725086 0.007812 0.020619
0 0.392090 0.699313 0.008789 0.020619
0 0.410645 0.703608 0.008789 0.018900
0 0.401367 0.671821 0.007812 0.017182
0 0.446289 0.684708 0.007812 0.015464
0 0.446777 0.707904 0.008789 0.017182
0 0.457031 0.731100 0.007812 0.022337
0 0.458496 0.779210 0.010742 0.022337
0 0.464355 0.696735 0.006836 0.015464
0 0.479980 0.725086 0.008789 0.017182
0 0.469238 0.780069 0.010742 0.027491
0 0.494629 0.779210 0.010742 0.022337
0 0.482910 0.701031 0.008789 0.017182
0 0.478516 0.678694 0.007812 0.017182
0 0.454102 0.703608 0.007812 0.022337
0 0.497070 0.670962 0.007812 0.018900
0 0.503906 0.697595 0.007812 0.020619
0 0.510254 0.731100 0.008789 0.018900
0 0.529785 0.735395 0.010742 0.020619
0 0.547852 0.726804 0.009766 0.020619
0 0.537598 0.703608 0.008789 0.022337
0 0.548828 0.682990 0.007812 0.018900
0 0.517578 0.670962 0.007812 0.015464
0 0.543457 0.691581 0.008789 0.018900
0 0.496094 0.698454 0.009766 0.018900
0 0.355469 0.835052 0.011719 0.024055
0 0.320312 0.792955 0.009766 0.018900
0 0.425781 0.701890 0.009766 0.018900
0 0.463867 0.707045 0.007812 0.015464
0 0.564941 0.709622 0.008789 0.020619
0 0.571777 0.731959 0.010742 0.020619
0 0.576172 0.690722 0.009766 0.020619
0 0.516602 0.646907 0.007812 0.018900
0 0.562500 0.614261 0.007812 0.015464
0 0.580078 0.634880 0.007812 0.018900
0 0.585938 0.618557 0.007812 0.013746
0 0.611328 0.651203 0.007812 0.017182
0 0.549316 0.638316 0.006836 0.018900
0 0.588867 0.787801 0.009766 0.022337
0 0.753906 0.680412 0.009766 0.020619
0 0.758789 0.647766 0.009766 0.020619
0 0.738281 0.648625 0.007812 0.015464
0 0.746094 0.605670 0.007812 0.015464
0 0.725586 0.623711 0.007812 0.020619
0 0.737793 0.623711 0.008789 0.017182
0 0.768555 0.592784 0.009766 0.017182
0 0.768066 0.617698 0.008789 0.018900
0 0.754395 0.623711 0.008789 0.013746
0 0.765137 0.567010 0.006836 0.013746
0 0.786133 0.695876 0.007812 0.013746
0 0.793945 0.631443 0.007812 0.015464
0 0.788086 0.619416 0.007812 0.015464
0 0.819824 0.650344 0.008789 0.015464
0 0.825684 0.675258 0.006836 0.013746
0 0.829102 0.644330 0.007812 0.013746
0 0.852539 0.632302 0.007812 0.017182
0 0.869141 0.629725 0.009766 0.018900
0 0.877930 0.610825 0.007812 0.015464
0 0.893555 0.626289 0.007812 0.015464
0 0.901367 0.603952 0.007812 0.015464
0 0.915039 0.625430 0.007812 0.013746
0 0.884766 0.653780 0.007812 0.015464
0 0.889648 0.572165 0.007812 0.013746
0 0.871094 0.585052 0.009766 0.015464
0 0.912109 0.587629 0.007812 0.017182
0 0.833008 0.621993 0.007812 0.017182
0 0.831543 0.581615 0.006836 0.012027
0 0.904785 0.548110 0.008789 0.020619
0 0.777344 0.660653 0.007812 0.015464
0 0.790039 0.599656 0.007812 0.017182
0 0.791504 0.560137 0.006836 0.013746
0 0.833008 0.535223 0.007812 0.015464
0 0.847656 0.578179 0.007812 0.015464
0 0.848633 0.596220 0.007812 0.017182
0 0.927734 0.630584 0.007812 0.017182
0 0.792480 0.782646 0.014648 0.029210
0 0.815918 0.755155 0.010742 0.022337
0 0.923340 0.603093 0.010742 0.017182
0 0.935547 0.579897 0.009766 0.015464
0 0.954102 0.554124 0.007812 0.015464
0 0.922852 0.539519 0.000000 0.000000
0 0.926270 0.546392 0.006836 0.013746
0 0.931641 0.529210 0.007812 0.013746
0 0.926270 0.514605 0.006836 0.015464
0 0.926270 0.491409 0.006836 0.013746
0 0.923828 0.571306 0.007812 0.015464
0 0.941895 0.523196 0.006836 0.015464
0 0.947266 0.485395 0.007812 0.015464
0 0.963379 0.487113 0.008789 0.015464
0 0.966309 0.503436 0.006836 0.013746
0 0.991211 0.518041 0.007812 0.015464
0 0.990723 0.579897 0.008789 0.018900
0 0.948730 0.533505 0.008789 0.018900
0 0.984375 0.478522 0.007812 0.015464
0 0.964844 0.523196 0.007812 0.015464
0 0.742676 0.550687 0.006836 0.015464
0 0.771484 0.532646 0.005859 0.010309
0 0.772949 0.626289 0.006836 0.015464
0 0.818359 0.603093 0.007812 0.013746
0 0.827148 0.494845 0.007812 0.013746
0 0.869141 0.504296 0.005859 0.012027
0 0.880859 0.516323 0.005859 0.012027
0 0.849121 0.455326 0.006836 0.017182
0 0.925781 0.469072 0.005859 0.013746
0 0.883301 0.488832 0.006836 0.015464
0 0.867676 0.524914 0.006836 0.015464
0 0.848633 0.542096 0.007812 0.015464
0 0.909180 0.509450 0.007812 0.018900
0 0.931641 0.456186 0.007812 0.015464
0 0.943848 0.550687 0.006836 0.018900
0 0.783203 0.745704 0.013672 0.024055
0 0.486328 0.831615 0.013672 0.034364
0 0.526367 0.838488 0.013672 0.027491
0 0.576172 0.771478 0.013672 0.027491
0 0.459473 0.834192 0.014648 0.029210
0 0.240723 0.774914 0.008789 0.020619
0 0.270020 0.755155 0.006836 0.015464
0 0.541016 0.618557 0.009766 0.013746
0 0.937500 0.644330 0.007812 0.017182
0 0.981445 0.621993 0.009766 0.020619
0 0.776367 0.566151 0.005859 0.012027
0 0.867188 0.669244 0.011719 0.022337
0 0.857910 0.670103 0.010742 0.020619
0 0.844238 0.645189 0.008789 0.018900
0 0.809082 0.573024 0.008789 0.022337
0 0.010742 0.783505 0.013672 0.030928
0 0.107422 0.725945 0.011719 0.018900
0 0.190918 0.878007 0.012695 0.027491
0 0.283691 0.791237 0.010742 0.022337
