0 0.062500 0.575521 0.005859 0.010417
0 0.041504 0.545573 0.006836 0.013021
0 0.129395 0.596354 0.006836 0.013021
0 0.192871 0.565104 0.004883 0.010417
0 0.184570 0.546875 0.003906 0.007812
0 0.066895 0.565104 0.004883 0.007812
0 0.252441 0.636068 0.006836 0.014323
0 0.194824 0.630859 0.006836 0.011719
0 0.301270 0.636068 0.006836 0.011719
0 0.270020 0.587891 0.004883 0.009115
0 0.337402 0.824219 0.053711 0.083333
0 0.165527 0.694010 0.026367 0.039062
0 0.251465 0.669271 0.008789 0.018229
0 0.387695 0.656901 0.009766 0.016927
0 0.574219 0.805339 0.031250 0.058594
0 0.686035 0.909505 0.047852 0.115885
0 0.818848 0.634766 0.008789 0.014323
0 0.804688 0.647786 0.007812 0.014323
0 0.909180 0.625651 0.009766 0.014323
0 0.989258 0.619792 0.007812 0.013021
0 0.965820 0.746094 0.011719 0.020833
0 0.923828 0.775391 0.009766 0.016927
0 0.750488 0.750651 0.008789 0.019531
0 0.777832 0.652995 0.010742 0.011719
0 0.470703 0.643229 0.009766 0.015625
0 0.410156 0.641276 0.005859 0.014323
0 0.921387 0.552734 0.004883 0.009115
0 0.938965 0.559896 0.004883 0.007812
0 0.962402 0.554036 0.004883 0.009115
0 0.978027 0.557292 0.004883 0.007812
0 0.979492 0.536458 0.003906 0.007812
0 0.940430 0.529948 0.003906 0.007812
0 0.908203 0.548828 0.003906 0.006510
0 0.515137 0.514974 0.004883 0.006510
0 0.498535 0.506510 0.004883 0.007812
0 0.442871 0.506510 0.004883 0.007812
0 0.416992 0.509766 0.003906 0.006510
0 0.433594 0.513672 0.003906 0.006510
0 0.589355 0.497396 0.004883 0.007812
