0 0.040527 0.034091 0.067383 0.068182
0 0.219238 0.037587 0.063477 0.075175
0 0.472168 0.064685 0.045898 0.111888
0 0.539551 0.338287 0.059570 0.131119
0 0.012207 0.307692 0.024414 0.132867
0 0.248535 0.295455 0.055664 0.143357
0 0.241699 0.671329 0.061523 0.129371
0 0.022461 0.661713 0.044922 0.117133
0 0.223633 0.951923 0.062500 0.096154
0 0.500000 0.621503 0.050781 0.134615
0 0.702148 0.039336 0.056641 0.078671
0 0.904297 0.054196 0.064453 0.108392
0 0.833008 0.332168 0.066406 0.146853
0 0.892090 0.637238 0.069336 0.162587
0 0.699219 0.701049 0.058594 0.143357
0 0.832031 0.973776 0.048828 0.052448
0 0.897461 0.942308 0.007812 0.017483
