0 0.198242 0.750764 0.023438 0.018326
0 0.219727 0.744349 0.019531 0.018937
0 0.278320 0.747709 0.023438 0.017104
0 0.337402 0.743128 0.020508 0.016494
0 0.348633 0.700061 0.015625 0.013439
0 0.251953 0.690593 0.019531 0.015272
0 0.346191 0.672572 0.020508 0.014661
0 0.294922 0.651497 0.017578 0.012828
0 0.054688 0.661271 0.015625 0.012828
0 0.019531 0.678375 0.017578 0.022602
0 0.444824 0.646610 0.030273 0.021381
0 0.685547 0.743739 0.019531 0.015272
0 0.704102 0.693036 0.017578 0.015272
0 0.636230 0.661271 0.016602 0.012828
0 0.669922 0.661271 0.013672 0.012828
0 0.338867 0.618204 0.015625 0.009774
0 0.307129 0.616677 0.012695 0.010385
0 0.417969 0.614844 0.015625 0.011607
0 0.458496 0.621869 0.012695 0.009774
0 0.020508 0.444411 0.009766 0.007941
0 0.049805 0.447770 0.009766 0.007330
0 0.104492 0.450825 0.009766 0.007330
0 0.080078 0.450214 0.009766 0.007330
0 0.087891 0.434942 0.009766 0.007330
0 0.173828 0.452352 0.011719 0.009163
0 0.204102 0.460599 0.009766 0.007330
0 0.238770 0.457544 0.012695 0.009774
0 0.227539 0.434026 0.009766 0.006720
0 0.166504 0.430360 0.008789 0.006720
0 0.293457 0.465791 0.008789 0.006720
0 0.299316 0.482896 0.010742 0.007941
0 0.330078 0.483201 0.009766 0.007330
0 0.271484 0.492364 0.009766 0.008552
0 0.269043 0.480757 0.012695 0.007330
0 0.249023 0.479536 0.009766 0.007330
0 0.242676 0.496335 0.010742 0.007941
0 0.188477 0.476481 0.009766 0.008552
0 0.138184 0.474954 0.012695 0.009163
0 0.148926 0.501222 0.010742 0.007941
0 0.111816 0.477703 0.010742 0.009774
0 0.105957 0.492670 0.010742 0.007941
0 0.094238 0.501833 0.012695 0.007941
0 0.023926 0.499695 0.010742 0.008552
0 0.006348 0.468235 0.010742 0.007941
0 0.032715 0.468540 0.010742 0.008552
0 0.184082 0.502138 0.012695 0.008552
0 0.279785 0.506720 0.012695 0.009163
0 0.382812 0.522602 0.011719 0.010385
0 0.333008 0.537263 0.009766 0.007941
0 0.361816 0.550397 0.012695 0.009774
0 0.367676 0.562309 0.014648 0.010385
0 0.358398 0.523824 0.007812 0.007941
0 0.035645 0.367135 0.008789 0.007330
0 0.415527 0.579719 0.012695 0.009774
0 0.430176 0.594685 0.012695 0.010385
0 0.460938 0.604154 0.011719 0.008552
0 0.492676 0.601405 0.014648 0.010385
0 0.467285 0.590409 0.012695 0.009163
0 0.486328 0.584911 0.011719 0.009163
0 0.477539 0.567196 0.009766 0.007941
0 0.480957 0.540318 0.010742 0.007941
0 0.416992 0.535125 0.013672 0.009774
0 0.319824 0.561698 0.012695 0.010385
0 0.319824 0.579719 0.012695 0.009774
0 0.284668 0.580635 0.012695 0.010385
0 0.342773 0.598045 0.015625 0.010996
0 0.261719 0.612095 0.011719 0.012217
0 0.381348 0.599267 0.016602 0.010996
0 0.655762 0.624313 0.012695 0.009774
0 0.692871 0.622175 0.012695 0.009163
0 0.620605 0.623091 0.010742 0.007330
0 0.883789 0.686927 0.019531 0.014050
0 0.934570 0.695785 0.015625 0.012217
0 0.984863 0.715027 0.018555 0.014050
0 0.935547 0.729688 0.019531 0.012828
0 0.879883 0.733659 0.013672 0.010996
0 0.962402 0.679597 0.014648 0.010385
0 0.984375 0.696396 0.013672 0.012217
0 0.909668 0.664325 0.012695 0.009163
0 0.898926 0.626451 0.010742 0.007941
0 0.727051 0.626145 0.012695 0.009774
0 0.682617 0.606597 0.009766 0.008552
0 0.743652 0.589493 0.057617 0.032987
0 0.953125 0.624618 0.011719 0.010385
0 0.975098 0.629811 0.010742 0.008552
0 0.843262 0.607819 0.012695 0.009774
0 0.921875 0.621564 0.013672 0.010385
0 0.936035 0.594075 0.010742 0.007941
0 0.897949 0.591631 0.010742 0.007941
0 0.867188 0.593464 0.011719 0.007941
0 0.831543 0.578497 0.010742 0.008552
0 0.803223 0.576359 0.012695 0.009163
0 0.316895 0.412340 0.008789 0.006109
0 0.298828 0.408980 0.007812 0.005498
0 0.345215 0.414172 0.008789 0.004887
0 0.431641 0.430055 0.009766 0.007330
0 0.457520 0.413561 0.008789 0.007330
0 0.452637 0.397679 0.008789 0.004887
0 0.475098 0.398900 0.006836 0.006109
0 0.499512 0.397984 0.006836 0.005498
0 0.445312 0.385461 0.007812 0.004887
0 0.414062 0.468540 0.009766 0.007330
0 0.416992 0.457544 0.009766 0.007330
0 0.390137 0.458155 0.008789 0.006109
0 0.458008 0.472816 0.009766 0.007330
0 0.453125 0.464264 0.007812 0.004887
0 0.484863 0.474038 0.008789 0.007330
0 0.501953 0.474038 0.009766 0.007330
0 0.493652 0.464264 0.008789 0.007330
0 0.524902 0.468845 0.012695 0.009163
0 0.596191 0.444411 0.006836 0.005498
0 0.620117 0.445938 0.007812 0.004887
0 0.590820 0.433415 0.005859 0.003054
0 0.515137 0.493280 0.010742 0.009163
0 0.668457 0.500000 0.008789 0.006720
0 0.636719 0.520770 0.009766 0.007941
0 0.656738 0.520159 0.008789 0.006720
0 0.674805 0.493280 0.009766 0.006720
0 0.640137 0.461820 0.008789 0.007330
0 0.701172 0.507025 0.007812 0.007330
0 0.705566 0.492975 0.008789 0.006109
0 0.711426 0.485339 0.008789 0.006720
0 0.681641 0.524740 0.009766 0.008552
0 0.706543 0.529322 0.010742 0.007941
0 0.712402 0.514966 0.010742 0.007330
0 0.775391 0.507636 0.007812 0.004887
0 0.767090 0.487783 0.008789 0.006720
0 0.735840 0.517104 0.006836 0.005498
0 0.827148 0.510385 0.009766 0.006720
0 0.846680 0.510079 0.009766 0.006109
0 0.825684 0.527795 0.008789 0.006109
0 0.864258 0.568112 0.011719 0.008552
0 0.824219 0.567807 0.011719 0.007941
0 0.821777 0.553757 0.010742 0.006720
0 0.836426 0.543983 0.008789 0.006720
0 0.863770 0.543372 0.010742 0.007941
0 0.858398 0.531765 0.009766 0.005498
0 0.875977 0.531155 0.007812 0.006720
0 0.904785 0.533598 0.008789 0.006720
0 0.918457 0.548259 0.010742 0.006720
0 0.909180 0.557422 0.009766 0.006720
0 0.923828 0.567807 0.009766 0.007941
0 0.892578 0.573916 0.007812 0.005498
0 0.945801 0.580941 0.008789 0.007330
0 0.970215 0.595602 0.008789 0.007330
0 0.770508 0.552841 0.011719 0.008552
0 0.740234 0.549481 0.011719 0.007941
0 0.760742 0.567807 0.009766 0.006720
0 0.744141 0.510385 0.007812 0.006720
0 0.822266 0.482590 0.007812 0.006109
0 0.860352 0.491753 0.007812 0.006109
0 0.870117 0.486866 0.005859 0.004887
0 0.916504 0.485339 0.006836 0.006720
0 0.785645 0.472511 0.010742 0.006720
0 0.946289 0.549481 0.007812 0.007941
0 0.975586 0.550397 0.009766 0.007330
0 0.929688 0.532987 0.009766 0.006720
0 0.993652 0.680819 0.012695 0.011607
0 0.997070 0.697312 0.005859 0.014050
0 0.809570 0.470067 0.009766 0.006720
0 0.826172 0.460599 0.009766 0.007330
0 0.774414 0.450825 0.007812 0.006109
0 0.800781 0.443494 0.007812 0.006109
0 0.802734 0.462737 0.007812 0.005498
0 0.733398 0.446854 0.009766 0.006720
0 0.751465 0.441356 0.008789 0.005498
0 0.904297 0.466097 0.007812 0.006109
0 0.885254 0.457544 0.008789 0.006109
0 0.933105 0.458766 0.006836 0.006109
0 0.989746 0.482590 0.006836 0.004887
0 0.861816 0.474038 0.006836 0.004887
0 0.835449 0.478314 0.006836 0.004887
0 0.896484 0.438607 0.007812 0.006109
0 0.858398 0.437385 0.007812 0.004887
0 0.943359 0.458461 0.005859 0.004276
0 0.971680 0.458766 0.007812 0.006109
0 0.860352 0.464264 0.009766 0.007330
0 0.483398 0.419059 0.009766 0.007330
0 0.357910 0.400733 0.008789 0.006109
0 0.332031 0.394930 0.009766 0.006720
0 0.706055 0.442578 0.009766 0.007941
0 0.610352 0.491142 0.048828 0.032987
0 0.480957 0.431888 0.008789 0.006109
0 0.569336 0.486561 0.009766 0.007941
0 0.200684 0.522908 0.063477 0.034209
0 0.075684 0.605987 0.016602 0.010996
0 0.027344 0.609957 0.015625 0.011607
0 0.038086 0.589493 0.011719 0.009774
0 0.003906 0.568112 0.007812 0.009774
0 0.883789 0.558338 0.011719 0.008552
0 0.806152 0.529933 0.010742 0.007941
0 0.849121 0.556506 0.010742 0.007330
0 0.775391 0.425168 0.007812 0.006109
0 0.806641 0.425168 0.007812 0.006109
0 0.750000 0.424252 0.007812 0.005498
0 0.729004 0.432498 0.008789 0.006109
0 0.867188 0.430360 0.007812 0.006720
0 0.839844 0.430360 0.007812 0.006720
0 0.372559 0.578803 0.016602 0.011607
0 0.003418 0.656078 0.006836 0.013439
