0 0.483398 0.392578 0.041016 0.066406
0 0.548340 0.413411 0.016602 0.024740
0 0.587891 0.424479 0.027344 0.044271
0 0.617676 0.404948 0.014648 0.023438
0 0.198730 0.380859 0.024414 0.040365
0 0.436523 0.410807 0.019531 0.032552
0 0.743652 0.431641 0.020508 0.032552
0 0.801758 0.428385 0.013672 0.023438
0 0.855469 0.423177 0.015625 0.023438
0 0.812500 0.408203 0.013672 0.019531
0 0.794434 0.397786 0.012695 0.019531
0 0.934082 0.406901 0.008789 0.011719
0 0.709473 0.399740 0.008789 0.013021
0 0.065918 0.490885 0.008789 0.018229
0 0.078613 0.489583 0.008789 0.015625
0 0.140625 0.483724 0.007812 0.014323
0 0.155273 0.488932 0.005859 0.009115
0 0.125000 0.458984 0.007812 0.014323
0 0.117676 0.418620 0.004883 0.006510
0 0.155273 0.408854 0.005859 0.007812
0 0.028320 0.424479 0.005859 0.010417
0 0.059082 0.417318 0.006836 0.011719
0 0.111816 0.445312 0.006836 0.013021
0 0.239258 0.472005 0.005859 0.009115
0 0.245117 0.475911 0.005859 0.011719
0 0.257812 0.426432 0.005859 0.006510
0 0.279785 0.417318 0.006836 0.009115
0 0.293457 0.416016 0.004883 0.009115
0 0.302246 0.411458 0.004883 0.007812
0 0.345215 0.412109 0.006836 0.009115
0 0.989258 0.409505 0.005859 0.006510
0 0.961426 0.412109 0.004883 0.006510
0 0.005859 0.427734 0.007812 0.014323
