0 0.395508 0.324600 0.058594 0.107715
0 0.482910 0.289665 0.055664 0.113537
0 0.571289 0.334061 0.064453 0.106259
0 0.750977 0.436681 0.021484 0.034934
0 0.978516 0.439592 0.015625 0.017467
0 0.036133 0.377729 0.013672 0.024745
0 0.048340 0.365357 0.012695 0.017467
0 0.078125 0.376274 0.013672 0.018923
0 0.077637 0.398108 0.010742 0.021834
0 0.106934 0.428675 0.008789 0.013100
0 0.123047 0.387918 0.007812 0.018923
0 0.129395 0.385007 0.008789 0.018923
0 0.156738 0.390830 0.012695 0.021834
0 0.156738 0.377001 0.010742 0.014556
0 0.170898 0.382096 0.009766 0.016012
0 0.181152 0.399563 0.010742 0.018923
0 0.187500 0.425036 0.009766 0.014556
0 0.194336 0.388646 0.007812 0.017467
0 0.203125 0.403930 0.009766 0.016012
0 0.212402 0.394469 0.008789 0.017467
0 0.229492 0.427220 0.009766 0.018923
0 0.235352 0.416303 0.007812 0.017467
0 0.231934 0.389374 0.004883 0.010189
0 0.248535 0.409025 0.006836 0.014556
0 0.247559 0.397380 0.004883 0.008734
0 0.254395 0.392285 0.008789 0.016012
0 0.410645 0.422125 0.008789 0.020378
0 0.007324 0.362445 0.010742 0.020378
0 0.005371 0.414847 0.010742 0.023290
0 0.266602 0.411208 0.005859 0.016012
0 0.269531 0.396652 0.009766 0.013100
0 0.825195 0.427220 0.009766 0.018923
