0 0.851074 0.338542 0.006836 0.013021
0 0.865723 0.331380 0.006836 0.009115
0 0.731934 0.324219 0.008789 0.015625
0 0.725586 0.348958 0.011719 0.018229
0 0.710938 0.326172 0.005859 0.009115
0 0.676270 0.314453 0.008789 0.014323
0 0.673340 0.345703 0.014648 0.022135
0 0.643555 0.328776 0.011719 0.019531
0 0.599121 0.344401 0.014648 0.022135
0 0.573242 0.323568 0.005859 0.009115
0 0.550781 0.336589 0.009766 0.016927
0 0.525391 0.313802 0.009766 0.013021
0 0.480469 0.313151 0.007812 0.014323
0 0.458984 0.313151 0.013672 0.022135
0 0.422363 0.315104 0.014648 0.023438
0 0.384277 0.303385 0.006836 0.010417
0 0.317871 0.307292 0.014648 0.026042
0 0.282715 0.302734 0.006836 0.014323
0 0.220703 0.323568 0.013672 0.024740
0 0.203613 0.298177 0.014648 0.026042
0 0.133789 0.290365 0.015625 0.023438
