0 0.125000 0.872993 0.019531 0.043796
0 0.043457 0.848905 0.016602 0.039416
0 0.231934 0.837956 0.010742 0.023358
0 0.167969 0.870803 0.013672 0.033577
0 0.190430 0.911679 0.015625 0.036496
0 0.233398 0.810949 0.011719 0.024818
0 0.242188 0.721898 0.009766 0.024818
0 0.182617 0.722628 0.009766 0.023358
0 0.158691 0.751825 0.012695 0.026277
0 0.127930 0.732117 0.009766 0.024818
0 0.146484 0.786131 0.011719 0.024818
0 0.122559 0.802920 0.010742 0.023358
0 0.102051 0.779562 0.008789 0.023358
0 0.090820 0.730657 0.009766 0.024818
0 0.055664 0.710949 0.009766 0.026277
0 0.356445 0.869343 0.017578 0.042336
0 0.299316 0.869343 0.020508 0.051095
0 0.265625 0.866423 0.019531 0.042336
0 0.364258 0.814599 0.011719 0.026277
0 0.337402 0.813869 0.010742 0.024818
0 0.308594 0.817518 0.011719 0.026277
0 0.392578 0.823358 0.009766 0.020438
0 0.382812 0.755474 0.011719 0.024818
0 0.261230 0.817518 0.010742 0.023358
0 0.323730 0.790511 0.010742 0.021898
0 0.383301 0.787591 0.008789 0.018978
0 0.286621 0.813139 0.012695 0.023358
0 0.297852 0.792701 0.009766 0.020438
0 0.280273 0.845255 0.011719 0.020438
0 0.416992 0.746715 0.009766 0.018978
0 0.432617 0.740876 0.011719 0.021898
0 0.475098 0.743066 0.010742 0.020438
0 0.503906 0.742336 0.013672 0.021898
0 0.496094 0.721168 0.013672 0.026277
0 0.513184 0.711679 0.010742 0.016058
0 0.495605 0.770803 0.010742 0.020438
0 0.567383 0.741606 0.011719 0.026277
0 0.571777 0.787591 0.010742 0.024818
0 0.565918 0.793431 0.008789 0.024818
0 0.589844 0.837226 0.009766 0.021898
0 0.487305 0.816788 0.011719 0.024818
0 0.530762 0.784672 0.010742 0.024818
0 0.463867 0.846715 0.011719 0.029197
0 0.504883 0.889781 0.021484 0.048175
0 0.423828 0.875182 0.019531 0.045255
0 0.410645 0.875182 0.020508 0.042336
0 0.574219 0.878102 0.017578 0.033577
0 0.589844 0.917518 0.019531 0.039416
0 0.462402 0.768613 0.010742 0.024818
0 0.506836 0.791241 0.009766 0.020438
0 0.515625 0.775912 0.009766 0.024818
0 0.562500 0.840146 0.009766 0.021898
0 0.411621 0.813869 0.010742 0.021898
0 0.436035 0.797080 0.008789 0.017518
0 0.591797 0.649635 0.011719 0.020438
0 0.622070 0.645985 0.009766 0.024818
0 0.634766 0.658394 0.011719 0.020438
0 0.631836 0.679562 0.011719 0.021898
0 0.683105 0.651825 0.010742 0.021898
0 0.703613 0.694891 0.010742 0.023358
0 0.588867 0.710949 0.009766 0.023358
0 0.650879 0.758394 0.010742 0.024818
0 0.706543 0.756934 0.012695 0.027737
0 0.674316 0.806569 0.014648 0.030657
0 0.609863 0.827007 0.014648 0.027737
0 0.593750 0.805839 0.013672 0.029197
0 0.690430 0.803650 0.011719 0.027737
0 0.667480 0.785401 0.010742 0.023358
0 0.612793 0.718978 0.012695 0.024818
0 0.660156 0.724818 0.009766 0.021898
0 0.605957 0.762774 0.012695 0.021898
0 0.679199 0.743796 0.010742 0.027737
0 0.714844 0.840146 0.021484 0.042336
0 0.635254 0.862774 0.024414 0.049635
0 0.753418 0.775182 0.014648 0.026277
0 0.812500 0.761314 0.013672 0.024818
0 0.786133 0.793431 0.011719 0.021898
0 0.727051 0.762774 0.012695 0.024818
0 0.735352 0.804380 0.011719 0.026277
0 0.838867 0.656934 0.011719 0.026277
0 0.829102 0.643796 0.009766 0.020438
0 0.807617 0.651825 0.011719 0.024818
0 0.826172 0.603650 0.009766 0.021898
0 0.773926 0.626277 0.006836 0.020438
0 0.738770 0.626277 0.010742 0.026277
0 0.795410 0.736496 0.012695 0.024818
0 0.767090 0.742336 0.012695 0.024818
0 0.764160 0.714599 0.010742 0.024818
0 0.758789 0.692701 0.011719 0.027737
0 0.824219 0.683942 0.009766 0.027737
0 0.835938 0.755474 0.009766 0.024818
0 0.730957 0.733577 0.008789 0.024818
0 0.737793 0.740876 0.008789 0.021898
0 0.746582 0.759854 0.010742 0.024818
0 0.807129 0.613139 0.010742 0.023358
0 0.839355 0.608029 0.010742 0.021898
0 0.731445 0.636496 0.009766 0.023358
0 0.784180 0.727737 0.007812 0.021898
0 0.703125 0.614599 0.011719 0.020438
0 0.748047 0.676642 0.009766 0.021898
0 0.811035 0.708759 0.010742 0.021898
0 0.678711 0.618248 0.007812 0.016058
0 0.678711 0.637956 0.009766 0.023358
0 0.940918 0.765693 0.014648 0.024818
0 0.865723 0.783212 0.012695 0.027737
0 0.854004 0.795620 0.010742 0.023358
0 0.909180 0.781752 0.013672 0.027737
0 0.944824 0.730657 0.012695 0.024818
0 0.914062 0.705109 0.011719 0.026277
0 0.947754 0.706569 0.012695 0.017518
0 0.875977 0.753285 0.015625 0.026277
0 0.878418 0.687591 0.012695 0.026277
0 0.891113 0.680292 0.010742 0.026277
0 0.856934 0.686131 0.012695 0.023358
0 0.847656 0.716788 0.009766 0.023358
0 0.868164 0.868613 0.023438 0.046715
0 0.933594 0.748905 0.011719 0.023358
0 0.915039 0.866423 0.017578 0.030657
0 0.621582 0.803650 0.012695 0.021898
0 0.972168 0.643796 0.012695 0.023358
0 0.962891 0.616058 0.013672 0.026277
0 0.992676 0.618978 0.010742 0.023358
0 0.920898 0.636496 0.011719 0.023358
0 0.932129 0.614599 0.012695 0.026277
0 0.977051 0.572263 0.010742 0.026277
0 0.883789 0.649635 0.011719 0.020438
0 0.907227 0.623358 0.011719 0.029197
0 0.890137 0.627007 0.010742 0.021898
0 0.864746 0.624088 0.010742 0.024818
0 0.907715 0.597080 0.010742 0.020438
0 0.946289 0.575182 0.009766 0.020438
0 0.991699 0.529927 0.010742 0.023358
0 0.975098 0.532117 0.012695 0.024818
0 0.922363 0.578832 0.012695 0.024818
0 0.918945 0.552555 0.011719 0.021898
0 0.905273 0.575182 0.009766 0.020438
0 0.911133 0.528467 0.011719 0.023358
0 0.893555 0.535036 0.011719 0.021898
0 0.861328 0.537956 0.011719 0.021898
0 0.855957 0.578832 0.012695 0.013139
0 0.766602 0.564964 0.009766 0.023358
0 0.802246 0.539416 0.012695 0.024818
0 0.795410 0.573723 0.010742 0.023358
0 0.810059 0.586861 0.010742 0.023358
0 0.828613 0.565693 0.008789 0.021898
0 0.975586 0.509489 0.009766 0.017518
0 0.989746 0.437956 0.010742 0.020438
0 0.940918 0.459854 0.010742 0.023358
0 0.962891 0.491241 0.009766 0.021898
0 0.996094 0.480292 0.007812 0.020438
0 0.949707 0.505109 0.010742 0.020438
0 0.946289 0.538686 0.013672 0.023358
0 0.937500 0.492701 0.009766 0.018978
0 0.950684 0.292701 0.008789 0.018978
0 0.978516 0.283212 0.009766 0.014599
0 0.944336 0.322628 0.009766 0.014599
0 0.917969 0.362044 0.009766 0.017518
0 0.890137 0.377372 0.010742 0.018978
0 0.877930 0.397810 0.011719 0.021898
0 0.862305 0.335766 0.009766 0.020438
0 0.911621 0.317518 0.010742 0.021898
0 0.899414 0.297810 0.009766 0.017518
0 0.889648 0.283942 0.009766 0.018978
0 0.929688 0.298540 0.007812 0.013139
0 0.821289 0.323358 0.009766 0.021898
0 0.857422 0.296350 0.011719 0.020438
0 0.879395 0.332117 0.008789 0.018978
0 0.796875 0.337956 0.009766 0.018978
0 0.794922 0.416788 0.009766 0.021898
0 0.804199 0.375912 0.008789 0.018978
0 0.850098 0.359124 0.008789 0.017518
0 0.835449 0.415328 0.008789 0.018978
0 0.819336 0.296350 0.007812 0.017518
0 0.766602 0.359854 0.007812 0.016058
0 0.769531 0.410949 0.009766 0.021898
0 0.724609 0.451095 0.009766 0.020438
0 0.810059 0.456204 0.010742 0.021898
0 0.781250 0.460584 0.009766 0.021898
0 0.756836 0.452555 0.009766 0.023358
0 0.735352 0.345255 0.009766 0.018978
0 0.757324 0.337956 0.008789 0.016058
0 0.677246 0.321168 0.010742 0.017518
0 0.702637 0.344526 0.008789 0.020438
0 0.729980 0.372263 0.008789 0.020438
0 0.724121 0.406569 0.010742 0.018978
0 0.743164 0.404380 0.011719 0.023358
0 0.687012 0.390511 0.010742 0.018978
0 0.688965 0.415328 0.008789 0.021898
0 0.647949 0.495620 0.008789 0.018978
0 0.727539 0.488321 0.007812 0.018978
0 0.696777 0.458394 0.010742 0.020438
0 0.624512 0.386131 0.008789 0.018978
0 0.661621 0.385401 0.008789 0.020438
0 0.675781 0.345985 0.007812 0.017518
0 0.588867 0.362044 0.007812 0.017518
0 0.613770 0.353285 0.008789 0.020438
0 0.634766 0.362774 0.007812 0.018978
0 0.600586 0.404380 0.009766 0.020438
0 0.578125 0.397810 0.009766 0.018978
0 0.631348 0.537226 0.010742 0.020438
0 0.638184 0.464234 0.010742 0.017518
0 0.412598 0.527737 0.010742 0.018978
0 0.358887 0.543066 0.008789 0.020438
0 0.134277 0.683942 0.010742 0.021898
0 0.224609 0.672993 0.011719 0.023358
0 0.184570 0.689781 0.009766 0.021898
0 0.282715 0.689781 0.008789 0.021898
0 0.335449 0.640146 0.010742 0.021898
0 0.285156 0.648905 0.011719 0.021898
0 0.338867 0.676642 0.009766 0.024818
0 0.434082 0.640146 0.012695 0.021898
0 0.384766 0.636496 0.011719 0.023358
0 0.932129 0.116058 0.008789 0.018978
0 0.939453 0.143796 0.007812 0.016058
0 0.913574 0.116788 0.008789 0.020438
0 0.905273 0.143066 0.009766 0.020438
0 0.869141 0.124818 0.007812 0.016058
0 0.887695 0.113869 0.007812 0.017518
0 0.898438 0.105109 0.007812 0.017518
0 0.919434 0.103650 0.008789 0.017518
0 0.918457 0.186131 0.008789 0.018978
0 0.833984 0.161314 0.009766 0.018978
0 0.835449 0.206569 0.008789 0.018978
0 0.878906 0.150365 0.007812 0.017518
0 0.864258 0.175912 0.009766 0.018978
0 0.887207 0.198540 0.008789 0.017518
0 0.863770 0.108759 0.008789 0.016058
0 0.830078 0.125547 0.007812 0.020438
0 0.765137 0.173723 0.008789 0.017518
0 0.868652 0.069343 0.008789 0.016058
0 0.925293 0.035036 0.008789 0.014599
0 0.906738 0.038686 0.008789 0.016058
0 0.888184 0.061314 0.008789 0.017518
0 0.878418 0.037956 0.006836 0.017518
0 0.895508 0.031387 0.007812 0.016058
0 0.921875 0.005839 0.009766 0.011679
0 0.902832 0.017518 0.006836 0.014599
0 0.878906 0.008759 0.007812 0.014599
0 0.866699 0.010219 0.008789 0.017518
0 0.859375 0.013869 0.007812 0.013139
0 0.816895 0.050365 0.006836 0.016058
0 0.848145 0.094161 0.008789 0.016058
0 0.846191 0.075182 0.008789 0.013139
0 0.859863 0.067153 0.006836 0.014599
0 0.855469 0.046715 0.007812 0.014599
0 0.827148 0.032847 0.007812 0.016058
0 0.791504 0.063504 0.008789 0.016058
0 0.768555 0.013869 0.007812 0.016058
0 0.786133 0.010219 0.009766 0.014599
0 0.814453 0.020438 0.007812 0.014599
0 0.802734 0.118978 0.007812 0.016058
0 0.824707 0.078102 0.008789 0.016058
0 0.837402 0.061314 0.006836 0.014599
0 0.811523 0.175182 0.009766 0.017518
0 0.789551 0.177372 0.008789 0.018978
0 0.780273 0.156204 0.009766 0.017518
0 0.795898 0.161314 0.009766 0.018978
0 0.784180 0.139416 0.007812 0.016058
0 0.768555 0.107299 0.007812 0.016058
0 0.776855 0.027737 0.008789 0.017518
0 0.816895 0.132117 0.008789 0.016058
0 0.857910 0.160584 0.008789 0.017518
0 0.844238 0.188321 0.006836 0.017518
0 0.929199 0.074453 0.006836 0.017518
0 0.982910 0.143066 0.008789 0.020438
0 0.967773 0.186131 0.009766 0.018978
0 0.987305 0.180292 0.007812 0.018978
0 0.947266 0.175912 0.011719 0.021898
0 0.964844 0.151825 0.009766 0.020438
0 0.979492 0.102190 0.009766 0.020438
0 0.953613 0.110219 0.008789 0.016058
0 0.995605 0.077372 0.008789 0.020438
0 0.977539 0.064964 0.009766 0.021898
0 0.991211 0.023358 0.007812 0.017518
0 0.966797 0.022628 0.009766 0.018978
0 0.957520 0.038686 0.008789 0.018978
0 0.948730 0.082482 0.006836 0.016058
0 0.937012 0.080292 0.008789 0.017518
0 0.933594 0.017518 0.007812 0.014599
0 0.748047 0.043796 0.007812 0.017518
0 0.738281 0.103650 0.009766 0.017518
0 0.719727 0.086861 0.007812 0.016058
0 0.698730 0.086131 0.008789 0.017518
0 0.677734 0.091241 0.007812 0.016058
0 0.759277 0.078102 0.008789 0.018978
0 0.759277 0.148175 0.008789 0.018978
0 0.745117 0.175912 0.007812 0.016058
0 0.730469 0.162044 0.007812 0.017518
0 0.753906 0.139416 0.007812 0.016058
0 0.679688 0.195620 0.011719 0.020438
0 0.645996 0.180292 0.008789 0.016058
0 0.693359 0.166423 0.007812 0.017518
0 0.675781 0.121898 0.007812 0.016058
0 0.659668 0.133577 0.008789 0.018978
0 0.690430 0.070803 0.007812 0.016058
0 0.699707 0.059124 0.008789 0.018978
0 0.712402 0.037956 0.008789 0.017518
0 0.731934 0.029197 0.008789 0.017518
0 0.746094 0.015328 0.007812 0.016058
0 0.665039 0.062044 0.007812 0.016058
0 0.672852 0.023358 0.007812 0.017518
0 0.683594 0.040876 0.007812 0.014599
0 0.684082 0.064234 0.006836 0.014599
0 0.657715 0.045255 0.008789 0.017518
0 0.626465 0.145255 0.008789 0.016058
0 0.619629 0.176642 0.008789 0.017518
0 0.653809 0.160584 0.008789 0.017518
0 0.632324 0.168613 0.008789 0.018978
0 0.622559 0.080292 0.008789 0.017518
0 0.643066 0.105109 0.008789 0.014599
0 0.626953 0.045985 0.007812 0.013139
0 0.632324 0.021168 0.006836 0.016058
0 0.619141 0.014599 0.007812 0.017518
0 0.639160 0.081022 0.006836 0.018978
0 0.640137 0.129197 0.008789 0.018978
0 0.721191 0.109489 0.008789 0.020438
0 0.689941 0.214599 0.008789 0.014599
0 0.673828 0.148905 0.009766 0.017518
0 0.664551 0.214599 0.008789 0.017518
0 0.652344 0.221168 0.009766 0.018978
0 0.648438 0.205839 0.009766 0.017518
0 0.590332 0.187591 0.008789 0.018978
0 0.584961 0.212409 0.007812 0.016058
0 0.569824 0.185401 0.008789 0.017518
0 0.586426 0.164964 0.010742 0.020438
0 0.564453 0.223358 0.009766 0.020438
0 0.581055 0.241606 0.009766 0.018978
0 0.629883 0.264234 0.009766 0.020438
0 0.591797 0.264234 0.009766 0.020438
0 0.593262 0.241606 0.008789 0.016058
0 0.553223 0.285401 0.008789 0.018978
0 0.557129 0.268613 0.008789 0.017518
0 0.559082 0.256934 0.008789 0.020438
0 0.572754 0.171533 0.008789 0.018978
0 0.580078 0.201460 0.007812 0.020438
0 0.598633 0.189781 0.007812 0.017518
0 0.616211 0.239416 0.007812 0.014599
0 0.628418 0.241606 0.008789 0.016058
0 0.595703 0.143796 0.007812 0.013139
0 0.556641 0.154745 0.007812 0.017518
0 0.881348 0.519708 0.010742 0.023358
0 0.854980 0.519708 0.008789 0.017518
0 0.839844 0.536496 0.011719 0.021898
0 0.744629 0.314599 0.010742 0.018978
0 0.721680 0.313869 0.009766 0.017518
0 0.696777 0.315328 0.010742 0.017518
0 0.625488 0.313869 0.008789 0.020438
0 0.660156 0.356204 0.009766 0.020438
0 0.649902 0.318978 0.010742 0.018978
0 0.770996 0.305839 0.008789 0.016058
0 0.784668 0.311679 0.008789 0.013139
0 0.122559 0.050365 0.006836 0.013139
0 0.039062 0.075912 0.007812 0.014599
0 0.092773 0.106569 0.007812 0.014599
0 0.129395 0.091971 0.008789 0.017518
0 0.070801 0.035036 0.006836 0.014599
0 0.083008 0.035766 0.005859 0.016058
0 0.081055 0.081022 0.007812 0.013139
0 0.064453 0.108759 0.007812 0.016058
0 0.049805 0.122628 0.007812 0.014599
0 0.028809 0.137956 0.008789 0.016058
0 0.118164 0.130657 0.007812 0.016058
0 0.136230 0.129927 0.008789 0.017518
0 0.139160 0.097080 0.008789 0.018978
0 0.073242 0.072263 0.007812 0.016058
0 0.060059 0.083212 0.008789 0.014599
0 0.096191 0.137226 0.006836 0.014599
0 0.104980 0.101460 0.006836 0.013139
0 0.100586 0.096350 0.007812 0.017518
0 0.021484 0.099270 0.005859 0.014599
0 0.019043 0.062044 0.006836 0.013139
0 0.130859 0.057664 0.007812 0.016058
0 0.070801 0.123358 0.006836 0.013139
0 0.012207 0.126277 0.006836 0.016058
0 0.114258 0.028467 0.007812 0.013139
0 0.029297 0.074453 0.007812 0.014599
0 0.046875 0.072263 0.005859 0.016058
0 0.079590 0.146715 0.006836 0.013139
0 0.095215 0.021168 0.006836 0.016058
0 0.047852 0.043796 0.007812 0.014599
0 0.157715 0.032847 0.006836 0.013139
0 0.204102 0.032117 0.007812 0.014599
0 0.222168 0.123358 0.006836 0.016058
0 0.222656 0.110949 0.007812 0.014599
0 0.208984 0.110949 0.007812 0.014599
0 0.149414 0.480292 0.009766 0.017518
0 0.160645 0.488321 0.008789 0.016058
0 0.150879 0.505839 0.008789 0.016058
0 0.141602 0.509489 0.009766 0.017518
0 0.175293 0.487591 0.008789 0.014599
0 0.120117 0.532847 0.007812 0.017518
0 0.095703 0.543796 0.011719 0.021898
0 0.084473 0.561314 0.008789 0.018978
0 0.063477 0.561314 0.009766 0.018978
0 0.168457 0.440876 0.008789 0.017518
0 0.186523 0.426277 0.009766 0.020438
0 0.148438 0.428467 0.009766 0.018978
0 0.098633 0.410949 0.007812 0.016058
0 0.153320 0.467883 0.007812 0.016058
0 0.091797 0.497810 0.009766 0.020438
0 0.077637 0.537956 0.008789 0.018978
0 0.041016 0.554015 0.009766 0.018978
0 0.030762 0.560584 0.008789 0.020438
0 0.173340 0.508759 0.008789 0.016058
0 0.076660 0.513139 0.008789 0.016058
0 0.043457 0.526277 0.010742 0.018978
0 0.024902 0.469343 0.010742 0.018978
0 0.019531 0.498540 0.009766 0.018978
0 0.069336 0.476642 0.009766 0.018978
0 0.068848 0.462774 0.010742 0.017518
0 0.132324 0.463504 0.008789 0.016058
0 0.125977 0.441606 0.009766 0.016058
0 0.125488 0.501460 0.008789 0.016058
0 0.108887 0.494161 0.008789 0.016058
0 0.109863 0.461314 0.008789 0.017518
0 0.096191 0.441606 0.008789 0.016058
0 0.084473 0.448175 0.008789 0.017518
0 0.064453 0.429927 0.009766 0.018978
0 0.098145 0.462774 0.008789 0.014599
0 0.053711 0.449635 0.007812 0.017518
0 0.045898 0.441606 0.009766 0.016058
0 0.034180 0.451095 0.009766 0.017518
0 0.057617 0.527737 0.009766 0.018978
0 0.132812 0.420438 0.009766 0.017518
0 0.131348 0.397080 0.008789 0.017518
0 0.168457 0.418978 0.008789 0.017518
0 0.176758 0.385401 0.009766 0.017518
0 0.150391 0.385401 0.009766 0.017518
0 0.098633 0.386131 0.009766 0.018978
0 0.070801 0.410219 0.008789 0.017518
0 0.070312 0.394891 0.007812 0.013139
0 0.057617 0.393431 0.007812 0.016058
0 0.075195 0.381752 0.007812 0.016058
0 0.049316 0.413869 0.008789 0.018978
0 0.034668 0.389781 0.008789 0.017518
0 0.022949 0.381752 0.008789 0.016058
0 0.088867 0.382482 0.007812 0.014599
0 0.118164 0.385401 0.009766 0.017518
0 0.125488 0.486131 0.008789 0.017518
0 0.052246 0.473723 0.008789 0.016058
0 0.039551 0.491241 0.008789 0.013139
0 0.053223 0.489051 0.008789 0.014599
0 0.022461 0.531387 0.007812 0.017518
0 0.034668 0.518248 0.008789 0.017518
0 0.044434 0.510219 0.008789 0.018978
0 0.063965 0.510219 0.008789 0.016058
0 0.142578 0.480292 0.007812 0.017518
0 0.026855 0.543796 0.008789 0.016058
0 0.020508 0.406569 0.005859 0.016058
0 0.024902 0.446715 0.008789 0.014599
0 0.274902 0.490511 0.008789 0.017518
0 0.305176 0.443796 0.010742 0.020438
0 0.306152 0.410219 0.010742 0.020438
0 0.266113 0.427007 0.008789 0.016058
0 0.260742 0.459124 0.007812 0.016058
0 0.276855 0.459124 0.008789 0.016058
0 0.252441 0.481752 0.010742 0.020438
0 0.252930 0.459124 0.007812 0.016058
0 0.242188 0.429927 0.009766 0.018978
0 0.251953 0.428467 0.009766 0.018978
0 0.265137 0.402190 0.008789 0.018978
0 0.283203 0.392701 0.009766 0.017518
0 0.311523 0.368613 0.009766 0.021898
0 0.280762 0.363504 0.010742 0.017518
0 0.207520 0.472993 0.010742 0.020438
0 0.223145 0.462774 0.010742 0.020438
0 0.217285 0.471533 0.008789 0.017518
0 0.210449 0.430657 0.010742 0.020438
0 0.233887 0.425547 0.008789 0.016058
0 0.241211 0.403650 0.009766 0.018978
0 0.222656 0.407299 0.009766 0.020438
0 0.205078 0.398540 0.009766 0.017518
0 0.243652 0.381022 0.008789 0.020438
0 0.213867 0.383942 0.009766 0.017518
0 0.217285 0.367153 0.008789 0.016058
0 0.245117 0.359854 0.009766 0.016058
0 0.202148 0.368613 0.009766 0.016058
0 0.186035 0.370073 0.008789 0.016058
0 0.190918 0.464964 0.008789 0.016058
0 0.166992 0.361314 0.009766 0.016058
0 0.323730 0.446715 0.008789 0.020438
0 0.349121 0.419708 0.008789 0.018978
0 0.568359 0.435766 0.007812 0.018978
0 0.529785 0.393431 0.010742 0.018978
0 0.554199 0.394891 0.010742 0.018978
0 0.430176 0.367153 0.010742 0.018978
0 0.532227 0.345985 0.009766 0.020438
0 0.516602 0.345255 0.009766 0.018978
0 0.495117 0.351095 0.009766 0.018978
0 0.499023 0.399270 0.009766 0.018978
0 0.389648 0.400730 0.009766 0.018978
0 0.407227 0.370803 0.009766 0.017518
0 0.381348 0.386131 0.008789 0.018978
0 0.361816 0.395620 0.010742 0.020438
0 0.357910 0.377372 0.008789 0.018978
0 0.332520 0.412409 0.010742 0.021898
0 0.319336 0.397080 0.009766 0.017518
0 0.552734 0.358394 0.011719 0.021898
0 0.422363 0.353285 0.010742 0.020438
0 0.477051 0.361314 0.008789 0.018978
0 0.444824 0.436496 0.010742 0.020438
0 0.509766 0.439416 0.009766 0.020438
0 0.543457 0.423358 0.010742 0.020438
0 0.472656 0.435766 0.009766 0.018978
0 0.483887 0.452555 0.010742 0.020438
0 0.413574 0.445255 0.010742 0.020438
0 0.387695 0.370803 0.007812 0.014599
0 0.337891 0.356934 0.009766 0.018978
0 0.365723 0.354745 0.008789 0.020438
0 0.358887 0.348905 0.008789 0.017518
0 0.475586 0.343066 0.009766 0.017518
0 0.445801 0.335766 0.008789 0.014599
0 0.407227 0.335036 0.009766 0.018978
0 0.294922 0.338686 0.007812 0.017518
0 0.310059 0.351095 0.008789 0.016058
0 0.320312 0.335036 0.009766 0.016058
0 0.328125 0.331387 0.007812 0.014599
0 0.339844 0.337956 0.009766 0.016058
0 0.426758 0.481022 0.009766 0.018978
0 0.159180 0.075182 0.005859 0.013139
0 0.175781 0.070803 0.007812 0.013139
0 0.197754 0.153285 0.008789 0.014599
0 0.168945 0.155474 0.007812 0.013139
0 0.173340 0.143066 0.006836 0.014599
0 0.200195 0.122628 0.007812 0.014599
0 0.141113 0.154015 0.008789 0.016058
0 0.154297 0.146715 0.007812 0.016058
0 0.152832 0.130657 0.008789 0.016058
0 0.181641 0.045255 0.005859 0.014599
0 0.196289 0.183942 0.007812 0.014599
0 0.201660 0.170073 0.008789 0.016058
0 0.166016 0.179562 0.007812 0.017518
0 0.151855 0.229197 0.008789 0.017518
0 0.177246 0.215328 0.008789 0.016058
0 0.184082 0.253285 0.008789 0.018978
0 0.105957 0.167153 0.006836 0.013139
0 0.083008 0.170803 0.007812 0.017518
0 0.208008 0.076642 0.005859 0.013139
0 0.188477 0.095620 0.007812 0.016058
0 0.052734 0.172263 0.007812 0.014599
0 0.115234 0.177372 0.007812 0.013139
0 0.171875 0.121168 0.007812 0.014599
0 0.196289 0.214599 0.007812 0.014599
0 0.198730 0.203650 0.008789 0.016058
0 0.124512 0.189051 0.008789 0.016058
0 0.129883 0.221168 0.009766 0.016058
0 0.129883 0.239416 0.009766 0.017518
0 0.104492 0.208029 0.007812 0.016058
0 0.062500 0.216058 0.007812 0.014599
0 0.051758 0.223358 0.007812 0.017518
0 0.135254 0.185401 0.006836 0.014599
0 0.162109 0.208029 0.007812 0.016058
0 0.077148 0.186861 0.007812 0.017518
0 0.041992 0.181022 0.007812 0.014599
0 0.075684 0.248175 0.008789 0.017518
0 0.016113 0.186131 0.006836 0.016058
0 0.009766 0.149635 0.005859 0.016058
0 0.064941 0.164234 0.006836 0.016058
0 0.125488 0.167153 0.006836 0.016058
0 0.146484 0.254745 0.007812 0.016058
0 0.049805 0.248905 0.009766 0.016058
0 0.117188 0.232847 0.007812 0.016058
0 0.149902 0.191241 0.006836 0.014599
0 0.105957 0.223358 0.008789 0.014599
0 0.085449 0.232847 0.008789 0.016058
0 0.036621 0.233577 0.006836 0.017518
0 0.031738 0.254015 0.008789 0.014599
0 0.190430 0.063504 0.005859 0.010219
0 0.028320 0.209489 0.007812 0.013139
0 0.013672 0.252555 0.007812 0.017518
0 0.064941 0.247445 0.008789 0.016058
0 0.102051 0.251825 0.008789 0.016058
0 0.048828 0.191971 0.007812 0.013139
0 0.535156 0.283942 0.007812 0.016058
0 0.522461 0.318978 0.007812 0.016058
0 0.504883 0.302190 0.009766 0.017518
0 0.502441 0.281752 0.008789 0.017518
0 0.491699 0.243066 0.008789 0.018978
0 0.482422 0.248905 0.009766 0.018978
0 0.517578 0.260584 0.009766 0.021898
0 0.477539 0.301460 0.009766 0.018978
0 0.486816 0.292701 0.006836 0.021898
0 0.469727 0.267153 0.009766 0.020438
0 0.464844 0.254015 0.009766 0.017518
0 0.474121 0.222628 0.008789 0.018978
0 0.491699 0.218978 0.008789 0.017518
0 0.446289 0.306569 0.007812 0.017518
0 0.520508 0.238686 0.007812 0.016058
0 0.415039 0.280292 0.009766 0.020438
0 0.413086 0.245985 0.007812 0.018978
0 0.435059 0.259124 0.008789 0.018978
0 0.459961 0.229927 0.009766 0.018978
0 0.438477 0.232117 0.009766 0.014599
0 0.445801 0.248175 0.008789 0.017518
0 0.522949 0.191971 0.006836 0.016058
0 0.548828 0.189051 0.007812 0.018978
0 0.507324 0.191971 0.008789 0.018978
0 0.439453 0.203650 0.009766 0.018978
0 0.423828 0.178102 0.007812 0.017518
0 0.412109 0.232847 0.009766 0.018978
0 0.411133 0.203650 0.009766 0.018978
0 0.456543 0.190511 0.010742 0.018978
0 0.486328 0.179562 0.009766 0.017518
0 0.539062 0.266423 0.007812 0.013139
0 0.526367 0.294891 0.007812 0.014599
0 0.455566 0.287591 0.006836 0.017518
0 0.611816 0.048175 0.008789 0.017518
0 0.590820 0.072263 0.007812 0.013139
0 0.609375 0.132847 0.007812 0.017518
0 0.547363 0.132847 0.006836 0.011679
0 0.532715 0.151825 0.008789 0.014599
0 0.502441 0.149635 0.008789 0.018978
0 0.530273 0.113869 0.007812 0.017518
0 0.539062 0.101460 0.007812 0.016058
0 0.571289 0.062044 0.007812 0.016058
0 0.598633 0.056204 0.007812 0.018978
0 0.475098 0.123358 0.008789 0.016058
0 0.455078 0.059124 0.007812 0.016058
0 0.448242 0.035036 0.007812 0.014599
0 0.511719 0.054745 0.007812 0.016058
0 0.562988 0.108759 0.006836 0.013139
0 0.454102 0.130657 0.007812 0.016058
0 0.453125 0.154745 0.007812 0.017518
0 0.478516 0.145985 0.007812 0.017518
0 0.510254 0.115328 0.008789 0.017518
0 0.604492 0.091241 0.007812 0.016058
0 0.554199 0.031387 0.006836 0.016058
0 0.474609 0.045255 0.007812 0.014599
0 0.482422 0.076642 0.007812 0.016058
0 0.590820 0.131387 0.007812 0.014599
0 0.429199 0.075182 0.008789 0.016058
0 0.419434 0.057664 0.008789 0.016058
0 0.422852 0.034307 0.007812 0.016058
0 0.419434 0.150365 0.008789 0.017518
0 0.422852 0.123358 0.007812 0.016058
0 0.451172 0.100730 0.007812 0.017518
0 0.400879 0.054015 0.006836 0.014599
0 0.382324 0.012409 0.006836 0.016058
0 0.345703 0.121168 0.007812 0.017518
0 0.364258 0.136496 0.007812 0.018978
0 0.400391 0.254015 0.007812 0.017518
0 0.390137 0.235036 0.008789 0.017518
0 0.386719 0.214599 0.007812 0.017518
0 0.400391 0.189051 0.007812 0.016058
0 0.401367 0.162774 0.009766 0.018978
0 0.365723 0.102190 0.008789 0.014599
0 0.388184 0.100000 0.006836 0.016058
0 0.284180 0.182482 0.007812 0.017518
0 0.294922 0.190511 0.007812 0.016058
0 0.323242 0.156934 0.007812 0.013139
0 0.336914 0.137956 0.009766 0.016058
0 0.329102 0.120438 0.007812 0.016058
0 0.400391 0.074453 0.007812 0.014599
0 0.325684 0.102920 0.006836 0.013139
0 0.402832 0.037226 0.006836 0.013139
0 0.188965 0.014599 0.006836 0.014599
0 0.180664 0.008029 0.007812 0.013139
0 0.242676 0.046715 0.006836 0.014599
0 0.220215 0.018248 0.006836 0.013139
0 0.264648 0.045255 0.007812 0.014599
0 0.259277 0.031387 0.006836 0.013139
0 0.286621 0.047445 0.006836 0.016058
0 0.347168 0.043796 0.006836 0.014599
0 0.310547 0.059854 0.007812 0.011679
0 0.326172 0.049635 0.007812 0.017518
0 0.312988 0.027007 0.006836 0.013139
0 0.363281 0.019708 0.007812 0.013139
0 0.381348 0.030657 0.008789 0.014599
0 0.365234 0.035766 0.007812 0.013139
0 0.375488 0.051095 0.008789 0.017518
0 0.397949 0.012409 0.008789 0.016058
0 0.458984 0.011679 0.007812 0.017518
0 0.441406 0.081752 0.007812 0.014599
0 0.378906 0.079562 0.007812 0.016058
0 0.295410 0.099270 0.006836 0.014599
0 0.235840 0.035036 0.008789 0.017518
0 0.295410 0.025547 0.006836 0.013139
0 0.285156 0.019708 0.007812 0.016058
0 0.273438 0.021898 0.007812 0.014599
0 0.249023 0.078102 0.007812 0.013139
0 0.220703 0.059124 0.007812 0.016058
0 0.385742 0.143066 0.007812 0.014599
0 0.355469 0.173723 0.007812 0.014599
0 0.442871 0.160584 0.006836 0.014599
0 0.437500 0.144526 0.007812 0.011679
0 0.386230 0.167153 0.008789 0.013139
0 0.346191 0.100000 0.006836 0.013139
0 0.378418 0.119708 0.008789 0.014599
0 0.319824 0.124088 0.006836 0.014599
0 0.275391 0.102920 0.007812 0.016058
0 0.230469 0.090511 0.007812 0.014599
0 0.218262 0.096350 0.006836 0.017518
0 0.248047 0.097080 0.007812 0.016058
0 0.253906 0.115328 0.007812 0.014599
0 0.345703 0.212409 0.007812 0.016058
0 0.302246 0.157664 0.006836 0.014599
0 0.278320 0.128467 0.007812 0.014599
0 0.225098 0.145985 0.006836 0.011679
0 0.245605 0.150365 0.006836 0.011679
0 0.265137 0.151825 0.006836 0.014599
0 0.286133 0.163504 0.007812 0.014599
0 0.285645 0.146715 0.008789 0.013139
0 0.367188 0.171533 0.007812 0.013139
0 0.369141 0.208029 0.007812 0.013139
0 0.372070 0.224088 0.007812 0.013139
0 0.356445 0.242336 0.009766 0.017518
0 0.333008 0.221168 0.009766 0.016058
0 0.267578 0.175912 0.007812 0.016058
0 0.230957 0.172993 0.008789 0.013139
0 0.212891 0.204380 0.007812 0.014599
0 0.254395 0.206569 0.008789 0.016058
0 0.246582 0.185401 0.008789 0.017518
0 0.261719 0.193431 0.007812 0.016058
0 0.336914 0.250365 0.007812 0.013139
0 0.377930 0.255474 0.007812 0.017518
0 0.395020 0.291241 0.008789 0.016058
0 0.388184 0.302920 0.008789 0.016058
0 0.375000 0.283212 0.009766 0.017518
0 0.371582 0.312409 0.008789 0.017518
0 0.353027 0.282482 0.008789 0.016058
0 0.358887 0.260584 0.008789 0.018978
0 0.347656 0.317518 0.009766 0.016058
0 0.344238 0.307299 0.008789 0.013139
0 0.318848 0.307299 0.008789 0.018978
0 0.281738 0.332847 0.008789 0.014599
0 0.274414 0.332117 0.007812 0.016058
0 0.261230 0.336496 0.008789 0.016058
0 0.250977 0.328467 0.009766 0.017518
0 0.231445 0.313869 0.009766 0.014599
0 0.211914 0.324818 0.007812 0.013139
0 0.197266 0.343796 0.007812 0.013139
0 0.188477 0.326277 0.009766 0.018978
0 0.171387 0.318248 0.008789 0.014599
0 0.188965 0.289051 0.008789 0.017518
0 0.179688 0.293431 0.007812 0.014599
0 0.328125 0.288321 0.007812 0.016058
0 0.320312 0.289051 0.007812 0.014599
0 0.301270 0.284672 0.006836 0.017518
0 0.309082 0.263504 0.008789 0.016058
0 0.315430 0.247445 0.007812 0.016058
0 0.287598 0.274453 0.008789 0.020438
0 0.270020 0.298540 0.010742 0.018978
0 0.252441 0.299270 0.008789 0.017518
0 0.274902 0.275182 0.008789 0.018978
0 0.257324 0.267153 0.008789 0.017518
0 0.237305 0.294161 0.007812 0.016058
0 0.223633 0.279562 0.007812 0.016058
0 0.244141 0.275912 0.009766 0.017518
0 0.213867 0.288321 0.007812 0.013139
0 0.209961 0.272263 0.007812 0.016058
0 0.293457 0.253285 0.008789 0.016058
0 0.297363 0.232847 0.006836 0.013139
0 0.226074 0.204380 0.008789 0.014599
0 0.277832 0.233577 0.006836 0.014599
0 0.292480 0.215328 0.008789 0.016058
0 0.232422 0.253285 0.007812 0.016058
0 0.168945 0.259124 0.007812 0.016058
0 0.138672 0.287591 0.007812 0.014599
0 0.141113 0.270073 0.006836 0.014599
0 0.154297 0.317518 0.007812 0.016058
0 0.150879 0.356934 0.008789 0.016058
0 0.128906 0.371533 0.007812 0.016058
0 0.112793 0.375912 0.010742 0.018978
0 0.115234 0.288321 0.007812 0.016058
0 0.122070 0.281022 0.007812 0.016058
0 0.134766 0.329197 0.007812 0.016058
0 0.098633 0.301460 0.007812 0.016058
0 0.092773 0.300730 0.007812 0.014599
0 0.075195 0.321168 0.007812 0.014599
0 0.074219 0.355474 0.007812 0.016058
0 0.113281 0.343796 0.007812 0.016058
0 0.096191 0.352555 0.008789 0.018978
0 0.035645 0.335036 0.008789 0.016058
0 0.059082 0.315328 0.008789 0.017518
0 0.107910 0.278102 0.008789 0.016058
0 0.090332 0.257664 0.008789 0.016058
0 0.206055 0.254745 0.007812 0.016058
0 0.090332 0.283212 0.006836 0.014599
0 0.078613 0.269343 0.008789 0.018978
0 0.076660 0.302190 0.006836 0.014599
0 0.057617 0.286131 0.009766 0.017518
0 0.057617 0.273723 0.009766 0.013139
0 0.037109 0.272993 0.007812 0.014599
0 0.035645 0.292701 0.008789 0.016058
0 0.014648 0.281752 0.007812 0.014599
0 0.054688 0.335766 0.007812 0.017518
0 0.019531 0.429927 0.009766 0.018978
0 0.017090 0.453285 0.008789 0.016058
0 0.508301 0.012409 0.008789 0.016058
0 0.528320 0.072263 0.007812 0.013139
0 0.494629 0.048175 0.006836 0.014599
0 0.548828 0.545255 0.009766 0.024818
0 0.730469 0.060584 0.011719 0.016058
0 0.203125 0.891971 0.017578 0.037956
0 0.820801 0.091971 0.010742 0.017518
0 0.008789 0.890511 0.017578 0.029197
0 0.003418 0.039416 0.006836 0.014599
0 0.014648 0.549635 0.011719 0.018978
0 0.222168 0.558394 0.010742 0.021898
0 0.340820 0.497810 0.007812 0.017518
0 0.004395 0.444526 0.006836 0.013139
0 0.004883 0.400730 0.007812 0.013139
0 0.003906 0.343066 0.007812 0.014599
0 0.007324 0.324818 0.008789 0.018978
0 0.005371 0.286131 0.008789 0.014599
0 0.009277 0.481022 0.008789 0.013139
0 0.003418 0.518248 0.006836 0.017518
0 0.003418 0.169343 0.006836 0.011679
0 0.008789 0.220438 0.009766 0.014599
0 0.041992 0.159124 0.007812 0.014599
0 0.156250 0.054745 0.007812 0.013139
