0 0.220703 0.526693 0.019531 0.032552
0 0.306641 0.516927 0.011719 0.015625
0 0.158691 0.514323 0.010742 0.023438
0 0.181641 0.521484 0.005859 0.011719
0 0.051270 0.535807 0.006836 0.011719
0 0.336914 0.506510 0.011719 0.020833
0 0.379883 0.509766 0.019531 0.037760
0 0.447754 0.520182 0.012695 0.019531
0 0.474609 0.517578 0.011719 0.019531
0 0.426758 0.497396 0.005859 0.010417
0 0.511230 0.505208 0.004883 0.007812
0 0.500000 0.504557 0.003906 0.006510
0 0.548828 0.500000 0.005859 0.007812
0 0.683105 0.493490 0.008789 0.015625
0 0.693359 0.485026 0.005859 0.009115
0 0.837402 0.477214 0.008789 0.011719
0 0.908691 0.472656 0.006836 0.007812
0 0.958008 0.468099 0.005859 0.009115
0 0.981934 0.459635 0.006836 0.010417
0 0.881348 0.484375 0.004883 0.007812
0 0.126953 0.522135 0.005859 0.018229
0 0.687012 0.128255 0.006836 0.014323
