0 0.849609 0.258824 0.044922 0.067647
0 0.708984 0.303676 0.035156 0.057353
0 0.604492 0.316912 0.029297 0.048529
0 0.526855 0.372794 0.026367 0.045588
0 0.467773 0.361765 0.025391 0.038235
0 0.426270 0.411765 0.020508 0.035294
0 0.373535 0.394118 0.018555 0.032353
0 0.335449 0.408088 0.016602 0.030882
0 0.279297 0.436765 0.013672 0.023529
0 0.243652 0.470588 0.008789 0.026471
0 0.208984 0.445588 0.011719 0.023529
0 0.191406 0.455147 0.007812 0.019118
0 0.168457 0.458088 0.010742 0.019118
0 0.149902 0.454412 0.008789 0.017647
0 0.128906 0.466176 0.009766 0.014706
0 0.112793 0.466912 0.010742 0.019118
0 0.087891 0.475735 0.009766 0.016176
0 0.077148 0.478676 0.009766 0.013235
0 0.996582 0.459559 0.006836 0.019118
0 0.303223 0.416176 0.016602 0.035294
