0 0.713379 0.197214 0.016602 0.036657
0 0.761230 0.250000 0.016602 0.027859
0 0.800781 0.199413 0.015625 0.032258
0 0.830566 0.354839 0.012695 0.029326
0 0.031250 0.607038 0.015625 0.026393
0 0.107422 0.454545 0.013672 0.032258
0 0.061523 0.540323 0.011719 0.021994
0 0.075195 0.541789 0.011719 0.021994
0 0.104980 0.606305 0.012695 0.027859
0 0.113770 0.592375 0.010742 0.026393
0 0.114258 0.638563 0.009766 0.024927
0 0.153320 0.634164 0.011719 0.019062
0 0.168945 0.590176 0.013672 0.027859
0 0.956055 0.472141 0.009766 0.014663
0 0.963867 0.475073 0.005859 0.011730
0 0.971191 0.475806 0.008789 0.016129
0 0.980957 0.474340 0.004883 0.010264
