0 0.443848 0.641975 0.012695 0.021605
0 0.331543 0.655864 0.010742 0.021605
0 0.298828 0.646605 0.013672 0.024691
0 0.269043 0.628858 0.012695 0.023148
0 0.245117 0.617284 0.011719 0.021605
0 0.215332 0.604938 0.012695 0.021605
0 0.193359 0.596451 0.011719 0.020062
0 0.168945 0.589506 0.011719 0.021605
0 0.145020 0.574074 0.010742 0.021605
0 0.120117 0.566358 0.009766 0.018519
0 0.103027 0.557099 0.010742 0.018519
0 0.087891 0.543210 0.009766 0.018519
0 0.071777 0.540123 0.010742 0.018519
0 0.326172 0.621914 0.011719 0.021605
0 0.292480 0.606481 0.012695 0.024691
0 0.260254 0.597222 0.010742 0.018519
0 0.238770 0.591821 0.010742 0.020062
0 0.313965 0.593364 0.010742 0.020062
0 0.344727 0.601080 0.009766 0.016975
0 0.894531 0.687500 0.015625 0.029321
0 0.908203 0.629630 0.013672 0.024691
0 0.841797 0.585648 0.011719 0.020062
0 0.897949 0.580247 0.010742 0.021605
0 0.799316 0.598765 0.010742 0.021605
0 0.753418 0.601852 0.012695 0.021605
0 0.707520 0.608796 0.010742 0.023148
0 0.878418 0.550154 0.006836 0.013889
0 0.812988 0.562500 0.010742 0.016975
0 0.776855 0.551698 0.010742 0.020062
0 0.765625 0.569444 0.007812 0.021605
0 0.721191 0.575617 0.008789 0.018519
0 0.850098 0.581019 0.006836 0.016975
0 0.729492 0.558642 0.007812 0.018519
0 0.746094 0.529321 0.005859 0.006173
0 0.766113 0.530093 0.004883 0.010802
0 0.700195 0.537809 0.009766 0.020062
0 0.652832 0.609568 0.012695 0.024691
0 0.664062 0.595679 0.009766 0.024691
0 0.675781 0.581019 0.011719 0.020062
0 0.684082 0.563272 0.008789 0.018519
0 0.611328 0.599537 0.011719 0.023148
0 0.624023 0.588735 0.009766 0.020062
0 0.523438 0.682099 0.013672 0.027778
0 0.495117 0.634259 0.011719 0.024691
0 0.511719 0.618056 0.011719 0.023148
0 0.527344 0.600309 0.011719 0.021605
0 0.549805 0.621914 0.011719 0.021605
0 0.563477 0.611111 0.011719 0.021605
0 0.458008 0.618827 0.011719 0.021605
0 0.475586 0.605710 0.011719 0.020062
0 0.491699 0.589506 0.010742 0.018519
0 0.598145 0.619599 0.012695 0.023148
0 0.352051 0.634259 0.012695 0.024691
0 0.387207 0.648148 0.012695 0.024691
0 0.408691 0.627315 0.012695 0.023148
0 0.425781 0.612654 0.011719 0.021605
0 0.442383 0.595679 0.009766 0.021605
0 0.395508 0.599537 0.011719 0.020062
0 0.410645 0.584877 0.010742 0.018519
0 0.307129 0.569444 0.008789 0.015432
0 0.258789 0.575617 0.009766 0.015432
0 0.280273 0.559414 0.007812 0.013889
0 0.285156 0.586420 0.011719 0.015432
0 0.634277 0.569444 0.008789 0.021605
0 0.644531 0.554784 0.009766 0.020062
0 0.654785 0.540895 0.008789 0.016975
0 0.668945 0.529321 0.009766 0.018519
0 0.637695 0.520833 0.007812 0.016975
0 0.622559 0.532407 0.008789 0.018519
0 0.611816 0.548611 0.010742 0.016975
0 0.609863 0.511574 0.008789 0.013889
0 0.585449 0.576389 0.008789 0.016975
0 0.575195 0.593364 0.009766 0.016975
0 0.537598 0.580247 0.010742 0.021605
0 0.549316 0.567130 0.010742 0.020062
0 0.561523 0.551698 0.009766 0.020062
0 0.578613 0.537037 0.010742 0.015432
0 0.592773 0.524691 0.009766 0.015432
0 0.578613 0.503086 0.008789 0.018519
0 0.564453 0.514660 0.007812 0.013889
0 0.550781 0.527778 0.007812 0.015432
0 0.533203 0.544753 0.009766 0.018519
0 0.516113 0.560957 0.008789 0.016975
0 0.503906 0.574846 0.009766 0.016975
0 0.551270 0.497685 0.008789 0.013889
0 0.534668 0.512346 0.008789 0.015432
0 0.522461 0.521605 0.007812 0.012346
0 0.505859 0.536265 0.009766 0.013889
0 0.457031 0.579475 0.009766 0.016975
0 0.476562 0.562500 0.009766 0.016975
0 0.487305 0.551698 0.007812 0.016975
0 0.375488 0.615741 0.012695 0.018519
0 0.361816 0.589506 0.010742 0.021605
0 0.384277 0.574846 0.008789 0.016975
0 0.400391 0.559414 0.009766 0.016975
0 0.429688 0.569444 0.009766 0.018519
0 0.442383 0.553241 0.009766 0.016975
0 0.458008 0.538580 0.007812 0.015432
0 0.416016 0.545525 0.009766 0.020062
0 0.430664 0.528549 0.009766 0.016975
0 0.477051 0.525463 0.010742 0.016975
0 0.496582 0.514660 0.008789 0.016975
0 0.511719 0.502315 0.007812 0.013889
0 0.525879 0.490741 0.008789 0.012346
0 0.483398 0.492284 0.007812 0.012346
0 0.470703 0.501543 0.007812 0.012346
0 0.448242 0.496914 0.009766 0.012346
0 0.335449 0.581019 0.010742 0.016975
0 0.354980 0.562500 0.010742 0.016975
0 0.375000 0.550154 0.009766 0.016975
0 0.389648 0.535494 0.009766 0.015432
0 0.409180 0.525463 0.009766 0.013889
0 0.400879 0.506173 0.008789 0.015432
0 0.384766 0.514660 0.007812 0.013889
0 0.363281 0.527006 0.007812 0.016975
0 0.347656 0.538580 0.009766 0.015432
0 0.330078 0.553241 0.009766 0.016975
0 0.323242 0.528549 0.009766 0.016975
0 0.340820 0.516204 0.009766 0.013889
0 0.359863 0.508488 0.010742 0.013889
0 0.317871 0.510031 0.008789 0.013889
0 0.112793 0.532407 0.010742 0.018519
0 0.128418 0.542438 0.008789 0.016975
0 0.152832 0.551698 0.008789 0.016975
0 0.235352 0.565586 0.009766 0.016975
0 0.214355 0.557099 0.010742 0.015432
0 0.158203 0.527778 0.007812 0.015432
0 0.177246 0.539352 0.008789 0.013889
0 0.194336 0.545525 0.007812 0.013889
0 0.200195 0.521605 0.007812 0.018519
0 0.279297 0.517747 0.009766 0.016975
0 0.303711 0.525463 0.009766 0.013889
0 0.305176 0.544753 0.010742 0.012346
0 0.257324 0.548611 0.008789 0.013889
0 0.239258 0.536265 0.007812 0.013889
0 0.219727 0.533951 0.007812 0.012346
0 0.263184 0.526235 0.006836 0.012346
0 0.976074 0.502315 0.008789 0.016975
0 0.989746 0.486883 0.006836 0.013889
0 0.979492 0.486111 0.005859 0.012346
0 0.870117 0.493056 0.005859 0.010802
0 0.876953 0.496142 0.005859 0.010802
0 0.899902 0.484568 0.004883 0.009259
0 0.888672 0.469907 0.005859 0.010802
0 0.876465 0.470679 0.006836 0.012346
0 0.865723 0.462963 0.004883 0.009259
0 0.847168 0.470679 0.006836 0.012346
0 0.856934 0.472994 0.004883 0.010802
0 0.825684 0.470679 0.004883 0.009259
0 0.817871 0.489969 0.006836 0.010802
0 0.828613 0.499228 0.004883 0.007716
0 0.845703 0.487654 0.005859 0.012346
0 0.841309 0.499228 0.004883 0.007716
0 0.962402 0.451389 0.006836 0.013889
0 0.985352 0.453704 0.007812 0.012346
0 0.951172 0.439043 0.007812 0.010802
0 0.925781 0.457562 0.005859 0.007716
0 0.932129 0.469907 0.004883 0.013889
0 0.807617 0.480710 0.005859 0.010802
0 0.981445 0.395062 0.003906 0.009259
0 0.991211 0.384259 0.003906 0.009259
0 0.989746 0.412809 0.004883 0.010802
0 0.965820 0.407407 0.003906 0.009259
0 0.919922 0.406636 0.005859 0.007716
0 0.931152 0.400463 0.004883 0.010802
0 0.926758 0.391975 0.003906 0.009259
0 0.937500 0.390432 0.003906 0.009259
0 0.857910 0.447531 0.002930 0.009259
0 0.847168 0.457562 0.006836 0.010802
0 0.775391 0.479938 0.007812 0.009259
0 0.788574 0.477623 0.006836 0.010802
0 0.762695 0.472994 0.005859 0.013889
0 0.875977 0.421296 0.005859 0.012346
0 0.874512 0.440586 0.004883 0.010802
0 0.933105 0.419753 0.004883 0.009259
0 0.770996 0.455247 0.006836 0.012346
0 0.757812 0.452932 0.007812 0.010802
0 0.782715 0.444444 0.004883 0.006173
0 0.793945 0.452160 0.005859 0.009259
0 0.913086 0.487654 0.005859 0.012346
0 0.980469 0.413580 0.007812 0.015432
0 0.714844 0.463735 0.005859 0.010802
0 0.735352 0.465278 0.005859 0.010802
0 0.698730 0.452932 0.006836 0.010802
0 0.779785 0.432099 0.004883 0.009259
0 0.812500 0.408951 0.003906 0.009259
0 0.815918 0.397377 0.004883 0.007716
0 0.818359 0.378858 0.003906 0.007716
0 0.836426 0.428241 0.004883 0.007716
0 0.882324 0.401235 0.004883 0.009259
0 0.839355 0.350309 0.004883 0.009259
0 0.674316 0.419753 0.004883 0.012346
0 0.683105 0.414352 0.004883 0.010802
0 0.693359 0.422840 0.005859 0.009259
0 0.692383 0.438272 0.005859 0.012346
0 0.739746 0.401235 0.004883 0.009259
0 0.778320 0.361883 0.003906 0.010802
0 0.853516 0.391204 0.005859 0.016975
0 0.859375 0.352623 0.003906 0.004630
0 0.666504 0.433642 0.004883 0.012346
0 0.658691 0.440586 0.004883 0.010802
0 0.805176 0.394290 0.004883 0.010802
0 0.792969 0.396605 0.003906 0.009259
0 0.736328 0.421296 0.003906 0.009259
0 0.829102 0.412037 0.005859 0.015432
0 0.948730 0.333333 0.004883 0.009259
0 0.943848 0.352623 0.004883 0.007716
0 0.948242 0.349537 0.003906 0.007716
0 0.848633 0.375000 0.005859 0.009259
0 0.987305 0.351080 0.003906 0.010802
0 0.994629 0.334105 0.004883 0.010802
0 0.848145 0.339506 0.004883 0.009259
0 0.801758 0.361883 0.003906 0.010802
0 0.769043 0.416667 0.004883 0.012346
0 0.766113 0.374228 0.004883 0.010802
0 0.939453 0.462191 0.005859 0.010802
0 0.728027 0.392747 0.004883 0.010802
0 0.681152 0.364198 0.004883 0.009259
0 0.719727 0.373457 0.003906 0.009259
0 0.748047 0.364969 0.003906 0.007716
0 0.766113 0.353395 0.004883 0.009259
0 0.716797 0.436728 0.005859 0.012346
0 0.842285 0.395833 0.004883 0.010802
