0 0.065430 0.140556 0.060547 0.122987
0 0.127930 0.184480 0.009766 0.023426
0 0.166016 0.174963 0.011719 0.021962
0 0.140625 0.165447 0.009766 0.017570
0 0.156738 0.147145 0.010742 0.016105
0 0.185059 0.172035 0.012695 0.019034
0 0.204590 0.180820 0.010742 0.019034
0 0.218750 0.180820 0.013672 0.021962
0 0.241211 0.190337 0.007812 0.023426
0 0.264648 0.199122 0.007812 0.014641
0 0.294922 0.205710 0.007812 0.019034
0 0.306641 0.204246 0.007812 0.016105
0 0.336914 0.213763 0.007812 0.020498
0 0.424805 0.228404 0.007812 0.017570
0 0.458496 0.289165 0.008789 0.016105
0 0.497070 0.286237 0.007812 0.016105
0 0.518555 0.215959 0.007812 0.024890
0 0.644043 0.240117 0.008789 0.017570
0 0.687988 0.254026 0.006836 0.019034
0 0.574707 0.433382 0.016602 0.052709
0 0.649414 0.537335 0.015625 0.032211
0 0.693848 0.539531 0.010742 0.024890
0 0.633789 0.543924 0.007812 0.021962
0 0.622559 0.540996 0.008789 0.024890
0 0.565918 0.528551 0.012695 0.032211
0 0.542969 0.491947 0.007812 0.020498
0 0.532227 0.489019 0.009766 0.032211
0 0.493164 0.439971 0.019531 0.042460
0 0.433105 0.486091 0.016602 0.035139
0 0.436035 0.436310 0.016602 0.026354
0 0.407227 0.454612 0.009766 0.024890
0 0.379395 0.444363 0.012695 0.024890
0 0.364258 0.432650 0.015625 0.030747
0 0.328613 0.480966 0.016602 0.039531
0 0.323730 0.418741 0.012695 0.029283
0 0.281738 0.422401 0.012695 0.021962
0 0.286133 0.496340 0.013672 0.035139
0 0.295410 0.476574 0.014648 0.030747
0 0.264160 0.500000 0.014648 0.033675
0 0.230957 0.500000 0.016602 0.030747
0 0.220703 0.470717 0.013672 0.027818
0 0.234863 0.448755 0.012695 0.030747
0 0.134766 0.243045 0.009766 0.020498
0 0.142090 0.220351 0.012695 0.021962
0 0.103027 0.213763 0.010742 0.023426
0 0.723145 0.514641 0.008789 0.021962
0 0.737305 0.510981 0.009766 0.020498
0 0.759277 0.530747 0.008789 0.030747
0 0.766602 0.527086 0.013672 0.020498
0 0.789062 0.487555 0.011719 0.026354
0 0.870605 0.404832 0.020508 0.045388
0 0.957031 0.420937 0.017578 0.048316
0 0.960938 0.629575 0.031250 0.093704
0 0.914551 0.523426 0.014648 0.042460
0 0.885742 0.539531 0.009766 0.024890
0 0.372559 0.516837 0.016602 0.029283
