0 0.103027 0.373715 0.006836 0.013216
0 0.182617 0.293686 0.005859 0.008811
0 0.310059 0.344347 0.006836 0.013216
0 0.337402 0.347283 0.006836 0.010279
0 0.368164 0.364170 0.005859 0.011747
0 0.405273 0.378120 0.005859 0.013216
0 0.540527 0.277533 0.002930 0.005874
0 0.526367 0.260646 0.003906 0.010279
0 0.538086 0.234214 0.003906 0.007342
0 0.556641 0.229075 0.001953 0.008811
0 0.718262 0.248899 0.002930 0.007342
0 0.724121 0.263583 0.002930 0.007342
0 0.733887 0.333333 0.004883 0.008811
0 0.690918 0.328194 0.004883 0.010279
0 0.652832 0.317915 0.004883 0.010279
0 0.623535 0.306167 0.002930 0.010279
0 0.582031 0.289280 0.003906 0.011747
0 0.781250 0.353157 0.003906 0.016153
0 0.832520 0.361968 0.004883 0.013216
0 0.853027 0.357562 0.004883 0.016153
0 0.837891 0.339207 0.005859 0.011747
0 0.920898 0.251101 0.003906 0.008811
0 0.513672 0.425844 0.003906 0.011747
0 0.562988 0.444200 0.008789 0.016153
0 0.614258 0.465492 0.007812 0.014684
0 0.676270 0.491924 0.006836 0.011747
0 0.680176 0.515419 0.006836 0.017621
0 0.742676 0.499266 0.008789 0.017621
0 0.806641 0.475771 0.005859 0.014684
0 0.858398 0.472834 0.005859 0.011747
0 0.881836 0.437592 0.005859 0.017621
0 0.895996 0.413363 0.006836 0.010279
0 0.888672 0.391336 0.005859 0.010279
0 0.914062 0.369310 0.005859 0.010279
0 0.946289 0.350954 0.003906 0.011747
0 0.919434 0.512482 0.006836 0.014684
0 0.968262 0.263583 0.004883 0.010279
0 0.982910 0.338473 0.004883 0.010279
0 0.996582 0.317181 0.002930 0.008811
0 0.995117 0.286344 0.003906 0.008811
0 0.040527 0.513216 0.006836 0.013216
0 0.111816 0.519090 0.006836 0.010279
0 0.146973 0.560940 0.008789 0.014684
0 0.179199 0.577827 0.006836 0.010279
0 0.224121 0.623348 0.010742 0.016153
0 0.262207 0.646843 0.010742 0.010279
0 0.312012 0.685022 0.012695 0.019090
0 0.364746 0.737885 0.010742 0.013216
0 0.455566 0.754772 0.010742 0.023495
0 0.559570 0.753304 0.011719 0.020558
0 0.621582 0.710720 0.010742 0.014684
0 0.671875 0.685022 0.005859 0.013216
0 0.688965 0.613803 0.010742 0.020558
0 0.692871 0.558737 0.008789 0.013216
0 0.706543 0.593245 0.006836 0.011747
0 0.433105 0.392070 0.006836 0.011747
0 0.470215 0.403084 0.006836 0.013216
0 0.674316 0.260646 0.004883 0.007342
0 0.589355 0.218062 0.006836 0.013216
0 0.622559 0.207783 0.004883 0.010279
0 0.750000 0.285609 0.005859 0.010279
0 0.877441 0.237885 0.004883 0.008811
0 0.705078 0.209985 0.003906 0.005874
0 0.745117 0.213656 0.003906 0.007342
