0 0.099121 0.763648 0.010742 0.019973
0 0.109375 0.741678 0.011719 0.023968
0 0.158203 0.754328 0.011719 0.025300
0 0.125977 0.758988 0.009766 0.021305
0 0.167480 0.758322 0.010742 0.019973
0 0.241699 0.756991 0.012695 0.022636
0 0.271484 0.716378 0.007812 0.013316
0 0.333008 0.740346 0.009766 0.018642
0 0.367188 0.744341 0.009766 0.021305
0 0.382812 0.752330 0.007812 0.013316
0 0.427246 0.762317 0.012695 0.019973
0 0.574707 0.760320 0.012695 0.021305
0 0.628418 0.746338 0.012695 0.025300
0 0.614258 0.743009 0.011719 0.018642
0 0.593750 0.723702 0.009766 0.014647
0 0.553223 0.727696 0.006836 0.011984
0 0.575195 0.718375 0.005859 0.011984
0 0.722168 0.733023 0.012695 0.022636
0 0.795410 0.748336 0.014648 0.026631
0 0.265137 0.749667 0.008789 0.013316
0 0.278320 0.747670 0.007812 0.017310
0 0.303711 0.754328 0.009766 0.017310
0 0.312988 0.756991 0.010742 0.019973
0 0.301270 0.773635 0.008789 0.015979
0 0.131348 0.737683 0.010742 0.021305
0 0.055664 0.750999 0.009766 0.023968
0 0.009766 0.749667 0.009766 0.023968
0 0.013672 0.744341 0.007812 0.023968
0 0.080566 0.750333 0.012695 0.027963
0 0.207031 0.733023 0.005859 0.009321
0 0.430176 0.736352 0.008789 0.013316
0 0.400391 0.740346 0.007812 0.015979
0 0.468750 0.742344 0.005859 0.011984
0 0.475098 0.735686 0.006836 0.017310
0 0.542969 0.740346 0.009766 0.015979
0 0.473633 0.816245 0.009766 0.018642
0 0.531250 0.713715 0.005859 0.010652
0 0.519531 0.806258 0.009766 0.017310
0 0.534668 0.761651 0.010742 0.015979
0 0.313477 0.830892 0.011719 0.021305
