0 0.336426 0.482055 0.020508 0.044046
0 0.511230 0.487765 0.020508 0.048940
0 0.160156 0.469821 0.023438 0.052202
0 0.068359 0.466558 0.023438 0.035889
0 0.712891 0.494290 0.009766 0.029364
0 0.826172 0.641925 0.005859 0.017945
0 0.842773 0.497553 0.005859 0.013051
0 0.829102 0.490212 0.005859 0.011419
0 0.816895 0.493475 0.004883 0.011419
0 0.805176 0.493475 0.004883 0.011419
0 0.795410 0.499184 0.004883 0.009788
0 0.774902 0.502447 0.004883 0.009788
0 0.751953 0.495922 0.005859 0.009788
0 0.880859 0.487765 0.003906 0.009788
0 0.900879 0.482871 0.004883 0.009788
0 0.913086 0.490212 0.003906 0.008157
0 0.932129 0.483687 0.004883 0.011419
0 0.909668 0.461664 0.004883 0.009788
0 0.893555 0.455139 0.003906 0.009788
0 0.875488 0.459217 0.004883 0.011419
0 0.853027 0.460033 0.004883 0.009788
0 0.836426 0.461664 0.004883 0.009788
0 0.812500 0.458401 0.003906 0.006525
0 0.822266 0.435563 0.003906 0.009788
0 0.868164 0.443719 0.003906 0.009788
0 0.889160 0.443719 0.004883 0.009788
0 0.929199 0.435563 0.004883 0.009788
0 0.921387 0.416803 0.004883 0.011419
0 0.936523 0.414356 0.003906 0.009788
0 0.976074 0.393148 0.004883 0.013051
0 0.909668 0.437194 0.004883 0.009788
0 0.889648 0.422512 0.003906 0.009788
0 0.871582 0.411093 0.004883 0.009788
0 0.767090 0.477162 0.004883 0.008157
0 0.752441 0.455139 0.004883 0.006525
0 0.790527 0.458401 0.004883 0.009788
0 0.784668 0.476346 0.004883 0.009788
0 0.798828 0.476346 0.001953 0.006525
0 0.770508 0.455139 0.003906 0.009788
0 0.772949 0.439641 0.002930 0.008157
0 0.732910 0.455954 0.004883 0.008157
0 0.702637 0.464111 0.004883 0.008157
0 0.665527 0.482871 0.004883 0.009788
0 0.653809 0.500816 0.004883 0.006525
0 0.634766 0.498369 0.003906 0.008157
0 0.638672 0.481240 0.003906 0.009788
0 0.641602 0.459217 0.003906 0.008157
0 0.654785 0.460848 0.004883 0.008157
0 0.840820 0.430669 0.003906 0.009788
0 0.849609 0.412724 0.003906 0.006525
0 0.670898 0.460033 0.003906 0.006525
0 0.672363 0.437194 0.002930 0.009788
0 0.657715 0.439641 0.002930 0.008157
0 0.593262 0.497553 0.002930 0.006525
0 0.612793 0.500816 0.002930 0.006525
0 0.621582 0.480424 0.002930 0.008157
0 0.567871 0.494290 0.002930 0.006525
0 0.606934 0.460033 0.002930 0.009788
0 0.570312 0.477162 0.003906 0.008157
0 0.588867 0.463295 0.003906 0.009788
0 0.624023 0.460033 0.003906 0.006525
0 0.516602 0.420881 0.003906 0.006525
0 0.504883 0.423328 0.003906 0.008157
0 0.491699 0.420065 0.002930 0.008157
0 0.476074 0.421697 0.002930 0.008157
0 0.485840 0.454323 0.002930 0.008157
0 0.533203 0.423328 0.003906 0.008157
0 0.535156 0.460033 0.003906 0.006525
0 0.520508 0.443719 0.003906 0.006525
0 0.120117 0.454323 0.003906 0.008157
0 0.066406 0.362153 0.003906 0.009788
0 0.010742 0.354812 0.003906 0.008157
0 0.023438 0.356444 0.003906 0.008157
0 0.035156 0.354812 0.003906 0.008157
0 0.071289 0.352365 0.003906 0.006525
0 0.079590 0.362969 0.002930 0.008157
0 0.031738 0.515498 0.004883 0.009788
0 0.013672 0.513051 0.003906 0.011419
0 0.033691 0.409462 0.004883 0.009788
0 0.031250 0.393964 0.003906 0.008157
0 0.126953 0.490212 0.003906 0.008157
0 0.137695 0.452692 0.003906 0.008157
0 0.017578 0.468189 0.003906 0.006525
