0 0.842773 0.693576 0.007812 0.022569
0 0.766602 0.604167 0.007812 0.020833
0 0.652344 0.460938 0.009766 0.022569
0 0.563965 0.561632 0.008789 0.019097
0 0.818848 0.326389 0.008789 0.020833
0 0.282715 0.467882 0.008789 0.015625
0 0.275879 0.616319 0.008789 0.020833
0 0.135742 0.716146 0.009766 0.026042
0 0.189453 0.318576 0.005859 0.012153
0 0.387207 0.555556 0.008789 0.020833
0 0.494629 0.764757 0.008789 0.029514
0 0.729980 0.207465 0.006836 0.015625
0 0.645996 0.164931 0.008789 0.017361
0 0.851074 0.136285 0.008789 0.012153
0 0.946289 0.174479 0.005859 0.015625
0 0.781738 0.098958 0.006836 0.010417
0 0.711426 0.046875 0.008789 0.010417
0 0.646484 0.023438 0.009766 0.015625
0 0.564941 0.132812 0.008789 0.012153
0 0.460449 0.094618 0.006836 0.012153
0 0.400879 0.118924 0.008789 0.015625
0 0.517090 0.107639 0.008789 0.017361
0 0.292969 0.175347 0.007812 0.013889
0 0.318848 0.007812 0.006836 0.012153
0 0.180664 0.085938 0.009766 0.015625
0 0.099609 0.122396 0.007812 0.012153
0 0.011230 0.157118 0.006836 0.012153
0 0.244629 0.046875 0.008789 0.017361
0 0.032227 0.006944 0.005859 0.010417
