0 0.012695 0.594945 0.009766 0.015027
0 0.024902 0.609973 0.006836 0.012295
0 0.046387 0.603825 0.006836 0.010929
0 0.065430 0.584699 0.009766 0.013661
0 0.020508 0.534153 0.005859 0.008197
0 0.131836 0.605191 0.011719 0.019126
0 0.168457 0.583333 0.010742 0.019126
0 0.099121 0.588798 0.006836 0.013661
0 0.104980 0.563525 0.006836 0.012295
0 0.159668 0.570355 0.008789 0.015027
0 0.150391 0.570355 0.007812 0.012295
0 0.182617 0.594945 0.009766 0.017760
0 0.185059 0.569672 0.008789 0.016393
0 0.193359 0.571721 0.005859 0.012295
0 0.236328 0.621585 0.019531 0.030055
0 0.256348 0.621585 0.026367 0.038251
0 0.285645 0.638661 0.028320 0.047814
0 0.313477 0.583333 0.013672 0.021858
0 0.357422 0.583333 0.019531 0.027322
0 0.311035 0.661885 0.040039 0.053279
0 0.424805 0.676913 0.048828 0.077869
0 0.367676 0.627732 0.024414 0.034153
0 0.405762 0.592896 0.026367 0.035519
0 0.455566 0.609973 0.028320 0.042350
0 0.496094 0.581284 0.019531 0.031421
0 0.475098 0.598361 0.018555 0.030055
0 0.516602 0.540984 0.007812 0.013661
0 0.535645 0.537568 0.008789 0.015027
0 0.574707 0.558060 0.010742 0.020492
0 0.601562 0.581284 0.021484 0.031421
0 0.596191 0.532787 0.008789 0.013661
0 0.617676 0.512295 0.008789 0.016393
0 0.630859 0.508197 0.005859 0.010929
0 0.589355 0.518443 0.006836 0.009563
0 0.577637 0.506831 0.006836 0.010929
0 0.556152 0.511612 0.006836 0.012295
0 0.605957 0.516393 0.006836 0.008197
0 0.609863 0.536202 0.008789 0.015027
0 0.698730 0.275956 0.006836 0.008197
0 0.716309 0.278005 0.004883 0.009563
0 0.739258 0.280738 0.005859 0.009563
0 0.751953 0.269126 0.005859 0.010929
0 0.777832 0.262295 0.004883 0.008197
0 0.787598 0.260929 0.006836 0.010929
0 0.799316 0.256148 0.006836 0.012295
0 0.818359 0.258197 0.003906 0.008197
0 0.839844 0.252049 0.007812 0.012295
0 0.847656 0.244536 0.007812 0.016393
0 0.896484 0.241803 0.007812 0.013661
0 0.860352 0.252732 0.007812 0.010929
0 0.913574 0.216530 0.006836 0.012295
0 0.664551 0.532787 0.010742 0.019126
0 0.646484 0.504098 0.003906 0.008197
0 0.665527 0.505464 0.006836 0.010929
0 0.687012 0.506831 0.004883 0.010929
0 0.701660 0.524590 0.006836 0.010929
0 0.698242 0.489754 0.005859 0.009563
0 0.732422 0.497268 0.007812 0.013661
0 0.761719 0.489754 0.005859 0.012295
0 0.803223 0.493169 0.006836 0.013661
0 0.781738 0.525956 0.006836 0.013661
0 0.785156 0.523907 0.005859 0.015027
0 0.741699 0.529372 0.010742 0.017760
0 0.732910 0.510246 0.006836 0.015027
0 0.750488 0.506148 0.008789 0.009563
0 0.827637 0.528005 0.008789 0.017760
0 0.799805 0.560792 0.015625 0.025956
0 0.833984 0.504781 0.007812 0.012295
0 0.861816 0.528005 0.014648 0.023224
0 0.854492 0.492486 0.005859 0.015027
0 0.969238 0.538934 0.014648 0.028689
0 0.924316 0.498634 0.006836 0.010929
0 0.958008 0.495902 0.007812 0.010929
0 0.973633 0.500000 0.007812 0.010929
0 0.994141 0.505464 0.011719 0.016393
0 0.482910 0.815574 0.059570 0.103825
0 0.542480 0.621585 0.036133 0.057377
0 0.570312 0.599044 0.015625 0.023224
0 0.642090 0.637978 0.045898 0.065574
0 0.678223 0.582650 0.020508 0.031421
0 0.716797 0.609290 0.031250 0.051913
0 0.763184 0.596995 0.028320 0.046448
0 0.838867 0.696038 0.064453 0.094262
0 0.878906 0.633197 0.037109 0.064208
0 0.684082 0.815574 0.098633 0.163934
0 0.879395 0.500000 0.006836 0.010929
0 0.877441 0.487705 0.006836 0.010929
0 0.800293 0.514344 0.006836 0.012295
0 0.788086 0.497951 0.007812 0.012295
0 0.780762 0.498634 0.006836 0.013661
0 0.121094 0.581967 0.009766 0.013661
0 0.016602 0.583333 0.005859 0.010929
