0 0.126953 0.193359 0.039062 0.071615
0 0.303223 0.270182 0.028320 0.048177
0 0.350586 0.270833 0.021484 0.041667
0 0.515137 0.295573 0.047852 0.091146
0 0.566895 0.298177 0.004883 0.010417
0 0.625977 0.272135 0.033203 0.057292
0 0.727539 0.277995 0.013672 0.027344
0 0.769043 0.308594 0.022461 0.036458
0 0.821289 0.292969 0.009766 0.018229
0 0.810059 0.291667 0.004883 0.007812
0 0.889648 0.292318 0.007812 0.016927
0 0.901367 0.290365 0.013672 0.023438
0 0.925781 0.294271 0.009766 0.018229
0 0.915039 0.306641 0.003906 0.006510
0 0.944336 0.333984 0.037109 0.066406
0 0.827637 0.329427 0.012695 0.023438
