0 0.055176 0.709613 0.018555 0.033378
0 0.140137 0.686248 0.016602 0.026702
0 0.122070 0.604139 0.017578 0.033378
0 0.059082 0.622163 0.006836 0.016021
0 0.228027 0.650200 0.008789 0.016021
0 0.246094 0.666889 0.005859 0.012016
0 0.274902 0.640187 0.012695 0.022697
0 0.249512 0.642857 0.008789 0.014686
0 0.249512 0.606809 0.010742 0.020027
0 0.289062 0.616822 0.009766 0.016021
0 0.365234 0.671562 0.017578 0.042724
0 0.336914 0.641522 0.009766 0.017356
0 0.378418 0.642857 0.010742 0.020027
0 0.404297 0.631509 0.013672 0.024032
0 0.330078 0.616822 0.007812 0.016021
0 0.312500 0.625501 0.003906 0.006676
0 0.426758 0.624166 0.009766 0.017356
0 0.477539 0.635514 0.017578 0.032043
0 0.521973 0.626168 0.014648 0.024032
0 0.548340 0.748331 0.020508 0.036048
0 0.583984 0.735648 0.011719 0.018692
0 0.577637 0.630841 0.010742 0.020027
0 0.618652 0.646862 0.010742 0.020027
0 0.586426 0.610147 0.012695 0.021362
0 0.502441 0.616155 0.004883 0.009346
0 0.494629 0.618158 0.006836 0.010681
0 0.648926 0.630174 0.014648 0.026702
0 0.669922 0.618825 0.023438 0.033378
0 0.759277 0.660881 0.014648 0.024032
0 0.758789 0.751001 0.015625 0.025367
0 0.862793 0.748999 0.014648 0.024032
0 0.165527 0.622830 0.004883 0.006676
0 0.197266 0.624833 0.003906 0.008011
0 0.217773 0.622830 0.003906 0.006676
0 0.208496 0.618825 0.004883 0.006676
0 0.314941 0.620828 0.004883 0.010681
0 0.532227 0.624166 0.007812 0.014686
