0 0.011230 0.220351 0.018555 0.048316
0 0.035645 0.219619 0.024414 0.049780
0 0.120605 0.256955 0.034180 0.071742
0 0.173828 0.264275 0.029297 0.048316
0 0.210938 0.248902 0.019531 0.032211
0 0.268555 0.279649 0.031250 0.058565
0 0.331543 0.256223 0.030273 0.049780
0 0.301270 0.288433 0.020508 0.032211
0 0.490234 0.304539 0.021484 0.035139
0 0.401855 0.286237 0.008789 0.019034
0 0.388184 0.292826 0.006836 0.014641
0 0.433105 0.297218 0.008789 0.017570
0 0.543945 0.302343 0.044922 0.086384
0 0.643066 0.312592 0.034180 0.068814
0 0.691895 0.304539 0.020508 0.035139
0 0.670898 0.314056 0.013672 0.024890
0 0.728027 0.308199 0.016602 0.033675
0 0.773926 0.363836 0.012695 0.027818
0 0.789062 0.366032 0.013672 0.023426
0 0.820801 0.336750 0.024414 0.046852
0 0.856934 0.332357 0.030273 0.058565
0 0.875977 0.256955 0.027344 0.048316
0 0.811523 0.293558 0.019531 0.030747
0 0.791992 0.301611 0.013672 0.026354
0 0.739258 0.289898 0.013672 0.023426
0 0.716797 0.261347 0.009766 0.021962
0 0.959961 0.308199 0.017578 0.033675
0 0.945312 0.377013 0.009766 0.024890
0 0.970215 0.374085 0.014648 0.024890
0 0.937012 0.283309 0.012695 0.024890
0 0.941895 0.247438 0.012695 0.023426
0 0.742188 0.385066 0.009766 0.020498
0 0.752930 0.368960 0.013672 0.029283
0 0.465820 0.285505 0.007812 0.017570
0 0.994629 0.297218 0.010742 0.029283
0 0.990723 0.392387 0.014648 0.026354
0 0.989258 0.481698 0.013672 0.029283
0 0.961914 0.478038 0.013672 0.030747
0 0.989746 0.243045 0.008789 0.023426
0 0.641602 0.264275 0.009766 0.024890
0 0.657715 0.274524 0.008789 0.019034
0 0.751953 0.275256 0.011719 0.023426
0 0.915039 0.286969 0.015625 0.026354
0 0.413574 0.271596 0.006836 0.013177
