0 0.793945 0.315041 0.007812 0.012195
0 0.817383 0.373306 0.005859 0.014905
0 0.960449 0.391599 0.008789 0.013550
0 0.965820 0.374661 0.007812 0.012195
0 0.121094 0.371951 0.029297 0.044715
0 0.181152 0.365854 0.030273 0.048780
0 0.344238 0.363821 0.041992 0.060976
0 0.302734 0.110434 0.035156 0.050136
0 0.478516 0.155827 0.023438 0.035230
0 0.526367 0.384146 0.025391 0.033875
0 0.579590 0.262195 0.012695 0.025745
0 0.609375 0.385501 0.015625 0.025745
0 0.632812 0.292005 0.011719 0.020325
0 0.662598 0.386856 0.010742 0.017615
0 0.708984 0.302846 0.011719 0.020325
0 0.719727 0.382791 0.015625 0.023035
0 0.774414 0.303523 0.009766 0.013550
0 0.791504 0.382791 0.010742 0.017615
