0 0.995605 0.408203 0.008789 0.016927
0 0.988770 0.401693 0.010742 0.019531
0 0.955078 0.399089 0.011719 0.014323
0 0.951172 0.385417 0.009766 0.015625
0 0.930176 0.421224 0.008789 0.016927
0 0.940430 0.401693 0.009766 0.016927
0 0.924805 0.384115 0.009766 0.015625
0 0.904297 0.410807 0.009766 0.016927
0 0.902344 0.382812 0.009766 0.018229
0 0.887695 0.397786 0.007812 0.014323
0 0.886719 0.382161 0.009766 0.014323
0 0.867188 0.404948 0.009766 0.015625
0 0.863770 0.388021 0.008789 0.015625
0 0.873047 0.376302 0.009766 0.015625
0 0.838379 0.411458 0.008789 0.018229
0 0.836426 0.384766 0.008789 0.016927
0 0.801758 0.395182 0.017578 0.027344
0 0.743164 0.399089 0.007812 0.014323
0 0.724609 0.398438 0.007812 0.013021
0 0.726562 0.378255 0.007812 0.014323
0 0.663086 0.391276 0.005859 0.011719
0 0.830566 0.391276 0.006836 0.014323
0 0.620117 0.282552 0.041016 0.080729
0 0.499023 0.409505 0.031250 0.050781
0 0.443848 0.367839 0.040039 0.079427
0 0.480469 0.379557 0.011719 0.019531
0 0.374023 0.380859 0.005859 0.009115
0 0.395020 0.391276 0.012695 0.022135
0 0.329102 0.375651 0.005859 0.009115
0 0.309082 0.375651 0.004883 0.009115
0 0.087891 0.356120 0.013672 0.022135
0 0.173340 0.363932 0.004883 0.009115
0 0.693848 0.406250 0.008789 0.015625
0 0.696777 0.393880 0.006836 0.011719
0 0.668945 0.391927 0.005859 0.010417
0 0.775879 0.397135 0.010742 0.020833
