0 0.036133 0.618490 0.011719 0.020833
0 0.183105 0.489583 0.018555 0.033854
0 0.045410 0.518880 0.010742 0.016927
0 0.054688 0.613932 0.011719 0.019531
0 0.109863 0.619792 0.008789 0.018229
0 0.125000 0.618490 0.011719 0.018229
0 0.075195 0.516276 0.011719 0.019531
0 0.103516 0.518880 0.007812 0.016927
0 0.114258 0.511068 0.009766 0.016927
0 0.147461 0.503906 0.007812 0.018229
0 0.205566 0.509766 0.008789 0.016927
0 0.220215 0.516276 0.010742 0.019531
0 0.335449 0.501302 0.016602 0.028646
0 0.291992 0.584635 0.005859 0.015625
0 0.244141 0.513672 0.007812 0.014323
0 0.395996 0.583333 0.008789 0.015625
0 0.408203 0.580729 0.007812 0.010417
0 0.380859 0.583984 0.005859 0.011719
0 0.271973 0.506510 0.006836 0.013021
0 0.348145 0.516276 0.006836 0.011719
0 0.360840 0.531250 0.004883 0.007812
0 0.459473 0.472005 0.018555 0.032552
0 0.420898 0.533854 0.007812 0.013021
0 0.530762 0.518229 0.004883 0.007812
0 0.644043 0.497396 0.014648 0.023438
0 0.717285 0.492839 0.012695 0.027344
0 0.756836 0.501302 0.011719 0.020833
0 0.763672 0.498047 0.007812 0.016927
0 0.933105 0.805990 0.067383 0.096354
0 0.822754 0.526693 0.004883 0.006510
0 0.858398 0.517578 0.003906 0.006510
0 0.828125 0.517578 0.003906 0.006510
0 0.834961 0.517578 0.003906 0.006510
0 0.554199 0.564453 0.002930 0.006510
0 0.540039 0.570312 0.003906 0.007812
0 0.527344 0.569661 0.003906 0.009115
0 0.517090 0.572266 0.004883 0.009115
0 0.548340 0.525391 0.002930 0.009115
0 0.577637 0.567708 0.002930 0.007812
0 0.583008 0.563151 0.003906 0.009115
0 0.501465 0.518880 0.004883 0.009115
0 0.493652 0.520182 0.004883 0.009115
0 0.381348 0.523438 0.004883 0.007812
0 0.432129 0.518880 0.004883 0.009115
0 0.419434 0.582682 0.004883 0.011719
0 0.526367 0.520182 0.003906 0.009115
0 0.840332 0.681641 0.016602 0.040365
0 0.030762 0.534505 0.008789 0.011719
