0 0.971680 0.369792 0.011719 0.024306
0 0.818848 0.416667 0.012695 0.027778
0 0.713379 0.412326 0.014648 0.032986
0 0.688965 0.403646 0.006836 0.012153
0 0.491211 0.447917 0.013672 0.027778
0 0.376465 0.436632 0.014648 0.029514
0 0.413574 0.418403 0.012695 0.024306
0 0.539062 0.406250 0.011719 0.024306
0 0.567871 0.410590 0.008789 0.015625
0 0.567871 0.411458 0.008789 0.017361
0 0.609375 0.467882 0.011719 0.022569
0 0.609863 0.436632 0.012695 0.026042
0 0.620605 0.424479 0.008789 0.022569
0 0.494141 0.403646 0.011719 0.026042
0 0.504883 0.415799 0.007812 0.019097
0 0.448730 0.423611 0.006836 0.013889
0 0.470703 0.432292 0.009766 0.020833
0 0.461426 0.418403 0.006836 0.013889
0 0.342773 0.449653 0.009766 0.017361
0 0.332520 0.427951 0.008789 0.015625
0 0.386230 0.427083 0.006836 0.017361
0 0.396973 0.430556 0.006836 0.013889
0 0.127930 0.438368 0.009766 0.015625
0 0.147461 0.436632 0.009766 0.019097
0 0.183594 0.433160 0.009766 0.019097
0 0.228516 0.442708 0.007812 0.013889
0 0.244629 0.420139 0.012695 0.020833
0 0.299805 0.415799 0.009766 0.022569
