0 0.014160 0.533577 0.010742 0.021898
0 0.051758 0.543796 0.011719 0.027737
0 0.103516 0.565693 0.011719 0.024818
0 0.121094 0.519708 0.009766 0.020438
0 0.144531 0.529197 0.009766 0.021898
0 0.179688 0.608029 0.013672 0.024818
0 0.180176 0.521898 0.006836 0.013139
0 0.093262 0.518978 0.012695 0.021898
0 0.157715 0.513869 0.008789 0.017518
0 0.172363 0.505109 0.006836 0.017518
0 0.213867 0.505109 0.007812 0.011679
0 0.212402 0.521898 0.008789 0.013139
0 0.193848 0.518978 0.004883 0.010219
0 0.229980 0.516058 0.008789 0.018978
0 0.248535 0.510949 0.006836 0.017518
0 0.258789 0.503650 0.005859 0.014599
0 0.271973 0.574453 0.014648 0.027737
0 0.300781 0.581022 0.015625 0.032117
0 0.264648 0.525547 0.007812 0.017518
0 0.277344 0.523358 0.007812 0.016058
0 0.286133 0.525547 0.007812 0.017518
0 0.318359 0.524818 0.009766 0.018978
0 0.345215 0.525547 0.010742 0.017518
0 0.370605 0.531387 0.008789 0.017518
0 0.391602 0.522628 0.009766 0.017518
0 0.356934 0.581022 0.014648 0.032117
0 0.392578 0.556204 0.011719 0.026277
0 0.418945 0.546715 0.007812 0.016058
0 0.430176 0.542336 0.008789 0.016058
0 0.445801 0.533577 0.016602 0.033577
0 0.518066 0.536496 0.010742 0.016058
0 0.520508 0.592701 0.015625 0.026277
0 0.559082 0.518248 0.010742 0.017518
0 0.553223 0.570803 0.014648 0.026277
0 0.600586 0.558394 0.013672 0.030657
0 0.623047 0.562044 0.011719 0.026277
0 0.631348 0.543796 0.010742 0.021898
0 0.668945 0.581022 0.015625 0.029197
0 0.743164 0.577372 0.015625 0.024818
0 0.777832 0.572263 0.012695 0.023358
0 0.768066 0.547445 0.010742 0.017518
0 0.803711 0.583212 0.013672 0.024818
0 0.877930 0.563504 0.015625 0.029197
0 0.955078 0.582482 0.015625 0.032117
