0 0.022461 0.252822 0.019531 0.018419
0 0.117188 0.242721 0.023438 0.017231
0 0.023926 0.192513 0.012695 0.008318
0 0.022461 0.172014 0.011719 0.008913
0 0.046387 0.166964 0.008789 0.007130
0 0.008301 0.191325 0.012695 0.008318
0 0.015137 0.152406 0.008789 0.007724
0 0.086914 0.146465 0.007812 0.005348
0 0.133301 0.147059 0.010742 0.006536
0 0.155762 0.141117 0.008789 0.006536
0 0.118652 0.157160 0.012695 0.010101
0 0.117188 0.173203 0.011719 0.008913
0 0.158203 0.180927 0.011719 0.011289
0 0.176270 0.179739 0.012695 0.007724
0 0.178711 0.193999 0.011719 0.008913
0 0.137207 0.210042 0.014648 0.011289
0 0.177246 0.207071 0.012695 0.011289
0 0.244629 0.197564 0.012695 0.012478
0 0.240234 0.179144 0.015625 0.010101
0 0.260742 0.158645 0.013672 0.008318
0 0.276855 0.131313 0.010742 0.007130
0 0.264648 0.131313 0.007812 0.007130
0 0.290039 0.128639 0.007812 0.006536
0 0.289551 0.150030 0.006836 0.006536
0 0.304199 0.141711 0.008789 0.007724
0 0.319336 0.130125 0.007812 0.005942
0 0.378906 0.121509 0.009766 0.006536
0 0.402832 0.120024 0.008789 0.007130
0 0.421875 0.117053 0.009766 0.007130
0 0.115234 0.424242 0.042969 0.033274
0 0.119141 0.505645 0.056641 0.042781
0 0.342285 0.534462 0.069336 0.050505
0 0.333008 0.410873 0.044922 0.033868
0 0.435059 0.469103 0.049805 0.040998
0 0.455566 0.427510 0.043945 0.036245
0 0.546387 0.539216 0.063477 0.046940
0 0.708984 0.454843 0.056641 0.043375
0 0.464844 0.263518 0.025391 0.021985
0 0.546875 0.253417 0.025391 0.021985
0 0.643555 0.244207 0.023438 0.016637
0 0.712402 0.252228 0.030273 0.021985
0 0.680664 0.213607 0.023438 0.017231
0 0.739746 0.223113 0.026367 0.018419
0 0.877441 0.229947 0.030273 0.024955
0 0.565430 0.207962 0.021484 0.015449
0 0.621582 0.195187 0.020508 0.016043
0 0.643066 0.196970 0.016602 0.012478
0 0.668457 0.193999 0.024414 0.016043
0 0.759766 0.199941 0.021484 0.014854
0 0.692383 0.189542 0.019531 0.015449
0 0.686523 0.177956 0.019531 0.014854
0 0.662109 0.169638 0.017578 0.013666
0 0.635742 0.152704 0.015625 0.013072
0 0.688965 0.150327 0.016602 0.013072
0 0.836914 0.183601 0.019531 0.016637
0 0.812500 0.177065 0.019531 0.015449
0 0.769043 0.163399 0.020508 0.015449
0 0.868164 0.157160 0.017578 0.013666
0 0.727051 0.156566 0.016602 0.013666
0 0.734375 0.139632 0.013672 0.010695
0 0.784668 0.150624 0.016602 0.013666
0 0.799805 0.143494 0.015625 0.011289
0 0.830078 0.124777 0.015625 0.013072
0 0.846191 0.140226 0.016602 0.014260
0 0.884766 0.136661 0.015625 0.011884
0 0.881836 0.124480 0.019531 0.012478
0 0.848633 0.101010 0.013672 0.011884
0 0.880371 0.101307 0.014648 0.011289
0 0.783203 0.101010 0.015625 0.011884
0 0.807617 0.095960 0.013672 0.010101
0 0.485352 0.126857 0.005859 0.005348
0 0.510742 0.117053 0.005859 0.005942
0 0.532227 0.109329 0.007812 0.005942
0 0.553711 0.114082 0.009766 0.007130
0 0.576660 0.104575 0.008789 0.004753
0 0.613770 0.100713 0.008789 0.006536
0 0.634766 0.107249 0.009766 0.007724
0 0.650391 0.092097 0.005859 0.004753
0 0.673340 0.088829 0.010742 0.008913
0 0.708008 0.094474 0.007812 0.005942
0 0.736328 0.074569 0.007812 0.007724
0 0.757324 0.084967 0.006836 0.005942
0 0.788086 0.073975 0.009766 0.007724
0 0.813477 0.074569 0.007812 0.006536
0 0.833984 0.078134 0.009766 0.007724
0 0.867676 0.093286 0.014648 0.013072
0 0.876465 0.083482 0.010742 0.008913
0 0.887695 0.074569 0.011719 0.008913
0 0.900879 0.074866 0.008789 0.008318
0 0.919922 0.079026 0.011719 0.009507
0 0.944824 0.059715 0.010742 0.007724
0 0.962891 0.064468 0.011719 0.007724
