0 0.865723 0.456012 0.012695 0.026393
0 0.839355 0.453812 0.006836 0.013196
0 0.823730 0.437683 0.008789 0.013196
0 0.921875 0.430352 0.019531 0.042522
0 0.857422 0.325513 0.009766 0.014663
0 0.830566 0.328446 0.006836 0.011730
0 0.798828 0.414956 0.005859 0.014663
0 0.904297 0.387830 0.007812 0.016129
0 0.725586 0.422287 0.017578 0.032258
0 0.654297 0.461144 0.011719 0.019062
0 0.666016 0.448680 0.011719 0.023460
0 0.630859 0.416422 0.005859 0.014663
0 0.684570 0.388563 0.005859 0.011730
0 0.670410 0.388563 0.008789 0.008798
0 0.675781 0.410557 0.007812 0.014663
0 0.640625 0.362903 0.003906 0.010264
0 0.745117 0.362170 0.009766 0.020528
0 0.537109 0.442082 0.009766 0.016129
0 0.522461 0.429619 0.009766 0.017595
0 0.495117 0.428886 0.013672 0.027859
0 0.476074 0.427419 0.008789 0.016129
0 0.508789 0.393695 0.005859 0.013196
0 0.442383 0.406891 0.025391 0.042522
0 0.379395 0.417155 0.022461 0.033724
0 0.551758 0.392962 0.007812 0.014663
0 0.499023 0.348974 0.005859 0.011730
0 0.303711 0.460411 0.017578 0.026393
0 0.242676 0.440616 0.018555 0.033724
0 0.291992 0.428152 0.009766 0.020528
0 0.280762 0.428152 0.012695 0.020528
0 0.268555 0.431818 0.009766 0.016129
0 0.256348 0.433284 0.012695 0.021994
0 0.208496 0.423021 0.014648 0.021994
0 0.195801 0.434751 0.012695 0.019062
0 0.179199 0.435484 0.014648 0.023460
0 0.164551 0.416422 0.012695 0.023460
0 0.127930 0.424487 0.013672 0.021994
0 0.104004 0.449413 0.016602 0.024927
0 0.074707 0.450880 0.016602 0.030792
0 0.432617 0.343842 0.007812 0.010264
0 0.528320 0.347507 0.007812 0.014663
0 0.574219 0.353372 0.007812 0.014663
0 0.565430 0.403959 0.005859 0.013196
0 0.593750 0.456745 0.013672 0.021994
0 0.539062 0.355572 0.007812 0.016129
0 0.758789 0.371701 0.009766 0.019062
0 0.782715 0.376833 0.006836 0.014663
0 0.794922 0.341642 0.005859 0.011730
0 0.812988 0.482405 0.006836 0.014663
0 0.791504 0.489736 0.008789 0.014663
0 0.754395 0.482405 0.006836 0.011730
