0 0.121094 0.091797 0.011719 0.024740
0 0.202637 0.082031 0.016602 0.026042
0 0.324219 0.037109 0.011719 0.024740
0 0.368652 0.059245 0.006836 0.016927
0 0.420410 0.054688 0.018555 0.039062
0 0.470703 0.148438 0.068359 0.114583
0 0.755371 0.042318 0.016602 0.037760
0 0.790039 0.038411 0.011719 0.027344
0 0.832520 0.054036 0.010742 0.029948
0 0.864746 0.027995 0.016602 0.040365
0 0.874512 0.060547 0.006836 0.011719
0 0.913574 0.030599 0.010742 0.024740
0 0.940918 0.032552 0.014648 0.039062
0 0.962891 0.057292 0.015625 0.026042
0 0.604980 0.057943 0.004883 0.009115
0 0.618652 0.069661 0.004883 0.011719
0 0.650391 0.067057 0.003906 0.011719
0 0.709473 0.067057 0.004883 0.009115
0 0.722656 0.057943 0.005859 0.011719
0 0.681641 0.049479 0.003906 0.007812
