0 0.049805 0.498698 0.009766 0.015625
0 0.093262 0.531901 0.008789 0.014323
0 0.059082 0.542318 0.008789 0.014323
0 0.120605 0.512370 0.010742 0.016927
0 0.170410 0.515625 0.010742 0.018229
0 0.152344 0.501302 0.007812 0.013021
0 0.209473 0.505208 0.008789 0.018229
0 0.036621 0.482422 0.010742 0.016927
0 0.073242 0.458984 0.009766 0.014323
0 0.117188 0.429036 0.009766 0.014323
0 0.156738 0.427734 0.010742 0.019531
0 0.188477 0.434245 0.009766 0.014323
0 0.216309 0.477214 0.010742 0.016927
0 0.207520 0.447266 0.008789 0.014323
0 0.230957 0.448568 0.008789 0.014323
0 0.282227 0.443359 0.009766 0.014323
0 0.066406 0.426432 0.009766 0.014323
0 0.050293 0.428385 0.008789 0.013021
0 0.023438 0.438151 0.007812 0.014323
0 0.010742 0.389974 0.007812 0.011719
0 0.049805 0.409505 0.009766 0.011719
0 0.036133 0.409505 0.007812 0.011719
0 0.065430 0.413411 0.009766 0.014323
0 0.078613 0.412760 0.010742 0.013021
0 0.105957 0.402344 0.010742 0.018229
0 0.124023 0.404297 0.007812 0.014323
0 0.135254 0.402344 0.008789 0.015625
0 0.096191 0.317708 0.004883 0.010417
0 0.030762 0.308594 0.004883 0.007812
0 0.205078 0.414062 0.007812 0.013021
0 0.191406 0.413411 0.007812 0.011719
0 0.153320 0.409505 0.007812 0.009115
0 0.221191 0.407552 0.008789 0.013021
0 0.226074 0.423828 0.006836 0.011719
0 0.215820 0.435547 0.007812 0.011719
0 0.266602 0.397135 0.007812 0.015625
0 0.062500 0.197266 0.009766 0.011719
0 0.038086 0.433594 0.005859 0.013021
0 0.024902 0.430990 0.006836 0.010417
0 0.003906 0.441406 0.007812 0.015625
0 0.358887 0.424479 0.006836 0.013021
0 0.437012 0.392578 0.008789 0.009115
0 0.354492 0.395833 0.009766 0.013021
0 0.345215 0.395833 0.004883 0.010417
0 0.213867 0.413411 0.007812 0.014323
0 0.483887 0.403646 0.010742 0.020833
0 0.365234 0.425781 0.005859 0.010417
0 0.663086 0.470052 0.013672 0.026042
0 0.563477 0.491536 0.007812 0.014323
0 0.551758 0.409505 0.007812 0.011719
0 0.524414 0.394531 0.007812 0.013021
0 0.550781 0.385417 0.005859 0.010417
0 0.590332 0.399740 0.006836 0.013021
0 0.579102 0.418620 0.007812 0.011719
0 0.590332 0.422526 0.006836 0.014323
0 0.535645 0.417318 0.006836 0.009115
0 0.548828 0.471354 0.007812 0.013021
0 0.526855 0.493490 0.006836 0.013021
0 0.490234 0.411458 0.007812 0.013021
0 0.671387 0.365885 0.010742 0.023438
0 0.730469 0.430339 0.007812 0.011719
0 0.598145 0.399740 0.008789 0.010417
0 0.655762 0.768229 0.016602 0.039062
0 0.842285 0.745443 0.018555 0.029948
0 0.963379 0.391276 0.006836 0.011719
0 0.917480 0.436198 0.006836 0.010417
0 0.937500 0.391276 0.005859 0.009115
0 0.948730 0.394531 0.004883 0.007812
0 0.913574 0.480469 0.006836 0.010417
0 0.887695 0.488281 0.007812 0.013021
0 0.857422 0.470052 0.007812 0.013021
0 0.992188 0.480469 0.009766 0.013021
0 0.983398 0.444010 0.005859 0.010417
0 0.950195 0.475911 0.005859 0.009115
0 0.941895 0.445964 0.008789 0.011719
0 0.945801 0.414062 0.006836 0.010417
0 0.954102 0.417318 0.005859 0.011719
0 0.921387 0.410807 0.006836 0.009115
0 0.978516 0.483073 0.005859 0.010417
0 0.348633 0.496094 0.007812 0.010417
