0 0.518066 0.419971 0.016602 0.029369
0 0.487793 0.392805 0.010742 0.019090
0 0.464844 0.404552 0.013672 0.027900
0 0.097656 0.410426 0.009766 0.019090
0 0.024414 0.403818 0.011719 0.029369
0 0.057129 0.483113 0.012695 0.023495
0 0.060059 0.406755 0.006836 0.014684
0 0.159668 0.388399 0.010742 0.019090
0 0.180664 0.405286 0.009766 0.017621
0 0.215332 0.389134 0.008789 0.014684
0 0.229980 0.401615 0.008789 0.019090
0 0.253906 0.383260 0.009766 0.020558
0 0.268066 0.422907 0.016602 0.029369
0 0.295898 0.418502 0.011719 0.023495
0 0.330078 0.421439 0.009766 0.020558
0 0.317871 0.402349 0.006836 0.014684
0 0.329590 0.399413 0.008789 0.017621
0 0.356445 0.417034 0.017578 0.035242
0 0.588867 0.406021 0.009766 0.019090
0 0.621094 0.395007 0.021484 0.038179
0 0.659668 0.411894 0.016602 0.030837
0 0.708984 0.419971 0.011719 0.023495
0 0.782227 0.405286 0.017578 0.038179
0 0.883301 0.408223 0.016602 0.035242
0 0.902832 0.386197 0.010742 0.020558
0 0.842773 0.389134 0.011719 0.023495
0 0.875488 0.397210 0.010742 0.024963
0 0.992676 0.412628 0.014648 0.029369
