0 0.028809 0.030273 0.006836 0.021484
0 0.036621 0.043945 0.008789 0.025391
0 0.041992 0.022461 0.007812 0.017578
0 0.059082 0.024414 0.008789 0.025391
0 0.069824 0.046875 0.006836 0.019531
0 0.063477 0.045898 0.005859 0.021484
0 0.020508 0.066406 0.005859 0.031250
0 0.023926 0.100586 0.008789 0.025391
0 0.033691 0.143555 0.014648 0.033203
0 0.023926 0.161133 0.010742 0.029297
0 0.070801 0.104492 0.008789 0.017578
0 0.091309 0.012695 0.008789 0.025391
0 0.112305 0.080078 0.011719 0.031250
0 0.125488 0.050781 0.008789 0.031250
0 0.148926 0.064453 0.008789 0.027344
0 0.155762 0.011719 0.010742 0.023438
0 0.169922 0.023438 0.005859 0.027344
0 0.178711 0.028320 0.009766 0.025391
0 0.194336 0.014648 0.007812 0.021484
0 0.186523 0.067383 0.007812 0.021484
0 0.187500 0.045898 0.007812 0.021484
0 0.062012 0.140625 0.016602 0.035156
0 0.078613 0.124023 0.012695 0.029297
0 0.087891 0.125977 0.009766 0.033203
0 0.082520 0.151367 0.008789 0.025391
0 0.088867 0.151367 0.005859 0.021484
0 0.081055 0.178711 0.007812 0.025391
0 0.063477 0.202148 0.011719 0.029297
0 0.037109 0.177734 0.009766 0.027344
0 0.038574 0.211914 0.010742 0.025391
0 0.031738 0.236328 0.012695 0.031250
0 0.043457 0.246094 0.012695 0.031250
0 0.027832 0.291016 0.010742 0.023438
0 0.045410 0.288086 0.012695 0.033203
0 0.057617 0.243164 0.009766 0.033203
0 0.054199 0.295898 0.010742 0.029297
0 0.055664 0.327148 0.011719 0.029297
0 0.026367 0.323242 0.011719 0.025391
0 0.041992 0.389648 0.013672 0.029297
0 0.062012 0.448242 0.010742 0.025391
0 0.071289 0.445312 0.007812 0.015625
0 0.096680 0.403320 0.013672 0.033203
0 0.104492 0.388672 0.011719 0.027344
0 0.076172 0.331055 0.007812 0.029297
0 0.111816 0.304688 0.012695 0.031250
0 0.089355 0.269531 0.008789 0.027344
0 0.094238 0.228516 0.010742 0.031250
0 0.115723 0.261719 0.006836 0.023438
0 0.140137 0.300781 0.012695 0.027344
0 0.132324 0.222656 0.010742 0.027344
0 0.126953 0.102539 0.009766 0.029297
0 0.142578 0.100586 0.011719 0.033203
0 0.147461 0.107422 0.005859 0.019531
0 0.104492 0.157227 0.007812 0.017578
0 0.144531 0.155273 0.009766 0.033203
0 0.161621 0.230469 0.014648 0.031250
0 0.183594 0.162109 0.009766 0.027344
0 0.170898 0.172852 0.007812 0.033203
0 0.183105 0.289062 0.010742 0.027344
0 0.192871 0.293945 0.010742 0.029297
0 0.203125 0.280273 0.011719 0.029297
0 0.211426 0.192383 0.008789 0.025391
0 0.175293 0.123047 0.008789 0.023438
0 0.172363 0.084961 0.008789 0.029297
0 0.219727 0.093750 0.009766 0.031250
0 0.233887 0.095703 0.008789 0.031250
0 0.244629 0.092773 0.008789 0.021484
0 0.219727 0.070312 0.007812 0.019531
0 0.211426 0.050781 0.008789 0.023438
0 0.201660 0.054688 0.006836 0.023438
0 0.209961 0.025391 0.007812 0.019531
0 0.226562 0.046875 0.005859 0.023438
0 0.230957 0.144531 0.008789 0.027344
0 0.196289 0.115234 0.009766 0.027344
0 0.249512 0.017578 0.010742 0.027344
0 0.280273 0.055664 0.009766 0.025391
0 0.282227 0.083984 0.007812 0.027344
0 0.256348 0.063477 0.006836 0.025391
0 0.292969 0.084961 0.007812 0.025391
0 0.302734 0.104492 0.007812 0.021484
0 0.289062 0.036133 0.007812 0.021484
0 0.310547 0.024414 0.007812 0.025391
0 0.347656 0.020508 0.005859 0.021484
0 0.347168 0.046875 0.008789 0.023438
0 0.361816 0.053711 0.008789 0.033203
0 0.368652 0.038086 0.008789 0.029297
0 0.381836 0.045898 0.009766 0.029297
0 0.339844 0.083008 0.009766 0.033203
0 0.379395 0.097656 0.008789 0.027344
0 0.365234 0.088867 0.005859 0.025391
0 0.387695 0.081055 0.009766 0.029297
0 0.271973 0.122070 0.008789 0.025391
0 0.287598 0.130859 0.008789 0.023438
0 0.313477 0.130859 0.007812 0.027344
0 0.313965 0.093750 0.008789 0.027344
0 0.270020 0.191406 0.008789 0.023438
0 0.305176 0.156250 0.008789 0.027344
0 0.331055 0.166016 0.007812 0.027344
0 0.319336 0.156250 0.007812 0.027344
0 0.331543 0.129883 0.008789 0.033203
0 0.383301 0.137695 0.008789 0.029297
0 0.250000 0.198242 0.007812 0.025391
0 0.259766 0.196289 0.007812 0.025391
0 0.244629 0.228516 0.012695 0.031250
0 0.249023 0.266602 0.013672 0.037109
0 0.231934 0.246094 0.010742 0.031250
0 0.278809 0.233398 0.008789 0.033203
0 0.297852 0.231445 0.009766 0.029297
0 0.198242 0.220703 0.011719 0.019531
0 0.164062 0.196289 0.007812 0.021484
0 0.172363 0.273438 0.010742 0.027344
0 0.143066 0.395508 0.008789 0.033203
0 0.139648 0.440430 0.011719 0.033203
0 0.158203 0.399414 0.011719 0.033203
0 0.160156 0.439453 0.011719 0.031250
0 0.179199 0.436523 0.010742 0.029297
0 0.210938 0.422852 0.013672 0.033203
0 0.198730 0.440430 0.010742 0.033203
0 0.142090 0.481445 0.010742 0.025391
0 0.182129 0.333008 0.010742 0.025391
0 0.203125 0.360352 0.011719 0.033203
0 0.210449 0.375977 0.008789 0.025391
0 0.213379 0.335938 0.010742 0.027344
0 0.211426 0.305664 0.008789 0.021484
0 0.246094 0.336914 0.011719 0.033203
0 0.266113 0.364258 0.010742 0.029297
0 0.255371 0.354492 0.010742 0.029297
0 0.251953 0.415039 0.013672 0.029297
0 0.229004 0.426758 0.012695 0.029297
0 0.261719 0.462891 0.011719 0.027344
0 0.280762 0.468750 0.014648 0.035156
0 0.281738 0.407227 0.010742 0.029297
0 0.298340 0.398438 0.012695 0.031250
0 0.302734 0.440430 0.011719 0.021484
0 0.229980 0.465820 0.010742 0.029297
0 0.215332 0.469727 0.010742 0.029297
0 0.290527 0.277344 0.008789 0.031250
0 0.309570 0.194336 0.005859 0.021484
0 0.300781 0.203125 0.007812 0.019531
0 0.318848 0.214844 0.006836 0.019531
0 0.373535 0.133789 0.006836 0.021484
0 0.332520 0.266602 0.008789 0.025391
0 0.330566 0.231445 0.006836 0.021484
0 0.404297 0.055664 0.007812 0.025391
0 0.438477 0.060547 0.009766 0.027344
0 0.426270 0.028320 0.008789 0.025391
0 0.452637 0.025391 0.008789 0.027344
0 0.445801 0.016602 0.004883 0.017578
0 0.475586 0.025391 0.005859 0.015625
0 0.487305 0.011719 0.005859 0.015625
0 0.459961 0.072266 0.007812 0.019531
0 0.476562 0.066406 0.009766 0.019531
0 0.488281 0.050781 0.007812 0.023438
0 0.520508 0.004883 0.007812 0.009766
0 0.528320 0.021484 0.007812 0.019531
0 0.525879 0.055664 0.008789 0.021484
0 0.533691 0.048828 0.008789 0.023438
0 0.566895 0.011719 0.010742 0.023438
0 0.594727 0.025391 0.007812 0.023438
0 0.587402 0.030273 0.006836 0.017578
0 0.579102 0.011719 0.005859 0.019531
0 0.564453 0.057617 0.007812 0.029297
0 0.549316 0.066406 0.010742 0.027344
0 0.566895 0.081055 0.008789 0.021484
0 0.584961 0.090820 0.009766 0.029297
0 0.597168 0.088867 0.006836 0.017578
0 0.610840 0.058594 0.010742 0.019531
0 0.620117 0.036133 0.009766 0.021484
0 0.619629 0.091797 0.010742 0.031250
0 0.655273 0.018555 0.007812 0.021484
0 0.647461 0.069336 0.007812 0.021484
0 0.657715 0.073242 0.006836 0.021484
0 0.647461 0.139648 0.009766 0.025391
0 0.656738 0.111328 0.008789 0.031250
0 0.620117 0.125000 0.007812 0.027344
0 0.623047 0.193359 0.013672 0.039062
0 0.647949 0.204102 0.006836 0.025391
0 0.629395 0.204102 0.008789 0.029297
0 0.655762 0.233398 0.006836 0.017578
0 0.635254 0.237305 0.006836 0.017578
0 0.641113 0.231445 0.006836 0.017578
0 0.189453 0.474609 0.005859 0.027344
0 0.172363 0.499023 0.010742 0.033203
0 0.145020 0.543945 0.010742 0.033203
0 0.201660 0.516602 0.008789 0.029297
0 0.216309 0.508789 0.012695 0.037109
0 0.242676 0.518555 0.014648 0.025391
0 0.260254 0.525391 0.008789 0.035156
0 0.305664 0.518555 0.009766 0.029297
0 0.282227 0.513672 0.007812 0.023438
0 0.316406 0.475586 0.007812 0.021484
0 0.266113 0.576172 0.014648 0.039062
0 0.258301 0.585938 0.008789 0.031250
0 0.222656 0.586914 0.015625 0.037109
0 0.198730 0.565430 0.012695 0.029297
0 0.211426 0.561523 0.010742 0.048828
0 0.235840 0.562500 0.012695 0.035156
0 0.249023 0.554688 0.015625 0.031250
0 0.166016 0.556641 0.011719 0.031250
0 0.110352 0.625000 0.017578 0.046875
0 0.073242 0.632812 0.015625 0.039062
0 0.043457 0.817383 0.014648 0.041016
0 0.035645 0.868164 0.014648 0.037109
0 0.031250 0.966797 0.011719 0.035156
0 0.164062 0.624023 0.013672 0.037109
0 0.148438 0.572266 0.007812 0.023438
0 0.188965 0.638672 0.012695 0.031250
0 0.270996 0.617188 0.014648 0.031250
0 0.305176 0.590820 0.012695 0.033203
0 0.338379 0.628906 0.006836 0.027344
0 0.353516 0.631836 0.013672 0.033203
0 0.360352 0.658203 0.011719 0.035156
0 0.375000 0.627930 0.005859 0.017578
0 0.395996 0.608398 0.012695 0.033203
0 0.391602 0.577148 0.015625 0.033203
0 0.401855 0.558594 0.010742 0.031250
0 0.413086 0.622070 0.013672 0.033203
0 0.155273 0.843750 0.009766 0.035156
0 0.157227 0.867188 0.007812 0.027344
0 0.165039 0.928711 0.009766 0.029297
0 0.211914 0.921875 0.015625 0.039062
0 0.235352 0.885742 0.015625 0.041016
0 0.185059 0.867188 0.008789 0.035156
0 0.210449 0.874023 0.014648 0.033203
0 0.237793 0.952148 0.012695 0.037109
0 0.246094 0.950195 0.007812 0.033203
0 0.279297 0.943359 0.011719 0.027344
0 0.261719 0.956055 0.011719 0.025391
0 0.307617 0.964844 0.011719 0.035156
0 0.322266 0.915039 0.011719 0.041016
0 0.333984 0.847656 0.009766 0.023438
0 0.331055 0.892578 0.013672 0.046875
0 0.367188 0.890625 0.011719 0.046875
0 0.375000 0.900391 0.011719 0.039062
0 0.396973 0.951172 0.012695 0.031250
0 0.379883 0.934570 0.013672 0.029297
0 0.416992 0.966797 0.013672 0.031250
0 0.428711 0.856445 0.011719 0.029297
0 0.458008 0.662109 0.011719 0.023438
0 0.458008 0.606445 0.011719 0.033203
0 0.548828 0.618164 0.011719 0.033203
0 0.582520 0.633789 0.008789 0.021484
0 0.470215 0.880859 0.010742 0.031250
0 0.485840 0.847656 0.008789 0.031250
0 0.490723 0.913086 0.010742 0.037109
0 0.453125 0.929688 0.013672 0.031250
0 0.466309 0.969727 0.014648 0.033203
0 0.540527 0.977539 0.016602 0.029297
0 0.540527 0.889648 0.014648 0.041016
0 0.554688 0.903320 0.009766 0.033203
0 0.566406 0.824219 0.007812 0.019531
0 0.565430 0.861328 0.013672 0.031250
0 0.574707 0.878906 0.010742 0.031250
0 0.591797 0.914062 0.009766 0.023438
0 0.622070 0.864258 0.013672 0.033203
0 0.605469 0.807617 0.009766 0.029297
0 0.615234 0.945312 0.015625 0.039062
0 0.607422 0.911133 0.009766 0.041016
0 0.637207 0.932617 0.010742 0.037109
0 0.599609 0.976562 0.009766 0.023438
0 0.661621 0.940430 0.016602 0.025391
0 0.686523 0.918945 0.015625 0.037109
0 0.687012 0.856445 0.014648 0.044922
0 0.736816 0.954102 0.010742 0.037109
0 0.749023 0.920898 0.015625 0.037109
0 0.732422 0.861328 0.013672 0.035156
0 0.736816 0.826172 0.014648 0.035156
0 0.753906 0.835938 0.011719 0.035156
0 0.788086 0.981445 0.011719 0.037109
0 0.801758 0.931641 0.009766 0.035156
0 0.809082 0.888672 0.012695 0.035156
0 0.821289 0.827148 0.015625 0.044922
0 0.835449 0.951172 0.008789 0.039062
0 0.882324 0.917969 0.012695 0.039062
0 0.868652 0.986328 0.014648 0.027344
0 0.901367 0.981445 0.011719 0.037109
0 0.861328 0.895508 0.009766 0.029297
0 0.918457 0.922852 0.014648 0.041016
0 0.937988 0.940430 0.012695 0.033203
0 0.979004 0.890625 0.014648 0.039062
0 0.987793 0.981445 0.012695 0.037109
0 0.980957 0.985352 0.012695 0.029297
0 0.753906 0.621094 0.011719 0.035156
0 0.768555 0.624023 0.011719 0.037109
0 0.767578 0.553711 0.011719 0.037109
0 0.715820 0.585938 0.013672 0.039062
0 0.727539 0.547852 0.011719 0.033203
0 0.707031 0.556641 0.015625 0.031250
0 0.689453 0.580078 0.011719 0.031250
0 0.675293 0.588867 0.012695 0.033203
0 0.635254 0.634766 0.012695 0.035156
0 0.668457 0.547852 0.012695 0.037109
0 0.669922 0.491211 0.011719 0.033203
0 0.714355 0.511719 0.012695 0.035156
0 0.688965 0.511719 0.012695 0.035156
0 0.683594 0.469727 0.009766 0.025391
0 0.775879 0.471680 0.008789 0.029297
0 0.753418 0.472656 0.008789 0.023438
0 0.761230 0.460938 0.008789 0.023438
0 0.706543 0.470703 0.008789 0.023438
0 0.749023 0.413086 0.011719 0.029297
0 0.685547 0.443359 0.009766 0.027344
0 0.730957 0.499023 0.010742 0.017578
0 0.742676 0.522461 0.014648 0.029297
0 0.756348 0.492188 0.008789 0.023438
0 0.733398 0.418945 0.009766 0.025391
0 0.704102 0.408203 0.009766 0.035156
0 0.743164 0.372070 0.013672 0.029297
0 0.828613 0.441406 0.012695 0.042969
0 0.801270 0.391602 0.012695 0.033203
0 0.783203 0.388672 0.005859 0.031250
0 0.790527 0.389648 0.008789 0.037109
0 0.795898 0.360352 0.009766 0.025391
0 0.897461 0.406250 0.009766 0.031250
0 0.886719 0.403320 0.007812 0.033203
0 0.849121 0.382812 0.012695 0.035156
0 0.872070 0.364258 0.011719 0.025391
0 0.815430 0.341797 0.011719 0.027344
0 0.776855 0.365234 0.010742 0.031250
0 0.789062 0.339844 0.009766 0.027344
0 0.779785 0.314453 0.006836 0.023438
0 0.687012 0.329102 0.010742 0.021484
0 0.898438 0.323242 0.009766 0.029297
0 0.875488 0.323242 0.008789 0.029297
0 0.683105 0.094727 0.008789 0.021484
0 0.693848 0.073242 0.006836 0.021484
0 0.699707 0.032227 0.008789 0.017578
0 0.720703 0.063477 0.009766 0.029297
0 0.746582 0.143555 0.010742 0.029297
0 0.765625 0.095703 0.007812 0.023438
0 0.750488 0.068359 0.006836 0.023438
0 0.756836 0.033203 0.007812 0.027344
0 0.814941 0.049805 0.006836 0.025391
0 0.807617 0.028320 0.009766 0.029297
0 0.842773 0.011719 0.007812 0.023438
0 0.868164 0.080078 0.009766 0.027344
0 0.885254 0.038086 0.008789 0.017578
0 0.869141 0.022461 0.007812 0.021484
0 0.862305 0.004883 0.007812 0.009766
0 0.880371 0.016602 0.006836 0.021484
0 0.898438 0.017578 0.007812 0.027344
0 0.885742 0.015625 0.003906 0.015625
0 0.914062 0.022461 0.011719 0.025391
0 0.930664 0.042969 0.005859 0.023438
0 0.927734 0.016602 0.005859 0.021484
0 0.949707 0.010742 0.006836 0.021484
0 0.974609 0.011719 0.009766 0.019531
0 0.981934 0.049805 0.006836 0.021484
0 0.992188 0.049805 0.009766 0.029297
0 0.972656 0.056641 0.007812 0.023438
0 0.793945 0.131836 0.009766 0.021484
0 0.812500 0.100586 0.007812 0.025391
0 0.797363 0.149414 0.006836 0.017578
0 0.782715 0.170898 0.010742 0.021484
0 0.777832 0.198242 0.006836 0.021484
0 0.789062 0.208008 0.009766 0.017578
0 0.812012 0.159180 0.008789 0.029297
0 0.824219 0.168945 0.007812 0.025391
0 0.829590 0.131836 0.008789 0.025391
0 0.856445 0.067383 0.007812 0.021484
0 0.833008 0.074219 0.007812 0.023438
0 0.834961 0.051758 0.005859 0.013672
0 0.839355 0.157227 0.008789 0.029297
0 0.862305 0.166016 0.011719 0.027344
0 0.862305 0.127930 0.007812 0.025391
0 0.899414 0.092773 0.007812 0.025391
0 0.875977 0.068359 0.007812 0.027344
0 0.930176 0.095703 0.012695 0.031250
0 0.944336 0.074219 0.009766 0.023438
0 0.985352 0.115234 0.009766 0.027344
0 0.975586 0.124023 0.007812 0.025391
0 0.958496 0.120117 0.014648 0.029297
0 0.935547 0.127930 0.007812 0.021484
0 0.944336 0.143555 0.009766 0.021484
0 0.915527 0.164062 0.010742 0.027344
0 0.898438 0.193359 0.007812 0.027344
0 0.899902 0.171875 0.008789 0.015625
0 0.851562 0.223633 0.009766 0.029297
0 0.857910 0.198242 0.008789 0.017578
0 0.853027 0.161133 0.006836 0.017578
0 0.809082 0.250000 0.008789 0.023438
0 0.775391 0.267578 0.009766 0.023438
0 0.770508 0.231445 0.009766 0.029297
0 0.683594 0.378906 0.009766 0.031250
0 0.799805 0.296875 0.007812 0.019531
0 0.797852 0.268555 0.007812 0.025391
0 0.827637 0.299805 0.008789 0.029297
0 0.839355 0.271484 0.008789 0.027344
0 0.846191 0.296875 0.006836 0.019531
0 0.863281 0.283203 0.009766 0.027344
0 0.864258 0.241211 0.011719 0.033203
0 0.905762 0.218750 0.008789 0.023438
0 0.932129 0.219727 0.008789 0.025391
0 0.939941 0.173828 0.008789 0.019531
0 0.962402 0.222656 0.010742 0.031250
0 0.973145 0.226562 0.008789 0.027344
0 0.974121 0.196289 0.012695 0.017578
0 0.976562 0.191406 0.009766 0.031250
0 0.993164 0.292969 0.011719 0.042969
0 0.938477 0.264648 0.007812 0.025391
0 0.946777 0.255859 0.008789 0.027344
0 0.920410 0.257812 0.008789 0.027344
0 0.929199 0.306641 0.010742 0.027344
0 0.938477 0.341797 0.009766 0.027344
0 0.940918 0.382812 0.010742 0.031250
0 0.934570 0.405273 0.013672 0.029297
0 0.939453 0.436523 0.011719 0.017578
0 0.958496 0.395508 0.012695 0.041016
0 0.973633 0.288086 0.013672 0.037109
0 0.988770 0.369141 0.018555 0.039062
0 0.979492 0.438477 0.015625 0.017578
0 0.992188 0.419922 0.009766 0.027344
0 0.718750 0.241211 0.005859 0.013672
0 0.706543 0.280273 0.006836 0.021484
0 0.290039 0.827148 0.005859 0.025391
0 0.072754 0.960938 0.010742 0.039062
0 0.741211 0.556641 0.011719 0.027344
0 0.783203 0.134766 0.005859 0.015625
