0 0.017090 0.609354 0.002930 0.011004
0 0.041992 0.592847 0.005859 0.011004
0 0.058105 0.611417 0.004883 0.006878
0 0.063965 0.592160 0.004883 0.006878
0 0.077637 0.601788 0.006836 0.012380
0 0.094238 0.592847 0.006836 0.013755
0 0.114258 0.602476 0.007812 0.011004
0 0.128906 0.612105 0.007812 0.011004
0 0.154785 0.608666 0.004883 0.015131
0 0.075195 0.638239 0.007812 0.013755
0 0.042480 0.667125 0.010742 0.016506
0 0.033691 0.726272 0.022461 0.035763
0 0.126953 0.691884 0.015625 0.027510
0 0.170898 0.648556 0.011719 0.020633
0 0.193848 0.629298 0.010742 0.020633
0 0.188477 0.596286 0.003906 0.006878
0 0.172852 0.579780 0.003906 0.006878
0 0.266113 0.723521 0.016602 0.027510
0 0.308594 0.651307 0.013672 0.023384
0 0.271484 0.669876 0.011719 0.024759
0 0.354004 0.636864 0.008789 0.016506
0 0.270508 0.618294 0.007812 0.015131
0 0.257812 0.625860 0.007812 0.013755
0 0.456055 0.676754 0.013672 0.022008
0 0.443359 0.662311 0.009766 0.017882
0 0.436035 0.645117 0.010742 0.016506
0 0.479004 0.638927 0.008789 0.015131
0 0.302734 0.610729 0.005859 0.011004
0 0.301758 0.579092 0.005859 0.011004
0 0.298828 0.557084 0.005859 0.008253
0 0.340820 0.573590 0.005859 0.011004
0 0.360840 0.566025 0.004883 0.009629
0 0.210449 0.612792 0.004883 0.012380
0 0.118164 0.590096 0.005859 0.011004
0 0.121582 0.569464 0.006836 0.013755
0 0.507812 0.731774 0.015625 0.030261
0 0.500000 0.633425 0.005859 0.012380
0 0.487793 0.603164 0.006836 0.015131
0 0.534180 0.640303 0.005859 0.012380
0 0.535645 0.605915 0.010742 0.015131
0 0.516602 0.615543 0.005859 0.015131
0 0.562012 0.615543 0.008789 0.012380
0 0.571777 0.651307 0.012695 0.017882
0 0.583496 0.607290 0.008789 0.015131
0 0.618164 0.682256 0.015625 0.027510
0 0.635742 0.612105 0.005859 0.013755
0 0.625000 0.611417 0.005859 0.017882
0 0.614746 0.617607 0.006836 0.019257
0 0.619141 0.639615 0.007812 0.016506
0 0.665527 0.614856 0.004883 0.013755
0 0.658203 0.607290 0.005859 0.012380
0 0.687500 0.618294 0.007812 0.020633
0 0.712402 0.627923 0.008789 0.020633
0 0.726562 0.613480 0.007812 0.016506
0 0.697266 0.603164 0.005859 0.009629
0 0.736328 0.607290 0.007812 0.015131
0 0.746094 0.606602 0.005859 0.013755
0 0.756836 0.605915 0.007812 0.015131
0 0.765625 0.608666 0.005859 0.017882
0 0.694824 0.657497 0.014648 0.019257
0 0.722168 0.722146 0.016602 0.030261
0 0.788574 0.649243 0.012695 0.027510
0 0.823242 0.656121 0.013672 0.024759
0 0.828613 0.636176 0.010742 0.017882
0 0.790527 0.613480 0.006836 0.013755
0 0.789062 0.599037 0.007812 0.017882
0 0.772949 0.601788 0.006836 0.012380
0 0.801758 0.603851 0.005859 0.013755
0 0.818359 0.607290 0.007812 0.015131
0 0.848145 0.610729 0.004883 0.011004
0 0.858398 0.600413 0.007812 0.015131
0 0.778320 0.566025 0.003906 0.009629
0 0.877441 0.604539 0.006836 0.012380
0 0.901367 0.596974 0.007812 0.011004
0 0.879395 0.632737 0.008789 0.013755
0 0.910645 0.691884 0.012695 0.024759
0 0.944336 0.601788 0.007812 0.015131
0 0.981445 0.563274 0.005859 0.009629
0 0.968750 0.603164 0.007812 0.012380
0 0.963867 0.669876 0.013672 0.022008
0 0.988770 0.652682 0.012695 0.015131
0 0.945801 0.713205 0.018555 0.034388
0 0.279297 0.602476 0.007812 0.013755
0 0.367188 0.607978 0.007812 0.016506
0 0.157227 0.564649 0.007812 0.017882
0 0.903809 0.611417 0.006836 0.012380
0 0.908203 0.614168 0.007812 0.012380
0 0.819824 0.624484 0.008789 0.013755
0 0.167480 0.612105 0.008789 0.011004
0 0.253906 0.605915 0.007812 0.012380
0 0.313477 0.601788 0.007812 0.015131
0 0.374512 0.593535 0.006836 0.012380
0 0.392578 0.612105 0.007812 0.013755
0 0.584473 0.649243 0.006836 0.013755
0 0.833496 0.579780 0.006836 0.009629
0 0.994141 0.608666 0.005859 0.012380
0 0.987793 0.605227 0.004883 0.008253
