0 0.053711 0.229917 0.013672 0.049861
0 0.095215 0.225762 0.010742 0.036011
0 0.143555 0.196676 0.013672 0.049861
0 0.178711 0.256233 0.007812 0.036011
0 0.201172 0.217452 0.009766 0.041551
0 0.225098 0.286704 0.016602 0.058172
0 0.286621 0.257618 0.014648 0.049861
0 0.274902 0.228532 0.012695 0.036011
0 0.224609 0.214681 0.005859 0.019391
0 0.315430 0.249307 0.007812 0.033241
0 0.334961 0.235457 0.005859 0.022161
0 0.370605 0.207756 0.014648 0.055402
0 0.391113 0.238227 0.012695 0.044321
0 0.413574 0.210526 0.006836 0.016620
0 0.417969 0.353186 0.005859 0.019391
0 0.434570 0.322715 0.005859 0.019391
0 0.463867 0.213296 0.005859 0.022161
0 0.453125 0.200831 0.003906 0.019391
0 0.485352 0.246537 0.013672 0.044321
0 0.503906 0.252078 0.009766 0.038781
0 0.500488 0.191136 0.006836 0.022161
0 0.524902 0.216066 0.006836 0.022161
0 0.547852 0.225762 0.005859 0.024931
0 0.562988 0.231302 0.004883 0.019391
0 0.556152 0.342105 0.006836 0.030471
0 0.534668 0.339335 0.006836 0.024931
0 0.458984 0.322715 0.005859 0.024931
0 0.596191 0.245152 0.012695 0.047091
0 0.688965 0.260388 0.010742 0.038781
0 0.728027 0.307479 0.012695 0.072022
0 0.738770 0.186981 0.004883 0.024931
0 0.763672 0.192521 0.007812 0.024931
0 0.787109 0.188366 0.005859 0.022161
0 0.803223 0.234072 0.006836 0.024931
0 0.759277 0.324100 0.006836 0.027701
0 0.792969 0.332410 0.005859 0.033241
0 0.738770 0.375346 0.008789 0.036011
0 0.776367 0.383657 0.007812 0.036011
0 0.834961 0.303324 0.019531 0.074792
0 0.824707 0.224377 0.006836 0.022161
0 0.838379 0.202216 0.008789 0.027701
0 0.873535 0.186981 0.006836 0.024931
0 0.898926 0.204986 0.004883 0.027701
0 0.906738 0.342105 0.010742 0.041551
0 0.854980 0.429363 0.008789 0.027701
0 0.943359 0.313019 0.011719 0.055402
0 0.950684 0.350416 0.008789 0.041551
0 0.991211 0.409972 0.007812 0.038781
0 0.606445 0.263158 0.007812 0.033241
0 0.883301 0.242382 0.010742 0.030471
0 0.888672 0.254848 0.005859 0.022161
0 0.152832 0.213296 0.006836 0.027701
