0 0.136719 0.630505 0.011719 0.015038
0 0.056152 0.629431 0.004883 0.010741
0 0.112305 0.605263 0.013672 0.026853
0 0.134277 0.583781 0.004883 0.007519
0 0.988770 0.606874 0.014648 0.023631
0 0.973633 0.647154 0.015625 0.022556
0 0.944824 0.606337 0.012695 0.020408
0 0.931152 0.621375 0.014648 0.022556
0 0.907715 0.606337 0.014648 0.020408
0 0.884766 0.635338 0.011719 0.018260
0 0.881836 0.618153 0.011719 0.013963
0 0.816895 0.635338 0.014648 0.022556
0 0.798828 0.627820 0.011719 0.020408
0 0.809082 0.612782 0.008789 0.013963
0 0.839844 0.627820 0.009766 0.013963
0 0.969238 0.723416 0.014648 0.022556
0 0.576660 0.622986 0.006836 0.012889
0 0.330566 0.423201 0.010742 0.017186
