0 0.025391 0.584672 0.029297 0.054015
0 0.155762 0.625547 0.018555 0.030657
0 0.181152 0.629197 0.016602 0.029197
0 0.216309 0.637226 0.018555 0.030657
0 0.278320 0.612409 0.021484 0.030657
0 0.358887 0.649635 0.012695 0.026277
0 0.377930 0.647445 0.015625 0.024818
0 0.398926 0.617518 0.012695 0.026277
0 0.444336 0.602190 0.013672 0.021898
0 0.500488 0.659124 0.014648 0.024818
0 0.450684 0.656204 0.010742 0.021898
0 0.485840 0.652555 0.010742 0.017518
0 0.515625 0.650365 0.009766 0.018978
0 0.606934 0.645255 0.006836 0.014599
0 0.614258 0.661314 0.011719 0.023358
0 0.635742 0.648905 0.013672 0.027737
0 0.662598 0.659854 0.016602 0.032117
0 0.687500 0.665693 0.009766 0.020438
0 0.731445 0.662044 0.019531 0.039416
