0 0.933105 0.107898 0.016602 0.023977
0 0.865234 0.097320 0.015625 0.025388
0 0.817383 0.107898 0.013672 0.023977
0 0.990723 0.070522 0.012695 0.022567
0 0.979980 0.722144 0.032227 0.050776
0 0.994141 0.642454 0.011719 0.043724
0 0.956055 0.586742 0.027344 0.042313
0 0.942383 0.517630 0.029297 0.042313
0 0.908203 0.593794 0.033203 0.047955
0 0.877930 0.692525 0.031250 0.039492
0 0.841797 0.760226 0.037109 0.056417
0 0.860352 0.497884 0.029297 0.047955
0 0.799316 0.559944 0.032227 0.047955
0 0.727051 0.564880 0.030273 0.043724
0 0.705078 0.514810 0.029297 0.045134
0 0.652344 0.374471 0.025391 0.032440
0 0.639648 0.543018 0.027344 0.042313
0 0.756836 0.739069 0.031250 0.056417
0 0.650391 0.708039 0.033203 0.050776
0 0.612793 0.777856 0.038086 0.057828
0 0.603516 0.602257 0.029297 0.050776
0 0.533203 0.583216 0.031250 0.049365
0 0.520996 0.765162 0.038086 0.057828
0 0.430664 0.827927 0.037109 0.056417
0 0.341309 0.722849 0.032227 0.052186
0 0.367188 0.659379 0.033203 0.049365
0 0.339355 0.846262 0.034180 0.053597
0 0.417969 0.760226 0.033203 0.053597
0 0.559570 0.686883 0.033203 0.056417
0 0.460449 0.657264 0.034180 0.053597
0 0.303223 0.617772 0.030273 0.050776
0 0.234863 0.803244 0.036133 0.063470
0 0.250977 0.698872 0.031250 0.049365
0 0.143066 0.753173 0.036133 0.053597
0 0.077637 0.738364 0.032227 0.055007
0 0.079102 0.645275 0.029297 0.055007
0 0.218750 0.588152 0.029297 0.050776
0 0.522949 0.403385 0.022461 0.033850
0 0.466797 0.387870 0.021484 0.039492
0 0.417480 0.367419 0.022461 0.035261
0 0.392578 0.428068 0.023438 0.038082
0 0.334473 0.392102 0.022461 0.036671
0 0.364258 0.364598 0.019531 0.040903
0 0.214844 0.396333 0.023438 0.036671
0 0.266602 0.442877 0.023438 0.039492
0 0.138184 0.444993 0.024414 0.040903
0 0.083008 0.423836 0.021484 0.035261
0 0.160156 0.401975 0.021484 0.039492
0 0.101562 0.376587 0.021484 0.036671
0 0.191406 0.319464 0.021484 0.038082
0 0.254395 0.347673 0.016602 0.029619
0 0.025879 0.408322 0.024414 0.035261
0 0.046387 0.369535 0.022461 0.036671
0 0.007812 0.327221 0.015625 0.045134
0 0.224121 0.294076 0.014648 0.035261
0 0.145508 0.566996 0.027344 0.045134
0 0.717285 0.637518 0.032227 0.053597
0 0.142578 0.300423 0.025391 0.039492
0 0.103027 0.294781 0.018555 0.036671
0 0.162598 0.864598 0.040039 0.059238
0 0.016602 0.700282 0.033203 0.060649
0 0.009277 0.449929 0.018555 0.045134
0 0.876465 0.548660 0.024414 0.045134
0 0.806641 0.647391 0.031250 0.050776
0 0.364746 0.549365 0.030273 0.046544
0 0.009766 0.630465 0.019531 0.047955
