0 0.254395 0.256223 0.041992 0.073206
0 0.139648 0.303807 0.031250 0.051245
0 0.041992 0.277452 0.025391 0.045388
0 0.405762 0.250366 0.026367 0.040996
0 0.460449 0.277452 0.026367 0.051245
0 0.555176 0.238653 0.045898 0.076135
0 0.758789 0.245974 0.023438 0.040996
0 0.830078 0.228404 0.031250 0.058565
0 0.883789 0.284041 0.041016 0.070278
0 0.922363 0.292094 0.016602 0.045388
0 0.824219 0.144949 0.007812 0.017570
0 0.960449 0.259883 0.008789 0.019034
0 0.981445 0.245242 0.007812 0.013177
0 0.963379 0.202782 0.008789 0.016105
0 0.964844 0.177892 0.011719 0.021962
0 0.202637 0.272328 0.018555 0.032211
0 0.309570 0.274524 0.019531 0.036603
0 0.371582 0.270132 0.018555 0.036603
0 0.658691 0.090044 0.008789 0.016105
0 0.707031 0.031479 0.009766 0.019034
0 0.539062 0.068814 0.007812 0.011713
0 0.736816 0.032211 0.006836 0.014641
0 0.281738 0.040996 0.008789 0.020498
0 0.122559 0.032211 0.008789 0.017570
0 0.264648 0.093704 0.007812 0.014641
0 0.154785 0.056369 0.008789 0.016105
0 0.332031 0.179356 0.009766 0.019034
0 0.332031 0.094436 0.009766 0.019034
0 0.483398 0.261347 0.023438 0.045388
0 0.958984 0.012445 0.007812 0.019034
0 0.013184 0.207906 0.012695 0.023426
0 0.038086 0.172767 0.011719 0.020498
0 0.071289 0.112738 0.009766 0.020498
0 0.105469 0.111274 0.011719 0.020498
0 0.176758 0.166911 0.009766 0.017570
0 0.096680 0.075403 0.007812 0.016105
0 0.757324 0.051977 0.008789 0.016105
0 0.217773 0.051245 0.007812 0.017570
0 0.317383 0.143485 0.007812 0.014641
0 0.421875 0.062225 0.009766 0.027818
0 0.437500 0.167643 0.009766 0.019034
0 0.459961 0.166911 0.013672 0.020498
0 0.852051 0.088580 0.010742 0.016105
0 0.783691 0.092972 0.010742 0.016105
0 0.731445 0.164714 0.011719 0.016105
0 0.740723 0.121523 0.012695 0.017570
0 0.045898 0.075403 0.011719 0.019034
0 0.331543 0.268668 0.012695 0.030747
0 0.188477 0.071742 0.009766 0.020498
0 0.179688 0.120059 0.009766 0.017570
0 0.294922 0.096633 0.007812 0.014641
0 0.279297 0.073206 0.007812 0.017570
