0 0.196777 0.389894 0.030273 0.070890
0 0.128906 0.359729 0.025391 0.049774
0 0.104004 0.199849 0.018555 0.037707
0 0.137695 0.175716 0.017578 0.043741
0 0.166992 0.179487 0.009766 0.024133
0 0.186523 0.213424 0.011719 0.022624
0 0.071777 0.141780 0.010742 0.024133
0 0.127930 0.122926 0.011719 0.022624
0 0.173340 0.145551 0.010742 0.022624
0 0.209961 0.119155 0.011719 0.027149
0 0.232910 0.135747 0.012695 0.027149
0 0.257812 0.177225 0.011719 0.025641
0 0.281738 0.212670 0.018555 0.033183
0 0.318359 0.206637 0.019531 0.033183
0 0.224121 0.298643 0.022461 0.045249
0 0.318359 0.287330 0.019531 0.040724
0 0.371582 0.211161 0.014648 0.027149
0 0.284180 0.122172 0.013672 0.030166
0 0.236816 0.104827 0.012695 0.028658
0 0.313477 0.101056 0.011719 0.027149
0 0.331543 0.138763 0.014648 0.033183
0 0.344727 0.144796 0.011719 0.030166
0 0.521484 0.427602 0.031250 0.061840
0 0.412598 0.343137 0.026367 0.055807
0 0.443359 0.321267 0.019531 0.042232
0 0.410156 0.208899 0.013672 0.025641
0 0.406250 0.156863 0.011719 0.024133
0 0.442383 0.216440 0.011719 0.028658
0 0.458984 0.151584 0.013672 0.031674
0 0.475586 0.157617 0.013672 0.028658
0 0.496094 0.183258 0.015625 0.031674
0 0.507324 0.213424 0.012695 0.031674
0 0.519043 0.138763 0.012695 0.027149
0 0.566895 0.162896 0.012695 0.030166
0 0.579590 0.167421 0.014648 0.036199
0 0.608398 0.138763 0.011719 0.030166
0 0.621094 0.162142 0.015625 0.040724
0 0.646484 0.311463 0.021484 0.046757
0 0.672363 0.236802 0.020508 0.039216
0 0.649414 0.166667 0.013672 0.028658
0 0.666992 0.142534 0.011719 0.025641
0 0.677734 0.136501 0.013672 0.031674
0 0.718750 0.154600 0.013672 0.034691
0 0.726562 0.272247 0.015625 0.031674
0 0.408203 0.101810 0.011719 0.022624
0 0.751465 0.167421 0.014648 0.033183
0 0.784668 0.180241 0.018555 0.034691
0 0.859863 0.266214 0.018555 0.037707
0 0.762207 0.414781 0.030273 0.060332
0 0.748047 0.276772 0.015625 0.034691
0 0.800293 0.260935 0.018555 0.036199
0 0.835449 0.195324 0.016602 0.034691
0 0.898926 0.176471 0.020508 0.039216
0 0.937500 0.218703 0.019531 0.039216
0 0.894043 0.327300 0.022461 0.042232
0 0.988281 0.361991 0.023438 0.054299
0 0.993164 0.296380 0.013672 0.043741
0 0.987305 0.165913 0.013672 0.033183
0 0.479980 0.218703 0.020508 0.045249
0 0.562988 0.130468 0.012695 0.022624
0 0.086914 0.061840 0.007812 0.018100
0 0.782715 0.141780 0.014648 0.024133
0 0.856445 0.207391 0.015625 0.037707
0 0.271484 0.144042 0.011719 0.025641
0 0.245117 0.082202 0.009766 0.019608
