0 0.127441 0.484604 0.016602 0.030792
0 0.481445 0.490469 0.023438 0.042522
0 0.842285 0.493402 0.016602 0.030792
0 0.708496 0.492669 0.016602 0.032258
0 0.760742 0.470674 0.011719 0.023460
0 0.894043 0.465543 0.012695 0.021994
0 0.725098 0.458944 0.010742 0.020528
0 0.866699 0.458944 0.010742 0.020528
0 0.593262 0.483871 0.016602 0.029326
0 0.520996 0.480938 0.014648 0.029326
0 0.420898 0.480205 0.013672 0.024927
0 0.392578 0.471408 0.011719 0.024927
0 0.675293 0.466276 0.012695 0.023460
0 0.658691 0.466276 0.008789 0.020528
0 0.960449 0.461144 0.012695 0.024927
0 0.349121 0.469208 0.012695 0.026393
0 0.291992 0.459677 0.011719 0.021994
0 0.262207 0.475073 0.012695 0.023460
0 0.236328 0.479472 0.007812 0.014663
0 0.204102 0.465543 0.011719 0.019062
0 0.172363 0.466276 0.012695 0.020528
0 0.085449 0.478739 0.012695 0.019062
0 0.049316 0.472141 0.010742 0.020528
0 0.015625 0.472874 0.011719 0.019062
