0 0.110352 0.525964 0.015625 0.025223
0 0.142090 0.541543 0.012695 0.020772
0 0.149902 0.517804 0.012695 0.026706
0 0.198730 0.525223 0.014648 0.026706
0 0.214355 0.522255 0.012695 0.026706
0 0.303711 0.450297 0.029297 0.043027
0 0.329590 0.461424 0.018555 0.035608
0 0.423828 0.431009 0.023438 0.040059
0 0.395996 0.472552 0.020508 0.034125
0 0.467773 0.464392 0.019531 0.035608
0 0.531738 0.414688 0.028320 0.051929
0 0.612305 0.454006 0.019531 0.032641
0 0.666504 0.448813 0.022461 0.040059
0 0.721191 0.504451 0.016602 0.029674
0 0.777832 0.505193 0.016602 0.031157
0 0.933105 0.592730 0.006836 0.013353
0 0.227539 0.533383 0.011719 0.025223
