0 0.341309 0.545632 0.016602 0.029987
0 0.291504 0.571056 0.020508 0.039113
0 0.240234 0.556714 0.021484 0.033898
0 0.694336 0.555411 0.023438 0.036506
0 0.593750 0.567797 0.023438 0.040417
0 0.504395 0.575619 0.022461 0.040417
0 0.437012 0.517601 0.018555 0.033898
0 0.644531 0.524772 0.017578 0.032595
0 0.670410 0.524120 0.018555 0.033898
0 0.517578 0.501304 0.023438 0.029987
0 0.589844 0.491525 0.021484 0.033898
0 0.750488 0.549544 0.020508 0.032595
0 0.711426 0.534550 0.022461 0.033898
0 0.359863 0.593220 0.018555 0.036506
0 0.849121 0.539113 0.012695 0.022164
0 0.915039 0.548240 0.007812 0.011734
0 0.449707 0.502608 0.016602 0.032595
0 0.281250 0.552151 0.017578 0.032595
0 0.968262 0.532595 0.012695 0.024772
