0 0.064941 0.421842 0.016602 0.042827
0 0.110840 0.508565 0.016602 0.040685
0 0.171875 0.441113 0.017578 0.047109
0 0.202148 0.398287 0.013672 0.042827
0 0.229004 0.422912 0.016602 0.053533
0 0.291504 0.384368 0.016602 0.053533
0 0.327637 0.437901 0.022461 0.057816
0 0.325684 0.377944 0.008789 0.023555
0 0.252930 0.380086 0.005859 0.014989
0 0.237793 0.358672 0.006836 0.019272
0 0.355957 0.381156 0.010742 0.029979
0 0.392578 0.360814 0.011719 0.027837
0 0.423828 0.420771 0.023438 0.070664
0 0.481445 0.397216 0.017578 0.049251
0 0.529297 0.395075 0.019531 0.053533
0 0.551758 0.372591 0.009766 0.034261
0 0.610352 0.418630 0.019531 0.053533
0 0.650391 0.385439 0.009766 0.034261
0 0.629395 0.372591 0.010742 0.038544
0 0.665527 0.404711 0.012695 0.042827
0 0.723633 0.427195 0.017578 0.057816
0 0.737793 0.466809 0.018555 0.042827
0 0.736816 0.358672 0.010742 0.032120
0 0.707031 0.382227 0.013672 0.040685
0 0.743164 0.376874 0.009766 0.042827
0 0.786133 0.425054 0.017578 0.049251
0 0.778320 0.353319 0.007812 0.017131
0 0.829590 0.421842 0.014648 0.042827
0 0.861816 0.395075 0.014648 0.044968
0 0.876465 0.494647 0.016602 0.042827
0 0.917969 0.497859 0.021484 0.053533
0 0.914551 0.389722 0.016602 0.042827
0 0.940430 0.391863 0.011719 0.034261
0 0.850098 0.584582 0.016602 0.038544
0 0.580078 0.162741 0.019531 0.055675
