0 0.066406 0.345238 0.033203 0.036415
0 0.134766 0.198179 0.017578 0.016807
0 0.159668 0.186275 0.018555 0.012605
0 0.224121 0.209034 0.016602 0.014706
0 0.224121 0.184174 0.016602 0.012605
0 0.296387 0.184874 0.014648 0.015406
0 0.355957 0.191877 0.016602 0.011204
0 0.354004 0.209384 0.016602 0.014006
0 0.283203 0.210434 0.015625 0.014706
0 0.416504 0.198880 0.016602 0.015406
0 0.468262 0.192927 0.014648 0.011905
0 0.503906 0.186275 0.011719 0.008403
0 0.530273 0.189426 0.015625 0.011905
0 0.485352 0.206583 0.017578 0.015406
0 0.582520 0.190126 0.014648 0.013305
0 0.630859 0.190826 0.015625 0.010504
0 0.625000 0.210784 0.017578 0.014006
0 0.569824 0.208333 0.016602 0.013305
0 0.677734 0.208333 0.015625 0.013305
0 0.686035 0.185924 0.016602 0.013305
0 0.735840 0.187675 0.016602 0.012605
0 0.792480 0.207633 0.016602 0.013305
0 0.734863 0.215686 0.016602 0.014006
0 0.207520 0.199930 0.020508 0.021709
