0 0.945801 0.556701 0.014648 0.026510
0 0.919922 0.579529 0.013672 0.025037
0 0.895020 0.510309 0.012695 0.022091
0 0.879883 0.480118 0.011719 0.017673
0 0.873047 0.448454 0.009766 0.019146
0 0.869141 0.398380 0.009766 0.016200
0 0.850098 0.376289 0.008789 0.013255
0 0.845703 0.410898 0.009766 0.014728
0 0.819336 0.366716 0.007812 0.014728
0 0.870117 0.607511 0.011719 0.025037
0 0.853516 0.646539 0.013672 0.026510
0 0.825195 0.547865 0.013672 0.023564
0 0.831543 0.516937 0.010742 0.020619
0 0.826660 0.486009 0.008789 0.017673
0 0.812012 0.453608 0.006836 0.017673
0 0.822754 0.434462 0.006836 0.017673
0 0.811523 0.399853 0.009766 0.016200
0 0.808105 0.606038 0.010742 0.022091
0 0.775879 0.561119 0.012695 0.020619
0 0.754883 0.599411 0.013672 0.023564
0 0.698730 0.586892 0.014648 0.022091
0 0.720703 0.559647 0.011719 0.020619
0 0.784668 0.513991 0.012695 0.020619
0 0.742188 0.519882 0.009766 0.020619
0 0.750488 0.494845 0.008789 0.017673
0 0.790527 0.482327 0.008789 0.016200
0 0.665527 0.555965 0.010742 0.019146
0 0.688477 0.522091 0.011719 0.019146
0 0.705078 0.491900 0.011719 0.020619
0 0.663574 0.496318 0.010742 0.017673
0 0.791504 0.442563 0.008789 0.016200
0 0.774902 0.391753 0.008789 0.014728
0 0.756348 0.433726 0.008789 0.016200
0 0.780762 0.451399 0.006836 0.016200
0 0.746582 0.457290 0.008789 0.019146
0 0.724121 0.435199 0.008789 0.016200
0 0.735840 0.382180 0.010742 0.016200
0 0.212891 0.564801 0.011719 0.019146
0 0.181152 0.587629 0.014648 0.026510
0 0.094727 0.548601 0.013672 0.022091
0 0.193848 0.647275 0.014648 0.025037
0 0.134766 0.651694 0.015625 0.027982
0 0.053223 0.576583 0.014648 0.025037
0 0.354980 0.558910 0.012695 0.022091
0 0.345215 0.599411 0.014648 0.020619
0 0.332031 0.516200 0.011719 0.019146
0 0.701660 0.389543 0.008789 0.016200
0 0.714355 0.460236 0.008789 0.016200
0 0.693359 0.442563 0.009766 0.016200
0 0.680664 0.451399 0.009766 0.019146
0 0.655762 0.435935 0.008789 0.017673
0 0.641113 0.452135 0.010742 0.017673
0 0.665039 0.385125 0.007812 0.016200
0 0.626953 0.377761 0.007812 0.013255
0 0.594238 0.379971 0.008789 0.014728
0 0.610840 0.329161 0.008789 0.013255
0 0.658691 0.329161 0.008789 0.013255
0 0.561035 0.329161 0.010742 0.013255
0 0.558105 0.381443 0.008789 0.014728
0 0.613770 0.438881 0.008789 0.014728
0 0.595215 0.453608 0.008789 0.017673
0 0.574707 0.443299 0.008789 0.014728
0 0.555176 0.459499 0.010742 0.017673
0 0.536133 0.435935 0.009766 0.017673
0 0.522949 0.379971 0.008789 0.014728
0 0.520508 0.337997 0.007812 0.013255
0 0.492676 0.379971 0.008789 0.014728
0 0.497559 0.446244 0.008789 0.014728
0 0.515137 0.452135 0.010742 0.017673
0 0.633301 0.592047 0.014648 0.023564
0 0.595703 0.560383 0.013672 0.022091
0 0.627441 0.525037 0.010742 0.019146
0 0.619629 0.487482 0.010742 0.020619
0 0.577637 0.487482 0.010742 0.020619
0 0.571777 0.527982 0.010742 0.019146
0 0.545410 0.553756 0.010742 0.020619
0 0.568359 0.593520 0.013672 0.026510
0 0.533691 0.488954 0.010742 0.017673
0 0.525879 0.522828 0.010742 0.023564
0 0.423828 0.329161 0.007812 0.016200
0 0.474609 0.322533 0.009766 0.017673
0 0.394531 0.455081 0.009766 0.017673
0 0.377930 0.438881 0.009766 0.017673
0 0.343262 0.435199 0.008789 0.016200
0 0.322754 0.454345 0.008789 0.016200
0 0.362305 0.466863 0.007812 0.014728
0 0.502930 0.603093 0.011719 0.022091
0 0.501465 0.555228 0.012695 0.023564
0 0.484863 0.525773 0.010742 0.020619
0 0.496094 0.503682 0.007812 0.014728
0 0.454102 0.495582 0.009766 0.019146
0 0.416016 0.494109 0.009766 0.016200
0 0.378418 0.488218 0.010742 0.016200
0 0.373047 0.516200 0.009766 0.019146
0 0.398926 0.558910 0.012695 0.022091
0 0.407227 0.522828 0.011719 0.020619
0 0.452148 0.558910 0.011719 0.022091
0 0.447754 0.533873 0.010742 0.019146
0 0.425293 0.593520 0.012695 0.023564
0 0.292969 0.392489 0.007812 0.016200
0 0.258301 0.391753 0.008789 0.017673
0 0.244141 0.359352 0.007812 0.014728
0 0.229980 0.388807 0.008789 0.014728
0 0.220703 0.401325 0.009766 0.016200
0 0.207520 0.413108 0.008789 0.016200
0 0.272949 0.438881 0.008789 0.014728
0 0.288086 0.453608 0.009766 0.017673
0 0.308594 0.440353 0.007812 0.014728
0 0.340332 0.479381 0.010742 0.019146
0 0.249023 0.453608 0.009766 0.017673
0 0.190430 0.461708 0.009766 0.019146
0 0.165527 0.481591 0.010742 0.020619
0 0.137695 0.506627 0.011719 0.020619
0 0.206055 0.521355 0.011719 0.020619
0 0.231445 0.494109 0.009766 0.019146
0 0.250000 0.516200 0.011719 0.019146
0 0.290527 0.522091 0.010742 0.019146
0 0.304199 0.498527 0.008789 0.016200
0 0.267578 0.486745 0.009766 0.019146
0 0.308594 0.562592 0.011719 0.020619
0 0.272461 0.600147 0.013672 0.019146
0 0.261230 0.564801 0.012695 0.022091
0 0.456543 0.386598 0.008789 0.016200
0 0.425781 0.389543 0.007812 0.016200
0 0.396973 0.384389 0.008789 0.014728
0 0.360840 0.384389 0.008789 0.014728
0 0.326660 0.382916 0.008789 0.014728
0 0.417480 0.438881 0.008789 0.017673
0 0.457520 0.434462 0.008789 0.014728
0 0.474121 0.465390 0.008789 0.014728
0 0.431641 0.453608 0.009766 0.017673
