0 0.084961 0.365385 0.076172 0.136605
0 0.018555 0.362732 0.007812 0.019894
0 0.125000 0.378647 0.015625 0.038462
0 0.163086 0.375995 0.015625 0.025199
0 0.176270 0.368700 0.010742 0.018568
0 0.196777 0.370690 0.012695 0.019894
0 0.208008 0.366711 0.011719 0.014589
0 0.237305 0.372016 0.013672 0.025199
0 0.270996 0.366711 0.024414 0.054377
0 0.337891 0.396552 0.027344 0.047745
0 0.376953 0.324934 0.033203 0.063660
0 0.431641 0.379973 0.072266 0.136605
0 0.582520 0.352785 0.032227 0.066313
0 0.639160 0.364058 0.022461 0.041114
0 0.777832 0.299072 0.057617 0.133952
0 0.755859 0.366048 0.035156 0.050398
0 0.607910 0.047745 0.016602 0.029178
0 0.896973 0.372016 0.020508 0.046419
0 0.254395 0.350796 0.016602 0.043767
