0 0.158203 0.576358 0.033203 0.066079
0 0.126953 0.426579 0.031250 0.060206
0 0.102051 0.339207 0.022461 0.044053
0 0.264160 0.579295 0.036133 0.060206
0 0.229492 0.422173 0.031250 0.051395
0 0.345215 0.415565 0.026367 0.052863
0 0.387695 0.595448 0.037109 0.054332
0 0.186035 0.287812 0.024414 0.044053
0 0.296387 0.292217 0.024414 0.041116
0 0.269531 0.266520 0.019531 0.036711
0 0.151855 0.249633 0.020508 0.035242
0 0.375000 0.260646 0.019531 0.033774
0 0.411133 0.294420 0.023438 0.039648
0 0.461914 0.273128 0.021484 0.032305
0 0.505859 0.290749 0.021484 0.044053
0 0.449707 0.425844 0.028320 0.049927
0 0.555176 0.410426 0.032227 0.060206
0 0.506348 0.592511 0.030273 0.057269
0 0.639648 0.590308 0.033203 0.052863
0 0.606445 0.287812 0.021484 0.038179
0 0.658203 0.285609 0.019531 0.033774
0 0.703613 0.305433 0.024414 0.041116
0 0.735352 0.283407 0.019531 0.038179
0 0.805176 0.303965 0.024414 0.046990
0 0.859863 0.419971 0.028320 0.052863
0 0.764648 0.430984 0.025391 0.045521
0 0.665039 0.417034 0.027344 0.052863
0 0.744141 0.622614 0.031250 0.052863
0 0.844727 0.600587 0.035156 0.067548
