0 0.913574 0.286988 0.028320 0.064171
0 0.667480 0.311052 0.032227 0.058824
0 0.113770 0.417112 0.026367 0.057041
0 0.167969 0.331551 0.021484 0.046346
0 0.243652 0.368093 0.026367 0.058824
0 0.266602 0.339572 0.021484 0.048128
0 0.066895 0.351159 0.028320 0.049911
0 0.464355 0.293226 0.030273 0.065954
0 0.545410 0.373440 0.018555 0.037433
0 0.401855 0.304813 0.022461 0.049911
0 0.612305 0.238859 0.005859 0.017825
0 0.609863 0.217469 0.006836 0.017825
0 0.589844 0.254011 0.007812 0.016043
0 0.586426 0.221034 0.006836 0.017825
0 0.538086 0.204991 0.005859 0.014260
0 0.608398 0.183601 0.005859 0.014260
0 0.599121 0.163102 0.006836 0.012478
0 0.629395 0.186275 0.006836 0.012478
0 0.590332 0.133690 0.006836 0.014260
0 0.586426 0.075758 0.006836 0.016043
0 0.610840 0.090909 0.006836 0.014260
0 0.688965 0.138146 0.006836 0.019608
0 0.744141 0.161319 0.007812 0.016043
0 0.757324 0.106061 0.006836 0.019608
0 0.729004 0.081105 0.006836 0.012478
0 0.716797 0.131907 0.007812 0.014260
0 0.684082 0.086453 0.006836 0.012478
0 0.656738 0.087344 0.010742 0.017825
0 0.634277 0.144385 0.008789 0.017825
0 0.555176 0.144385 0.006836 0.014260
0 0.515625 0.141711 0.009766 0.016043
0 0.543457 0.244207 0.008789 0.017825
0 0.349609 0.269162 0.005859 0.014260
0 0.377441 0.270945 0.006836 0.014260
0 0.322754 0.271836 0.006836 0.012478
0 0.298340 0.286988 0.006836 0.014260
0 0.346680 0.235294 0.005859 0.014260
0 0.318848 0.253119 0.006836 0.017825
0 0.319824 0.226381 0.006836 0.014260
0 0.309570 0.218360 0.005859 0.016043
0 0.072266 0.078431 0.005859 0.014260
0 0.092285 0.097148 0.006836 0.016043
0 0.120117 0.108734 0.005859 0.014260
0 0.071777 0.131016 0.006836 0.012478
0 0.008789 0.054367 0.007812 0.012478
0 0.167969 0.053476 0.007812 0.017825
0 0.796387 0.010695 0.006836 0.014260
0 0.780273 0.020499 0.005859 0.008913
0 0.874023 0.021390 0.005859 0.014260
0 0.002930 0.313725 0.005859 0.017825
0 0.349609 0.169340 0.007812 0.014260
0 0.291016 0.119430 0.007812 0.017825
0 0.706055 0.262923 0.007812 0.019608
0 0.691895 0.264706 0.008789 0.023173
0 0.266113 0.221925 0.006836 0.019608
0 0.254395 0.218360 0.006836 0.019608
0 0.234863 0.219251 0.006836 0.014260
0 0.235840 0.199643 0.006836 0.014260
0 0.209473 0.283422 0.006836 0.014260
0 0.198730 0.260250 0.006836 0.014260
0 0.343262 0.194296 0.006836 0.014260
0 0.354492 0.193405 0.007812 0.016043
0 0.373047 0.212121 0.009766 0.017825
0 0.404785 0.170232 0.006836 0.016043
0 0.338379 0.151515 0.006836 0.014260
0 0.343750 0.130125 0.007812 0.017825
0 0.357910 0.128342 0.006836 0.014260
0 0.306152 0.153298 0.006836 0.014260
0 0.319824 0.151515 0.004883 0.010695
0 0.284668 0.177362 0.006836 0.016043
0 0.270508 0.145276 0.007812 0.016043
0 0.268555 0.107843 0.007812 0.019608
0 0.256348 0.114973 0.008789 0.023173
0 0.214355 0.239750 0.006836 0.012478
0 0.212891 0.222816 0.007812 0.017825
0 0.139648 0.235294 0.005859 0.017825
0 0.247559 0.273619 0.012695 0.030303
0 0.165527 0.241533 0.016602 0.033868
0 0.271484 0.259358 0.009766 0.023173
0 0.147461 0.201426 0.009766 0.017825
0 0.185059 0.197861 0.006836 0.017825
0 0.066895 0.193405 0.006836 0.012478
0 0.070312 0.166667 0.005859 0.016043
0 0.173828 0.152406 0.005859 0.012478
0 0.131348 0.156863 0.006836 0.010695
0 0.177734 0.082888 0.005859 0.012478
