0 0.236328 0.217742 0.074219 0.159824
0 0.479004 0.384164 0.040039 0.085044
0 0.381836 0.324780 0.011719 0.027859
0 0.574219 0.405425 0.009766 0.024927
0 0.627930 0.406158 0.017578 0.043988
0 0.673340 0.457478 0.016602 0.032258
0 0.732910 0.447214 0.014648 0.026393
0 0.780273 0.469941 0.013672 0.016129
0 0.945312 0.516862 0.019531 0.039589
0 0.956055 0.494868 0.017578 0.036657
0 0.096680 0.252199 0.023438 0.046921
0 0.244629 0.304985 0.030273 0.058651
0 0.755371 0.468475 0.014648 0.016129
0 0.692383 0.438416 0.007812 0.014663
0 0.551758 0.375367 0.039062 0.055718
