0 0.840332 0.396930 0.018555 0.033626
0 0.429199 0.336988 0.026367 0.045322
0 0.765625 0.459064 0.005859 0.011696
0 0.729980 0.463450 0.004883 0.011696
0 0.685547 0.447368 0.007812 0.011696
0 0.873535 0.475877 0.004883 0.010234
0 0.917969 0.478070 0.005859 0.008772
0 0.646973 0.464912 0.006836 0.011696
0 0.590332 0.435673 0.006836 0.011696
0 0.565430 0.446637 0.007812 0.010234
0 0.507812 0.434211 0.007812 0.011696
0 0.635742 0.456140 0.005859 0.008772
0 0.160156 0.333333 0.019531 0.032164
0 0.215820 0.364766 0.015625 0.024854
0 0.041016 0.298977 0.021484 0.033626
0 0.103516 0.364766 0.013672 0.030702
0 0.956543 0.482456 0.004883 0.011696
0 0.981445 0.489035 0.005859 0.010234
