0 0.056641 0.393695 0.019531 0.036657
0 0.179199 0.392962 0.018555 0.032258
0 0.319824 0.372434 0.018555 0.032258
0 0.426270 0.405425 0.018555 0.030792
0 0.449219 0.409091 0.019531 0.038123
0 0.487793 0.405425 0.016602 0.030792
0 0.518066 0.397361 0.016602 0.035191
0 0.576660 0.404692 0.020508 0.038123
0 0.663574 0.364370 0.032227 0.054252
0 0.705566 0.390029 0.018555 0.038123
0 0.798828 0.398827 0.017578 0.035191
0 0.827148 0.402493 0.017578 0.033724
0 0.857422 0.406891 0.025391 0.042522
0 0.922852 0.382698 0.019531 0.043988
0 0.456543 0.240469 0.012695 0.020528
0 0.549805 0.267595 0.017578 0.030792
0 0.660156 0.249267 0.015625 0.032258
0 0.806152 0.165689 0.014648 0.023460
0 0.827637 0.079179 0.014648 0.023460
0 0.777344 0.048387 0.013672 0.026393
0 0.821289 0.047654 0.011719 0.019062
0 0.779297 0.101906 0.013672 0.019062
0 0.850586 0.030059 0.013672 0.021994
0 0.802734 0.028592 0.013672 0.019062
0 0.749023 0.026393 0.015625 0.023460
0 0.645020 0.070381 0.016602 0.020528
0 0.571289 0.145894 0.019531 0.030792
0 0.567871 0.052786 0.016602 0.026393
0 0.621094 0.030792 0.013672 0.026393
0 0.465820 0.130499 0.015625 0.026393
0 0.504883 0.218475 0.013672 0.023460
0 0.463867 0.210411 0.017578 0.027859
0 0.412109 0.219208 0.013672 0.021994
0 0.402832 0.246334 0.012695 0.020528
0 0.377441 0.049853 0.018555 0.029326
0 0.381348 0.173021 0.016602 0.032258
0 0.303223 0.091642 0.018555 0.027859
0 0.282227 0.039589 0.017578 0.026393
0 0.293945 0.255865 0.017578 0.030792
0 0.519043 0.158358 0.012695 0.017595
0 0.427734 0.118768 0.015625 0.023460
0 0.354492 0.209677 0.011719 0.023460
0 0.249023 0.265396 0.017578 0.032258
0 0.159180 0.147361 0.013672 0.019062
0 0.179688 0.216276 0.019531 0.039589
0 0.115723 0.262463 0.014648 0.026393
0 0.194336 0.165689 0.021484 0.026393
0 0.254883 0.218475 0.013672 0.020528
0 0.345703 0.156158 0.015625 0.027859
0 0.145020 0.269795 0.014648 0.029326
0 0.229492 0.050587 0.013672 0.021994
0 0.194824 0.057918 0.014648 0.024927
0 0.259277 0.093109 0.014648 0.024927
0 0.076660 0.230205 0.014648 0.026393
0 0.041992 0.202346 0.015625 0.026393
0 0.136719 0.120968 0.015625 0.027859
0 0.107910 0.163490 0.014648 0.021994
0 0.353027 0.271994 0.016602 0.030792
