0 0.005371 0.349498 0.010742 0.063545
0 0.017090 0.331104 0.020508 0.060201
0 0.051270 0.349498 0.032227 0.060201
0 0.107422 0.356187 0.035156 0.063545
0 0.149414 0.346990 0.033203 0.058528
0 0.166992 0.350334 0.017578 0.055184
0 0.205566 0.351171 0.030273 0.060201
0 0.253418 0.344482 0.032227 0.060201
0 0.304199 0.355351 0.032227 0.061873
0 0.339844 0.351171 0.027344 0.066890
0 0.367188 0.356187 0.029297 0.056856
0 0.401855 0.366221 0.034180 0.063545
0 0.437012 0.347826 0.028320 0.060201
0 0.468262 0.358696 0.034180 0.061873
0 0.522949 0.363712 0.034180 0.058528
0 0.561035 0.360368 0.032227 0.058528
0 0.588867 0.359532 0.025391 0.063545
0 0.615723 0.365385 0.034180 0.061873
0 0.655762 0.359532 0.030273 0.060201
0 0.701660 0.362876 0.032227 0.063545
0 0.745605 0.357023 0.030273 0.058528
0 0.790527 0.367057 0.032227 0.058528
0 0.836426 0.362040 0.032227 0.055184
0 0.878906 0.371237 0.033203 0.063545
0 0.896484 0.352843 0.019531 0.050167
0 0.935547 0.362040 0.029297 0.058528
0 0.978027 0.371237 0.028320 0.060201
0 0.019531 0.183110 0.013672 0.038462
0 0.164551 0.156355 0.014648 0.035117
0 0.226074 0.188963 0.012695 0.033445
0 0.445312 0.228261 0.011719 0.031773
0 0.636230 0.235786 0.014648 0.036789
0 0.867188 0.240803 0.011719 0.033445
