0 0.891602 0.267595 0.035156 0.063050
0 0.873047 0.439883 0.037109 0.061584
0 0.779297 0.317449 0.035156 0.057185
0 0.804688 0.133431 0.037109 0.058651
0 0.697266 0.219941 0.035156 0.067449
0 0.616211 0.290323 0.035156 0.061584
0 0.671387 0.426686 0.041992 0.076246
0 0.557129 0.154692 0.034180 0.065982
0 0.432617 0.159091 0.035156 0.063050
0 0.496582 0.335044 0.036133 0.065982
0 0.375977 0.308651 0.035156 0.068915
0 0.286133 0.228739 0.031250 0.061584
0 0.204590 0.324780 0.038086 0.063050
0 0.175781 0.148094 0.037109 0.061584
0 0.105957 0.306452 0.036133 0.064516
0 0.130371 0.458944 0.032227 0.052786
0 0.322754 0.421554 0.040039 0.065982
