0 0.104980 0.401730 0.032227 0.064465
0 0.150879 0.350629 0.010742 0.022013
0 0.176758 0.353774 0.037109 0.081761
0 0.242676 0.353774 0.028320 0.056604
0 0.296875 0.375786 0.039062 0.081761
0 0.056152 0.429245 0.012695 0.025157
0 0.021973 0.387579 0.036133 0.067610
0 0.534668 0.158019 0.012695 0.029874
0 0.464844 0.371855 0.041016 0.077044
0 0.562500 0.362421 0.029297 0.055031
0 0.610840 0.331761 0.041992 0.081761
0 0.655762 0.297956 0.049805 0.073899
0 0.736328 0.347484 0.033203 0.059748
0 0.772949 0.352987 0.024414 0.045597
0 0.809082 0.363208 0.022461 0.044025
0 0.777344 0.422956 0.046875 0.088050
0 0.834473 0.393082 0.038086 0.069182
0 0.868164 0.391509 0.013672 0.031447
0 0.907227 0.400943 0.027344 0.047170
0 0.949707 0.421384 0.016602 0.037736
0 0.975098 0.392296 0.049805 0.102201
0 0.152344 0.433176 0.025391 0.055031
