0 0.480957 0.456950 0.010742 0.015990
0 0.545410 0.460025 0.010742 0.017220
0 0.519043 0.459410 0.010742 0.015990
0 0.555664 0.558426 0.021484 0.034440
0 0.599121 0.524600 0.014648 0.023370
0 0.672363 0.496310 0.012695 0.023370
0 0.603516 0.460640 0.011719 0.020910
0 0.646973 0.469250 0.010742 0.018450
0 0.660645 0.471710 0.010742 0.018450
0 0.714844 0.461870 0.013672 0.023370
0 0.704590 0.458795 0.010742 0.017220
0 0.772949 0.440344 0.010742 0.019680
0 0.794922 0.450185 0.011719 0.017220
0 0.900879 0.449569 0.006836 0.015990
0 0.500488 0.452645 0.010742 0.017220
0 0.617188 0.438499 0.011719 0.015990
0 0.550781 0.436654 0.011719 0.014760
0 0.204102 0.537515 0.019531 0.027060
0 0.235352 0.503690 0.015625 0.025830
0 0.305176 0.489545 0.012695 0.017220
0 0.363770 0.444034 0.012695 0.019680
0 0.416016 0.547970 0.013672 0.020910
0 0.399902 0.437269 0.010742 0.013530
0 0.439941 0.439114 0.008789 0.014760
0 0.413086 0.460640 0.011719 0.018450
0 0.490234 0.490160 0.011719 0.023370
