0 0.940430 0.387830 0.021484 0.042522
0 0.988281 0.433284 0.011719 0.024927
0 0.868164 0.438416 0.013672 0.023460
0 0.694336 0.338710 0.023438 0.049853
0 0.727051 0.366569 0.018555 0.038123
0 0.811523 0.473607 0.005859 0.011730
0 0.614746 0.452346 0.010742 0.019062
0 0.538086 0.435484 0.013672 0.029326
0 0.458496 0.398094 0.018555 0.039589
0 0.329102 0.348974 0.027344 0.049853
0 0.376953 0.417889 0.013672 0.023460
0 0.481445 0.444282 0.009766 0.020528
0 0.239746 0.404692 0.018555 0.029326
0 0.124512 0.394428 0.018555 0.026393
0 0.055176 0.371701 0.020508 0.030792
0 0.577148 0.467742 0.009766 0.017595
0 0.650391 0.455279 0.011719 0.019062
0 0.174805 0.398094 0.013672 0.027859
