0 0.812500 0.387162 0.023438 0.039189
0 0.226074 0.804054 0.043945 0.078378
0 0.114258 0.642568 0.035156 0.058108
0 0.018555 0.662162 0.027344 0.064865
0 0.214844 0.560811 0.017578 0.021622
0 0.027832 0.604730 0.016602 0.025676
0 0.307617 0.566892 0.009766 0.020270
0 0.299316 0.533784 0.006836 0.016216
0 0.425293 0.601351 0.026367 0.048649
0 0.333984 0.482432 0.005859 0.010811
0 0.355957 0.421622 0.004883 0.010811
0 0.421875 0.456081 0.005859 0.012162
0 0.427246 0.428378 0.004883 0.008108
0 0.386230 0.405405 0.004883 0.008108
0 0.452637 0.405405 0.004883 0.008108
0 0.747559 0.636486 0.030273 0.045946
0 0.679199 0.549324 0.008789 0.039189
0 0.254395 0.581081 0.018555 0.037838
0 0.437012 0.400676 0.004883 0.009459
0 0.332031 0.468243 0.005859 0.009459
0 0.920898 0.364189 0.050781 0.082432
0 0.895996 0.384459 0.045898 0.068919
0 0.268555 0.554730 0.007812 0.014865
