0 0.220703 0.464129 0.015625 0.029283
0 0.279297 0.467789 0.015625 0.027818
0 0.345215 0.477306 0.016602 0.029283
0 0.383301 0.475110 0.008789 0.016105
0 0.408691 0.472182 0.016602 0.027818
0 0.432617 0.486091 0.005859 0.011713
0 0.445801 0.482430 0.010742 0.019034
0 0.477051 0.453880 0.020508 0.029283
0 0.543945 0.450220 0.019531 0.033675
0 0.514648 0.471449 0.011719 0.020498
0 0.600098 0.467057 0.018555 0.032211
0 0.666504 0.466325 0.018555 0.030747
0 0.732422 0.441435 0.019531 0.036603
0 0.782715 0.464129 0.010742 0.020498
0 0.808105 0.450952 0.018555 0.035139
0 0.875000 0.469253 0.011719 0.024890
0 0.934082 0.456808 0.010742 0.020498
0 0.973633 0.462665 0.011719 0.026354
0 0.918945 0.465593 0.007812 0.017570
0 0.836914 0.457540 0.007812 0.019034
0 0.649902 0.461201 0.010742 0.020498
