0 0.896484 0.414474 0.052734 0.086257
0 0.957031 0.389620 0.035156 0.062865
0 0.085938 0.289474 0.009766 0.017544
0 0.060547 0.296053 0.011719 0.019006
0 0.005859 0.320175 0.011719 0.032164
0 0.008301 0.253655 0.006836 0.010234
0 0.002441 0.266082 0.004883 0.014620
0 0.564453 0.293860 0.011719 0.020468
0 0.978027 0.280702 0.012695 0.020468
0 0.983887 0.359649 0.024414 0.040936
0 0.715332 0.304094 0.026367 0.043860
0 0.819824 0.323099 0.026367 0.043860
0 0.660645 0.385965 0.032227 0.058480
0 0.589844 0.304094 0.023438 0.040936
0 0.679688 0.284357 0.013672 0.024854
0 0.626953 0.302632 0.015625 0.026316
0 0.507324 0.305556 0.026367 0.043860
0 0.499023 0.267544 0.015625 0.026316
0 0.469238 0.275585 0.010742 0.019006
0 0.489258 0.260234 0.011719 0.017544
0 0.412109 0.288012 0.025391 0.043860
0 0.381836 0.267544 0.009766 0.017544
0 0.305176 0.318713 0.026367 0.043860
0 0.335938 0.263158 0.013672 0.026316
0 0.348633 0.282895 0.015625 0.021930
0 0.321289 0.242690 0.009766 0.014620
0 0.331543 0.316520 0.016602 0.030702
0 0.286133 0.241959 0.009766 0.016082
0 0.233887 0.273392 0.022461 0.038012
0 0.366699 0.491228 0.057617 0.108187
0 0.815430 0.589912 0.085938 0.156433
0 0.328613 0.451023 0.032227 0.068713
0 0.138184 0.308480 0.022461 0.035088
0 0.106445 0.362573 0.029297 0.043860
0 0.205078 0.353801 0.029297 0.046784
0 0.161621 0.250000 0.008789 0.014620
0 0.156250 0.241959 0.007812 0.013158
0 0.114258 0.256579 0.007812 0.013158
0 0.103027 0.266082 0.006836 0.011696
