0 0.905273 0.333580 0.044922 0.081361
0 0.757812 0.323964 0.046875 0.085799
0 0.575684 0.408284 0.034180 0.068047
0 0.452637 0.483728 0.034180 0.053254
0 0.344238 0.531065 0.026367 0.041420
0 0.261719 0.569527 0.025391 0.035503
0 0.292969 0.594675 0.019531 0.029586
0 0.202637 0.598373 0.018555 0.028107
0 0.165527 0.607988 0.018555 0.023669
0 0.125977 0.624260 0.015625 0.026627
0 0.088379 0.635355 0.014648 0.025148
0 0.059082 0.647929 0.012695 0.023669
0 0.035645 0.654586 0.010742 0.019231
0 0.373047 0.578402 0.023438 0.044379
0 0.017578 0.652367 0.011719 0.023669
