0 0.130859 0.636896 0.033203 0.102489
0 0.350586 0.663250 0.023438 0.052709
0 0.334961 0.573206 0.031250 0.048316
0 0.277832 0.639824 0.016602 0.052709
0 0.198242 0.691069 0.023438 0.070278
0 0.073242 0.472182 0.015625 0.021962
0 0.024902 0.439971 0.006836 0.010249
0 0.208496 0.512445 0.010742 0.020498
0 0.241211 0.520498 0.019531 0.033675
0 0.368164 0.360176 0.021484 0.046852
0 0.420898 0.497804 0.023438 0.035139
0 0.384766 0.530747 0.017578 0.036603
0 0.604492 0.640556 0.037109 0.065886
0 0.675293 0.463397 0.012695 0.021962
0 0.887695 0.508785 0.025391 0.057101
0 0.867676 0.505124 0.010742 0.020498
0 0.918457 0.440703 0.008789 0.014641
0 0.959961 0.471449 0.013672 0.032211
0 0.981934 0.469985 0.014648 0.026354
0 0.943848 0.426061 0.008789 0.011713
0 0.962402 0.430454 0.006836 0.014641
0 0.932129 0.554173 0.030273 0.065886
0 0.743652 0.595900 0.049805 0.096633
