0 0.023926 0.213393 0.010742 0.030357
0 0.034180 0.204464 0.013672 0.033929
0 0.049316 0.192857 0.016602 0.035714
0 0.065918 0.167857 0.026367 0.053571
0 0.095703 0.164286 0.035156 0.060714
0 0.152344 0.108929 0.046875 0.089286
0 0.206055 0.182143 0.023438 0.046429
0 0.236328 0.225000 0.011719 0.025000
0 0.272949 0.178571 0.028320 0.060714
0 0.303711 0.219643 0.011719 0.025000
0 0.320312 0.197321 0.021484 0.033929
0 0.358398 0.120536 0.037109 0.076786
0 0.406250 0.166964 0.023438 0.055357
0 0.381348 0.177679 0.006836 0.012500
0 0.440430 0.208036 0.013672 0.026786
0 0.462891 0.227679 0.009766 0.019643
0 0.504883 0.181250 0.015625 0.033929
0 0.516602 0.143750 0.031250 0.073214
0 0.607422 0.198214 0.019531 0.039286
0 0.637695 0.160714 0.025391 0.057143
0 0.678711 0.191071 0.015625 0.039286
0 0.721680 0.174107 0.021484 0.048214
0 0.739746 0.198214 0.012695 0.039286
0 0.785156 0.206250 0.015625 0.030357
0 0.803223 0.172321 0.020508 0.044643
0 0.851562 0.196429 0.017578 0.046429
0 0.861328 0.222321 0.009766 0.026786
0 0.893066 0.205357 0.014648 0.032143
0 0.930176 0.207143 0.016602 0.035714
0 0.957520 0.220536 0.014648 0.030357
0 0.985840 0.253571 0.006836 0.014286
0 0.997559 0.248214 0.004883 0.014286
0 0.566406 0.219643 0.017578 0.039286
