0 0.111816 0.176781 0.016602 0.029024
0 0.031738 0.151055 0.020508 0.035620
0 0.041992 0.156332 0.009766 0.019789
0 0.078125 0.156332 0.009766 0.014512
0 0.209473 0.163588 0.016602 0.029024
0 0.251953 0.145119 0.021484 0.026385
0 0.330078 0.161609 0.019531 0.032982
0 0.383301 0.170185 0.014648 0.029024
0 0.459473 0.166887 0.016602 0.022427
0 0.167480 0.175462 0.018555 0.023747
0 0.280762 0.155013 0.006836 0.006596
0 0.402344 0.168865 0.007812 0.013193
0 0.541016 0.184037 0.019531 0.022427
0 0.578613 0.174802 0.012695 0.019789
0 0.616211 0.170844 0.017578 0.032982
0 0.648926 0.170185 0.010742 0.018470
0 0.673340 0.192612 0.012695 0.021108
0 0.682129 0.171504 0.008789 0.013193
0 0.750488 0.131266 0.030273 0.043536
0 0.868164 0.139182 0.023438 0.043536
0 0.805664 0.149736 0.009766 0.017150
0 0.834961 0.149077 0.009766 0.015831
0 0.772461 0.156332 0.009766 0.017150
0 0.979004 0.142480 0.018555 0.029024
0 0.933594 0.156992 0.005859 0.010554
0 0.518555 0.181398 0.005859 0.011873
0 0.529785 0.176781 0.006836 0.010554
0 0.058594 0.641821 0.013672 0.035620
0 0.020508 0.677441 0.009766 0.017150
0 0.144043 0.658971 0.012695 0.019789
0 0.206055 0.655673 0.015625 0.010554
0 0.333496 0.639182 0.010742 0.022427
0 0.414551 0.670844 0.016602 0.025066
0 0.422363 0.646438 0.010742 0.021108
0 0.465820 0.620053 0.013672 0.023747
0 0.846680 0.609499 0.042969 0.063325
0 0.725098 0.665567 0.012695 0.019789
0 0.547363 0.667546 0.016602 0.026385
0 0.608398 0.645778 0.017578 0.027704
0 0.670410 0.651715 0.014648 0.026385
0 0.752930 0.671504 0.007812 0.013193
0 0.880371 0.629947 0.012695 0.022427
0 0.952637 0.618074 0.014648 0.025066
0 0.995117 0.621372 0.009766 0.031662
