0 0.292969 0.274194 0.042969 0.064516
0 0.389648 0.288123 0.031250 0.060117
0 0.196777 0.349707 0.026367 0.051320
0 0.230957 0.340909 0.028320 0.057185
0 0.164551 0.338710 0.026367 0.052786
0 0.135254 0.367302 0.028320 0.051320
0 0.069824 0.463343 0.010742 0.017595
0 0.034668 0.458944 0.008789 0.014663
0 0.459473 0.259531 0.038086 0.064516
0 0.543945 0.303519 0.031250 0.049853
0 0.618652 0.273460 0.034180 0.063050
0 0.704102 0.310850 0.031250 0.061584
0 0.785645 0.283724 0.036133 0.071848
0 0.822266 0.321848 0.027344 0.054252
