0 0.083496 0.478516 0.034180 0.061198
0 0.131836 0.498698 0.017578 0.028646
0 0.125977 0.445312 0.013672 0.023438
0 0.161621 0.463542 0.018555 0.026042
0 0.120117 0.469401 0.011719 0.016927
0 0.020020 0.457682 0.014648 0.024740
0 0.005859 0.464193 0.011719 0.019531
0 0.222168 0.433594 0.018555 0.031250
0 0.327148 0.472656 0.027344 0.049479
0 0.249512 0.445964 0.010742 0.019531
0 0.367676 0.503906 0.028320 0.039062
0 0.244141 0.504557 0.023438 0.040365
0 0.242188 0.473307 0.019531 0.027344
0 0.278320 0.450521 0.009766 0.018229
0 0.180664 0.444661 0.003906 0.006510
0 0.381836 0.445312 0.011719 0.023438
0 0.395996 0.468099 0.014648 0.024740
0 0.438477 0.445964 0.035156 0.069010
0 0.501953 0.443359 0.031250 0.071615
0 0.490723 0.436849 0.018555 0.053385
0 0.577637 0.451823 0.020508 0.039062
0 0.696289 0.447917 0.052734 0.075521
0 0.652344 0.399089 0.005859 0.011719
0 0.813477 0.471354 0.064453 0.109375
0 0.780762 0.417318 0.020508 0.042969
0 0.880859 0.445312 0.033203 0.057292
0 0.937500 0.457031 0.046875 0.059896
0 0.956055 0.378255 0.013672 0.019531
0 0.970703 0.342448 0.007812 0.015625
0 0.916016 0.356771 0.011719 0.018229
0 0.795898 0.361328 0.011719 0.019531
0 0.603516 0.411458 0.009766 0.018229
