0 0.852539 0.413411 0.031250 0.048177
0 0.730957 0.376953 0.030273 0.048177
0 0.697754 0.379557 0.024414 0.048177
0 0.595215 0.380859 0.020508 0.029948
0 0.529297 0.358724 0.013672 0.029948
0 0.477051 0.349609 0.014648 0.032552
0 0.408203 0.337240 0.015625 0.026042
0 0.453125 0.410156 0.025391 0.052083
0 0.378906 0.373047 0.019531 0.042969
0 0.341797 0.332682 0.021484 0.037760
0 0.291016 0.357422 0.021484 0.037760
0 0.195312 0.330729 0.015625 0.028646
0 0.088867 0.384115 0.037109 0.062500
0 0.353027 0.328125 0.014648 0.031250
0 0.522461 0.414062 0.021484 0.049479
0 0.457031 0.390625 0.021484 0.049479
0 0.115723 0.393880 0.022461 0.024740
0 0.123535 0.355469 0.022461 0.023438
0 0.967285 0.416667 0.028320 0.062500
