0 0.907715 0.327474 0.032227 0.053385
0 0.850098 0.330078 0.034180 0.055990
0 0.754883 0.342448 0.037109 0.062500
0 0.695312 0.303385 0.029297 0.049479
0 0.687012 0.356120 0.036133 0.058594
0 0.592773 0.316406 0.033203 0.054688
0 0.519043 0.316406 0.034180 0.057292
0 0.390137 0.293620 0.032227 0.053385
0 0.380859 0.254557 0.023438 0.035156
0 0.437988 0.389323 0.053711 0.088542
0 0.299805 0.369792 0.042969 0.070312
0 0.229980 0.286458 0.030273 0.041667
0 0.160645 0.276693 0.030273 0.055990
0 0.149902 0.331380 0.036133 0.055990
0 0.108398 0.365885 0.050781 0.083333
0 0.180176 0.489583 0.057617 0.085938
