0 0.246582 0.382161 0.022461 0.035156
0 0.221680 0.419271 0.021484 0.039062
0 0.189941 0.427083 0.032227 0.052083
0 0.096680 0.389323 0.023438 0.039062
0 0.059570 0.376953 0.021484 0.035156
0 0.231445 0.542969 0.068359 0.122396
0 0.156250 0.485677 0.033203 0.065104
0 0.324219 0.402995 0.019531 0.037760
0 0.376465 0.356120 0.012695 0.022135
0 0.386719 0.432943 0.029297 0.058594
0 0.436035 0.408854 0.020508 0.039062
0 0.444824 0.363932 0.010742 0.016927
0 0.460938 0.337240 0.009766 0.018229
0 0.511230 0.349609 0.008789 0.024740
0 0.562500 0.339844 0.017578 0.023438
0 0.581543 0.330729 0.014648 0.020833
0 0.594238 0.335286 0.010742 0.019531
0 0.619141 0.330078 0.013672 0.022135
0 0.657715 0.347656 0.016602 0.031250
0 0.660156 0.328776 0.013672 0.022135
0 0.688965 0.354167 0.016602 0.031250
0 0.754883 0.328125 0.015625 0.026042
0 0.658203 0.459635 0.041016 0.070312
0 0.619141 0.406250 0.023438 0.039062
0 0.467773 0.549479 0.042969 0.085938
0 0.823730 0.335938 0.020508 0.028646
0 0.867676 0.341797 0.016602 0.022135
0 0.885254 0.335286 0.018555 0.027344
0 0.916504 0.363932 0.020508 0.032552
0 0.813965 0.373698 0.022461 0.036458
0 0.824219 0.429688 0.031250 0.052083
0 0.979004 0.363932 0.014648 0.019531
0 0.348633 0.441406 0.021484 0.036458
