0 0.196777 0.448829 0.018555 0.027127
0 0.176758 0.450062 0.013672 0.022195
0 0.180176 0.431566 0.010742 0.017263
0 0.220703 0.432799 0.011719 0.019729
0 0.637207 0.446979 0.018555 0.033292
0 0.646973 0.421702 0.012695 0.012330
0 0.675781 0.418619 0.015625 0.020962
0 0.698242 0.438348 0.017578 0.030826
0 0.702637 0.413070 0.008789 0.009864
0 0.722168 0.437115 0.010742 0.013564
0 0.751953 0.478422 0.025391 0.039457
0 0.793945 0.453761 0.023438 0.034525
0 0.754395 0.429100 0.016602 0.022195
0 0.806641 0.431566 0.015625 0.029593
0 0.897949 0.443896 0.016602 0.024661
0 0.950195 0.448829 0.027344 0.032059
0 0.973633 0.413070 0.013672 0.019729
0 0.245605 0.446363 0.016602 0.024661
0 0.230957 0.432799 0.010742 0.017263
0 0.280273 0.437115 0.019531 0.028360
0 0.306152 0.427867 0.014648 0.022195
0 0.323242 0.418619 0.013672 0.020962
0 0.352051 0.422935 0.014648 0.027127
0 0.337891 0.488903 0.029297 0.053021
0 0.307129 0.498150 0.036133 0.061652
0 0.104004 0.615906 0.045898 0.090012
0 0.076172 0.531443 0.042969 0.076449
0 0.029785 0.493835 0.038086 0.028360
0 0.378906 0.426634 0.015625 0.022195
0 0.395020 0.440197 0.018555 0.027127
0 0.408203 0.450678 0.025391 0.035758
0 0.427734 0.496917 0.031250 0.029593
0 0.450195 0.412454 0.015625 0.023428
0 0.486328 0.435265 0.019531 0.029593
0 0.507324 0.409988 0.012695 0.018496
0 0.518555 0.440814 0.013672 0.023428
0 0.539551 0.424784 0.014648 0.016030
0 0.542480 0.416153 0.010742 0.013564
0 0.536133 0.453144 0.019531 0.030826
0 0.577148 0.431566 0.017578 0.029593
0 0.615234 0.425401 0.013672 0.014797
0 0.597656 0.556104 0.037109 0.071517
0 0.616699 0.710851 0.049805 0.117139
0 0.669434 0.509864 0.024414 0.050555
0 0.761230 0.420469 0.010742 0.017263
0 0.853027 0.409988 0.012695 0.016030
0 0.020508 0.450062 0.015625 0.022195
0 0.113770 0.459926 0.016602 0.024661
0 0.609375 0.524661 0.031250 0.060419
