0 0.227051 0.095791 0.020508 0.037736
0 0.271484 0.113208 0.015625 0.029028
0 0.258301 0.132801 0.016602 0.033382
0 0.199707 0.129173 0.012695 0.031930
0 0.172363 0.107402 0.020508 0.040639
0 0.130371 0.204644 0.022461 0.043541
0 0.112305 0.125544 0.017578 0.033382
0 0.072266 0.138607 0.013672 0.027576
0 0.333984 0.105225 0.015625 0.036284
0 0.307129 0.229318 0.022461 0.043541
0 0.369141 0.224964 0.027344 0.052250
0 0.407715 0.202467 0.014648 0.024673
0 0.437988 0.204644 0.010742 0.026125
0 0.456543 0.211176 0.014648 0.024673
0 0.513672 0.211176 0.017578 0.030479
0 0.425293 0.264877 0.026367 0.053701
0 0.502930 0.296807 0.041016 0.068215
0 0.631348 0.220610 0.018555 0.037736
0 0.668457 0.239478 0.022461 0.037736
0 0.820312 0.258345 0.025391 0.049347
0 0.903320 0.263425 0.029297 0.050798
0 0.909180 0.370102 0.048828 0.098694
0 0.594727 0.323657 0.044922 0.075472
0 0.068359 0.396952 0.054688 0.120464
0 0.200684 0.489840 0.051758 0.129173
