0 0.503418 0.405564 0.006836 0.011713
0 0.495605 0.397511 0.006836 0.010249
0 0.513184 0.391654 0.006836 0.013177
0 0.541504 0.403367 0.006836 0.013177
0 0.445312 0.393119 0.007812 0.016105
0 0.458008 0.404832 0.007812 0.013177
0 0.476562 0.444363 0.007812 0.019034
0 0.450684 0.441435 0.008789 0.016105
0 0.431641 0.456808 0.009766 0.017570
0 0.414551 0.478038 0.010742 0.027818
0 0.495605 0.473646 0.008789 0.021962
0 0.461426 0.463397 0.010742 0.024890
0 0.479004 0.489019 0.014648 0.029283
0 0.440430 0.508785 0.011719 0.027818
0 0.482910 0.535139 0.024414 0.045388
0 0.527344 0.492679 0.011719 0.027818
0 0.558594 0.469253 0.011719 0.024890
0 0.557129 0.441435 0.008789 0.013177
0 0.572754 0.438507 0.008789 0.013177
0 0.565918 0.440703 0.004883 0.011713
0 0.592773 0.458272 0.009766 0.017570
0 0.611328 0.445095 0.007812 0.014641
0 0.637695 0.437042 0.005859 0.010249
0 0.636719 0.461933 0.007812 0.016105
0 0.671387 0.453148 0.008789 0.016105
0 0.639160 0.486091 0.010742 0.023426
0 0.608887 0.485359 0.010742 0.030747
0 0.559570 0.524890 0.011719 0.033675
0 0.625000 0.526354 0.013672 0.027818
0 0.668945 0.505857 0.013672 0.030747
0 0.603027 0.442899 0.006836 0.010249
0 0.687012 0.459736 0.008789 0.017570
0 0.679199 0.484627 0.008789 0.020498
0 0.703613 0.508053 0.014648 0.023426
0 0.729492 0.501464 0.009766 0.024890
0 0.727539 0.467789 0.007812 0.016105
0 0.708496 0.455344 0.006836 0.011713
0 0.737305 0.453148 0.007812 0.013177
0 0.728027 0.458272 0.008789 0.011713
0 0.771484 0.469253 0.007812 0.016105
0 0.776367 0.480966 0.009766 0.021962
0 0.801270 0.478770 0.008789 0.011713
0 0.815918 0.483163 0.010742 0.014641
0 0.845703 0.500000 0.011719 0.021962
0 0.877930 0.484627 0.009766 0.017570
0 0.897949 0.505857 0.010742 0.019034
0 0.777344 0.549048 0.015625 0.038067
0 0.803223 0.536603 0.014648 0.030747
0 0.687012 0.566618 0.020508 0.046852
0 0.756836 0.570278 0.017578 0.039531
0 0.952637 0.511713 0.012695 0.019034
0 0.110352 0.512445 0.021484 0.038067
0 0.133789 0.470717 0.015625 0.030747
0 0.166016 0.446559 0.011719 0.023426
0 0.184570 0.436310 0.011719 0.020498
0 0.220215 0.452416 0.012695 0.023426
0 0.242676 0.437042 0.010742 0.024890
0 0.261230 0.467789 0.010742 0.021962
0 0.277344 0.445095 0.011719 0.020498
0 0.296387 0.437775 0.010742 0.017570
0 0.332031 0.448023 0.011719 0.017570
0 0.370117 0.478038 0.011719 0.027818
0 0.389648 0.425329 0.007812 0.019034
0 0.425293 0.434846 0.010742 0.014641
0 0.330566 0.566618 0.026367 0.052709
0 0.295410 0.519034 0.018555 0.036603
0 0.308594 0.504392 0.011719 0.030747
0 0.243164 0.510249 0.019531 0.033675
0 0.028809 0.456076 0.018555 0.033675
0 0.094727 0.446559 0.013672 0.023426
0 0.104004 0.448023 0.010742 0.020498
0 0.138672 0.440703 0.011719 0.017570
0 0.494629 0.458272 0.010742 0.017570
