0 0.234863 0.687408 0.014648 0.030747
0 0.183105 0.710835 0.016602 0.024890
0 0.156250 0.666179 0.015625 0.023426
0 0.106445 0.666911 0.017578 0.030747
0 0.162598 0.606881 0.016602 0.024890
0 0.201172 0.627379 0.015625 0.024890
0 0.229980 0.644949 0.014648 0.021962
0 0.270020 0.654466 0.016602 0.029283
0 0.305664 0.623719 0.015625 0.029283
0 0.348633 0.610542 0.013672 0.029283
0 0.258789 0.591508 0.015625 0.026354
0 0.116699 0.592240 0.018555 0.027818
0 0.305176 0.550512 0.014648 0.026354
0 0.388184 0.565154 0.014648 0.026354
0 0.352539 0.537335 0.015625 0.026354
0 0.396484 0.524890 0.013672 0.024890
0 0.409668 0.483163 0.012695 0.026354
0 0.446289 0.526354 0.013672 0.024890
0 0.443848 0.573206 0.014648 0.030747
0 0.502441 0.575403 0.016602 0.032211
0 0.496094 0.510981 0.013672 0.026354
0 0.463867 0.486091 0.011719 0.023426
0 0.324707 0.497804 0.014648 0.026354
0 0.294434 0.471449 0.014648 0.029283
0 0.266602 0.527818 0.017578 0.027818
0 0.240723 0.483163 0.014648 0.023426
0 0.206543 0.490483 0.014648 0.026354
0 0.224609 0.571742 0.015625 0.027818
0 0.185059 0.557833 0.014648 0.026354
0 0.166016 0.521230 0.015625 0.029283
0 0.175293 0.491947 0.014648 0.023426
0 0.604980 0.597365 0.014648 0.029283
0 0.544922 0.593704 0.015625 0.024890
0 0.549805 0.532211 0.013672 0.027818
0 0.592285 0.511713 0.016602 0.030747
0 0.626953 0.469985 0.013672 0.029283
0 0.653809 0.530015 0.012695 0.029283
0 0.682617 0.478038 0.015625 0.030747
0 0.727539 0.488287 0.015625 0.027818
0 0.714355 0.540264 0.016602 0.032211
0 0.648926 0.596633 0.014648 0.027818
0 0.571289 0.459004 0.013672 0.024890
0 0.527344 0.476574 0.013672 0.024890
0 0.730957 0.630307 0.016602 0.030747
0 0.863770 0.553441 0.014648 0.026354
0 0.912109 0.565886 0.017578 0.027818
0 0.945801 0.530015 0.016602 0.026354
0 0.890625 0.500000 0.015625 0.027818
0 0.903320 0.468521 0.015625 0.026354
0 0.834961 0.477306 0.015625 0.029283
0 0.816406 0.508785 0.015625 0.030747
0 0.810547 0.563690 0.015625 0.026354
0 0.804199 0.617130 0.018555 0.033675
0 0.853027 0.630307 0.016602 0.030747
0 0.911621 0.634700 0.018555 0.027818
0 0.911133 0.697657 0.017578 0.033675
0 0.753906 0.551977 0.013672 0.029283
0 0.779297 0.481698 0.015625 0.032211
0 0.793457 0.468521 0.012695 0.026354
0 0.894043 0.374817 0.012695 0.029283
0 0.871582 0.415081 0.012695 0.024890
0 0.836914 0.437042 0.013672 0.027818
0 0.827637 0.392387 0.014648 0.026354
0 0.840820 0.362372 0.013672 0.021962
0 0.827637 0.332357 0.012695 0.020498
0 0.800781 0.352123 0.011719 0.021962
0 0.760742 0.325769 0.011719 0.021962
0 0.739258 0.281113 0.013672 0.026354
0 0.725098 0.333821 0.012695 0.023426
0 0.722656 0.367496 0.013672 0.026354
0 0.751953 0.411420 0.013672 0.026354
0 0.773926 0.382138 0.014648 0.023426
0 0.799316 0.414348 0.014648 0.026354
0 0.629395 0.331625 0.012695 0.024890
0 0.665039 0.283309 0.011719 0.024890
0 0.704102 0.295022 0.011719 0.024890
0 0.685059 0.332357 0.010742 0.023426
0 0.664551 0.385066 0.012695 0.026354
0 0.688477 0.420205 0.013672 0.026354
0 0.642090 0.413616 0.014648 0.027818
0 0.596680 0.407760 0.011719 0.021962
0 0.554688 0.412152 0.011719 0.021962
0 0.539551 0.372621 0.012695 0.021962
0 0.577148 0.334553 0.011719 0.024890
0 0.575195 0.276720 0.011719 0.020498
0 0.622559 0.292094 0.010742 0.021962
0 0.613770 0.259883 0.012695 0.024890
0 0.552734 0.251098 0.011719 0.021962
0 0.537109 0.275988 0.011719 0.024890
0 0.509277 0.257687 0.012695 0.020498
0 0.527832 0.330161 0.012695 0.021962
0 0.493652 0.297218 0.010742 0.017570
0 0.478516 0.246706 0.009766 0.019034
0 0.483887 0.338214 0.010742 0.023426
0 0.500488 0.371889 0.012695 0.026354
0 0.512207 0.426794 0.012695 0.024890
0 0.479980 0.412152 0.012695 0.021962
0 0.606934 0.364568 0.012695 0.026354
0 0.407227 0.387994 0.011719 0.023426
0 0.438965 0.408492 0.012695 0.026354
0 0.462402 0.370425 0.012695 0.026354
0 0.441895 0.452416 0.012695 0.023426
0 0.396973 0.430454 0.012695 0.023426
0 0.365234 0.456076 0.013672 0.027818
0 0.377441 0.366764 0.012695 0.024890
0 0.370117 0.316984 0.013672 0.024890
0 0.425293 0.348463 0.012695 0.026354
0 0.451660 0.314056 0.012695 0.024890
0 0.469727 0.278184 0.013672 0.023426
0 0.441406 0.251830 0.009766 0.023426
0 0.426758 0.273060 0.011719 0.021962
0 0.412109 0.305271 0.011719 0.024890
0 0.379395 0.276720 0.010742 0.023426
0 0.342285 0.294290 0.010742 0.020498
0 0.317383 0.258419 0.009766 0.021962
0 0.291992 0.297950 0.013672 0.021962
0 0.306152 0.340410 0.012695 0.024890
0 0.330078 0.377013 0.011719 0.021962
0 0.346191 0.407028 0.016602 0.029283
0 0.314453 0.418009 0.013672 0.024890
0 0.284668 0.385066 0.014648 0.026354
0 0.269531 0.428990 0.015625 0.023426
0 0.210449 0.453148 0.016602 0.024890
0 0.204102 0.415081 0.013672 0.024890
0 0.220703 0.390922 0.013672 0.026354
0 0.244141 0.398243 0.013672 0.029283
0 0.262695 0.344070 0.011719 0.023426
0 0.215332 0.352855 0.012695 0.026354
0 0.186523 0.336750 0.013672 0.023426
0 0.212402 0.303075 0.012695 0.023426
0 0.236816 0.309663 0.012695 0.024890
0 0.171387 0.400439 0.014648 0.024890
0 0.180176 0.367496 0.012695 0.023426
0 0.145996 0.352123 0.014648 0.021962
0 0.137207 0.382138 0.014648 0.023426
0 0.120605 0.434114 0.014648 0.024890
0 0.131836 0.475110 0.015625 0.027818
0 0.173828 0.448755 0.015625 0.027818
0 0.091309 0.401171 0.016602 0.026354
0 0.061523 0.432650 0.015625 0.024890
0 0.066406 0.464129 0.015625 0.026354
0 0.073730 0.511713 0.016602 0.024890
0 0.090332 0.479502 0.016602 0.021962
0 0.105469 0.503660 0.017578 0.023426
0 0.129395 0.524158 0.014648 0.029283
0 0.116211 0.554905 0.019531 0.026354
0 0.258789 0.278184 0.013672 0.023426
