0 0.935547 0.414348 0.015625 0.029283
0 0.965820 0.378477 0.007812 0.016105
0 0.925293 0.398975 0.008789 0.019034
0 0.887695 0.396779 0.011719 0.023426
0 0.870117 0.396047 0.011719 0.021962
0 0.765625 0.406296 0.015625 0.030747
0 0.756836 0.386530 0.009766 0.020498
0 0.626465 0.454612 0.028320 0.057101
0 0.733887 0.498536 0.032227 0.057101
0 0.678711 0.430454 0.015625 0.032211
0 0.706543 0.404100 0.014648 0.026354
0 0.361816 0.375549 0.008789 0.024890
0 0.345703 0.366032 0.011719 0.017570
0 0.328125 0.395315 0.013672 0.032211
0 0.308594 0.390922 0.015625 0.035139
0 0.222168 0.386530 0.012695 0.023426
0 0.223633 0.465593 0.029297 0.061493
0 0.172852 0.406296 0.017578 0.036603
0 0.160156 0.378477 0.009766 0.016105
0 0.114258 0.379209 0.015625 0.029283
0 0.103027 0.404100 0.020508 0.038067
0 0.132324 0.509517 0.043945 0.084919
0 0.299316 0.366764 0.010742 0.021962
0 0.608398 0.393851 0.013672 0.023426
0 0.575195 0.379941 0.011719 0.021962
0 0.525879 0.376281 0.010742 0.020498
0 0.380859 0.419473 0.019531 0.042460
0 0.525391 0.425329 0.019531 0.039531
0 0.471680 0.368960 0.011719 0.020498
0 0.460938 0.364568 0.007812 0.014641
0 0.427734 0.379209 0.009766 0.023426
0 0.419922 0.392387 0.009766 0.029283
0 0.439453 0.564422 0.033203 0.089312
0 0.795410 0.333821 0.008789 0.017570
0 0.724121 0.385798 0.006836 0.016105
0 0.641113 0.392387 0.008789 0.014641
0 0.593262 0.379209 0.008789 0.020498
0 0.566406 0.365300 0.005859 0.013177
0 0.506348 0.355783 0.006836 0.014641
0 0.192871 0.333089 0.006836 0.013177
0 0.242188 0.323572 0.007812 0.014641
0 0.091797 0.366764 0.009766 0.019034
0 0.072266 0.381406 0.007812 0.019034
0 0.062988 0.377013 0.008789 0.019034
