0 0.733887 0.524229 0.055664 0.102790
0 0.578125 0.517621 0.048828 0.086637
0 0.361328 0.522026 0.046875 0.086637
0 0.208496 0.543319 0.045898 0.082232
0 0.059570 0.531571 0.052734 0.076358
0 0.921387 0.506608 0.045898 0.082232
0 0.823730 0.392070 0.026367 0.052863
0 0.645508 0.420705 0.029297 0.048458
0 0.418457 0.437592 0.028320 0.052863
0 0.562500 0.420705 0.033203 0.048458
0 0.421387 0.389868 0.022461 0.033774
0 0.729004 0.369310 0.026367 0.036711
0 0.737305 0.334802 0.015625 0.026432
0 0.694824 0.330396 0.012695 0.023495
0 0.604492 0.342144 0.013672 0.023495
0 0.635742 0.386931 0.019531 0.033774
0 0.484375 0.324523 0.011719 0.020558
0 0.583984 0.325257 0.011719 0.019090
0 0.557617 0.373715 0.017578 0.033774
