0 0.421387 0.193098 0.014648 0.024963
0 0.383789 0.188693 0.017578 0.027900
0 0.351074 0.150514 0.008789 0.019090
0 0.350586 0.194567 0.017578 0.033774
0 0.156738 0.189427 0.018555 0.032305
0 0.241699 0.231278 0.024414 0.045521
0 0.299805 0.206314 0.019531 0.033774
0 0.263672 0.215125 0.017578 0.036711
0 0.278320 0.162996 0.011719 0.023495
0 0.246094 0.166667 0.011719 0.022026
0 0.231934 0.189427 0.014648 0.020558
0 0.198242 0.189427 0.013672 0.026432
0 0.140625 0.118209 0.017578 0.027900
0 0.094238 0.113069 0.018555 0.032305
0 0.130371 0.272394 0.030273 0.048458
0 0.034668 0.210720 0.022461 0.045521
0 0.020508 0.121145 0.019531 0.033774
0 0.007812 0.309838 0.015625 0.067548
0 0.164551 0.476505 0.106445 0.207048
0 0.911133 0.299559 0.054688 0.093979
0 0.866211 0.226138 0.033203 0.058737
0 0.781738 0.339207 0.075195 0.111601
0 0.851074 0.446402 0.079102 0.176211
0 0.763184 0.192364 0.016602 0.032305
0 0.793945 0.191630 0.017578 0.030837
0 0.992188 0.282673 0.015625 0.074890
0 0.918457 0.107930 0.024414 0.066079
0 0.887695 0.107930 0.009766 0.022026
0 0.918457 0.168135 0.012695 0.022026
0 0.735840 0.171072 0.008789 0.019090
0 0.650391 0.157856 0.007812 0.016153
0 0.688477 0.159325 0.007812 0.016153
0 0.604492 0.158590 0.007812 0.017621
0 0.553711 0.095448 0.009766 0.017621
0 0.518066 0.103524 0.006836 0.013216
0 0.546875 0.150514 0.009766 0.019090
0 0.521484 0.157856 0.009766 0.019090
0 0.481934 0.163730 0.012695 0.019090
0 0.484375 0.113803 0.009766 0.016153
0 0.461426 0.102056 0.008789 0.016153
0 0.451172 0.110132 0.007812 0.014684
0 0.439453 0.182819 0.013672 0.024963
0 0.718262 0.168869 0.006836 0.014684
