0 0.473633 0.273792 0.025391 0.046852
0 0.507324 0.266471 0.024414 0.043924
0 0.541016 0.263543 0.019531 0.040996
0 0.570801 0.265007 0.022461 0.029283
0 0.410156 0.319180 0.029297 0.055637
0 0.378418 0.256955 0.016602 0.027818
0 0.292969 0.262079 0.021484 0.038067
0 0.291016 0.347731 0.039062 0.071742
0 0.175293 0.374817 0.065430 0.114202
0 0.146973 0.265007 0.026367 0.035139
0 0.823242 0.281845 0.029297 0.051245
0 0.943848 0.298682 0.022461 0.026354
0 0.985840 0.283309 0.020508 0.036603
0 0.793457 0.420937 0.073242 0.121523
0 0.735840 0.325769 0.024414 0.060029
0 0.756348 0.273060 0.024414 0.051245
