0 0.178711 0.352423 0.019531 0.026432
0 0.137695 0.393539 0.023438 0.035242
0 0.125977 0.364905 0.015625 0.033774
0 0.085449 0.330396 0.018555 0.029369
0 0.097656 0.417034 0.021484 0.038179
0 0.073730 0.437592 0.026367 0.046990
0 0.060059 0.362702 0.018555 0.038179
0 0.037109 0.317915 0.021484 0.030837
0 0.027344 0.387665 0.021484 0.038179
0 0.009766 0.389868 0.017578 0.039648
0 0.241211 0.536711 0.042969 0.077827
0 0.326172 0.336270 0.017578 0.038179
0 0.320801 0.323054 0.014648 0.020558
0 0.363281 0.363436 0.019531 0.042584
0 0.389648 0.364905 0.023438 0.045521
0 0.398926 0.315712 0.018555 0.032305
0 0.420898 0.348018 0.019531 0.041116
0 0.013184 0.624816 0.022461 0.060206
0 0.191406 0.637298 0.015625 0.055800
0 0.405273 0.559471 0.017578 0.049927
0 0.477539 0.341410 0.025391 0.051395
0 0.460938 0.339207 0.017578 0.035242
0 0.441895 0.279736 0.016602 0.033774
0 0.529297 0.262115 0.017578 0.030837
0 0.543945 0.309838 0.019531 0.035242
0 0.509766 0.348752 0.029297 0.048458
0 0.580566 0.356094 0.022461 0.042584
0 0.655273 0.382526 0.025391 0.042584
0 0.673828 0.359031 0.021484 0.048458
0 0.785156 0.326725 0.017578 0.045521
0 0.833008 0.336270 0.021484 0.041116
0 0.893066 0.342878 0.026367 0.048458
0 0.977051 0.380323 0.026367 0.044053
0 0.911621 0.324523 0.018555 0.044053
0 0.589355 0.552129 0.032227 0.064611
0 0.675781 0.435389 0.021484 0.054332
0 0.525879 0.541116 0.018555 0.054332
0 0.987793 0.421439 0.020508 0.082232
0 0.716309 0.100587 0.040039 0.063142
0 0.395508 0.863436 0.025391 0.088106
0 0.252930 0.417034 0.021484 0.049927
0 0.321289 0.399413 0.025391 0.055800
0 0.293457 0.317915 0.020508 0.033774
0 0.251465 0.340675 0.020508 0.032305
0 0.228027 0.361968 0.020508 0.039648
0 0.212891 0.326725 0.019531 0.027900
0 0.189941 0.394273 0.022461 0.030837
