0 0.031738 0.592647 0.028320 0.047059
0 0.110840 0.588971 0.026367 0.048529
0 0.130859 0.565441 0.019531 0.033824
0 0.175781 0.569853 0.021484 0.042647
0 0.242188 0.574265 0.021484 0.042647
0 0.311035 0.551471 0.020508 0.044118
0 0.371582 0.553676 0.020508 0.042647
0 0.423828 0.540441 0.017578 0.039706
0 0.471680 0.544853 0.017578 0.030882
0 0.518555 0.547059 0.017578 0.035294
0 0.567383 0.554412 0.015625 0.032353
0 0.622070 0.569853 0.017578 0.033824
0 0.679199 0.580882 0.018555 0.032353
0 0.725586 0.569118 0.017578 0.035294
0 0.758789 0.536029 0.019531 0.030882
0 0.793945 0.563971 0.017578 0.030882
0 0.826660 0.519118 0.016602 0.029412
0 0.849609 0.570588 0.019531 0.038235
0 0.924805 0.563235 0.021484 0.032353
0 0.063477 0.430882 0.021484 0.038235
0 0.090820 0.457353 0.017578 0.035294
0 0.116211 0.452941 0.021484 0.038235
0 0.143555 0.454412 0.017578 0.029412
0 0.158691 0.437500 0.014648 0.025000
0 0.176270 0.425735 0.014648 0.027941
0 0.182617 0.452206 0.021484 0.033824
0 0.200684 0.437500 0.016602 0.036765
0 0.217773 0.427941 0.013672 0.023529
0 0.223633 0.458824 0.019531 0.032353
0 0.242676 0.440441 0.018555 0.033824
0 0.258789 0.434559 0.009766 0.019118
0 0.264160 0.454412 0.016602 0.029412
0 0.284180 0.442647 0.015625 0.029412
0 0.316406 0.449265 0.017578 0.033824
0 0.309570 0.394118 0.015625 0.026471
0 0.336914 0.404412 0.013672 0.029412
0 0.341309 0.380882 0.012695 0.020588
0 0.352539 0.401471 0.013672 0.026471
0 0.363770 0.382353 0.014648 0.026471
0 0.381836 0.391176 0.015625 0.029412
0 0.396484 0.385294 0.013672 0.026471
0 0.408691 0.393382 0.012695 0.025000
0 0.423828 0.392647 0.015625 0.029412
0 0.354004 0.452206 0.020508 0.036765
0 0.383301 0.450735 0.018555 0.030882
0 0.420410 0.443382 0.016602 0.030882
0 0.438477 0.385294 0.011719 0.017647
0 0.449219 0.396324 0.013672 0.025000
0 0.459961 0.401471 0.009766 0.020588
0 0.469727 0.391176 0.013672 0.029412
0 0.485352 0.394853 0.015625 0.027941
0 0.491211 0.375000 0.011719 0.020588
0 0.501953 0.392647 0.013672 0.023529
0 0.516113 0.377941 0.014648 0.029412
0 0.528809 0.393382 0.012695 0.019118
0 0.544434 0.395588 0.014648 0.029412
0 0.563965 0.404412 0.012695 0.023529
0 0.477539 0.448529 0.017578 0.029412
0 0.527832 0.453676 0.016602 0.030882
0 0.561035 0.455147 0.014648 0.027941
0 0.574707 0.397059 0.010742 0.023529
0 0.586914 0.403676 0.013672 0.027941
0 0.599121 0.395588 0.010742 0.023529
0 0.604980 0.411029 0.014648 0.025000
0 0.618164 0.411029 0.011719 0.022059
0 0.631348 0.407353 0.012695 0.020588
0 0.639160 0.402941 0.014648 0.026471
0 0.655273 0.400000 0.013672 0.023529
0 0.665039 0.420588 0.013672 0.029412
0 0.684570 0.421324 0.015625 0.027941
0 0.603027 0.478676 0.016602 0.022059
0 0.645508 0.449265 0.017578 0.030882
0 0.698730 0.448529 0.016602 0.029412
0 0.717285 0.455882 0.012695 0.026471
0 0.727539 0.438971 0.013672 0.025000
0 0.743652 0.433088 0.016602 0.030882
0 0.765625 0.441912 0.015625 0.025000
0 0.789062 0.426471 0.013672 0.017647
0 0.785156 0.447794 0.013672 0.022059
0 0.793457 0.463971 0.014648 0.025000
0 0.812988 0.441176 0.016602 0.026471
0 0.823730 0.460294 0.016602 0.029412
0 0.847168 0.460294 0.016602 0.026471
0 0.861816 0.442647 0.012695 0.017647
0 0.861816 0.472059 0.014648 0.026471
0 0.880371 0.462500 0.018555 0.025000
0 0.891113 0.442647 0.014648 0.023529
0 0.902344 0.461765 0.015625 0.029412
0 0.913574 0.454412 0.018555 0.029412
0 0.915527 0.426471 0.016602 0.023529
0 0.935059 0.437500 0.018555 0.033824
0 0.959961 0.439706 0.023438 0.035294
