0 0.179199 0.493780 0.057617 0.072727
0 0.352539 0.416746 0.035156 0.035407
0 0.404297 0.371770 0.025391 0.035407
0 0.545898 0.348325 0.023438 0.024880
0 0.599609 0.326794 0.019531 0.023923
0 0.634766 0.313876 0.017578 0.022967
0 0.571289 0.272249 0.007812 0.010526
0 0.666992 0.299043 0.015625 0.018182
0 0.691406 0.290909 0.013672 0.017225
0 0.708984 0.275598 0.011719 0.013397
0 0.721680 0.282297 0.011719 0.015311
0 0.830078 0.267943 0.009766 0.011483
0 0.838867 0.274163 0.011719 0.012440
0 0.840332 0.312440 0.016602 0.022010
0 0.866211 0.308134 0.015625 0.015311
0 0.913574 0.277033 0.010742 0.012440
0 0.839355 0.366029 0.026367 0.027751
0 0.894043 0.360287 0.024414 0.025837
0 0.757812 0.528708 0.050781 0.056459
0 0.890625 0.440191 0.037109 0.034450
