0 0.246094 0.058400 0.017578 0.040000
0 0.270020 0.065600 0.020508 0.048000
0 0.334961 0.076000 0.019531 0.046400
0 0.361328 0.112800 0.017578 0.043200
0 0.377930 0.121600 0.021484 0.051200
0 0.399902 0.066400 0.020508 0.040000
0 0.315918 0.122400 0.020508 0.049600
0 0.280762 0.171200 0.026367 0.054400
0 0.227051 0.184800 0.024414 0.049600
0 0.305664 0.197600 0.025391 0.056000
0 0.360352 0.172800 0.021484 0.051200
0 0.411621 0.183200 0.024414 0.049600
0 0.426270 0.117600 0.020508 0.049600
0 0.461426 0.181600 0.022461 0.052800
0 0.473633 0.072000 0.019531 0.041600
0 0.500000 0.090400 0.021484 0.043200
0 0.527344 0.056800 0.017578 0.043200
0 0.564453 0.068000 0.019531 0.046400
0 0.604004 0.097600 0.020508 0.044800
0 0.587402 0.149600 0.022461 0.052800
0 0.509277 0.128000 0.024414 0.044800
0 0.517578 0.192000 0.025391 0.044800
0 0.488770 0.243200 0.024414 0.054400
0 0.572266 0.220000 0.027344 0.059200
0 0.611328 0.220800 0.023438 0.051200
0 0.638184 0.060000 0.020508 0.036800
0 0.654297 0.255200 0.027344 0.059200
0 0.666992 0.067200 0.019531 0.041600
0 0.728516 0.048800 0.019531 0.040000
0 0.744629 0.086400 0.022461 0.038400
0 0.815918 0.062400 0.020508 0.041600
0 0.820801 0.118400 0.022461 0.051200
0 0.825684 0.175200 0.024414 0.046400
0 0.768555 0.158400 0.021484 0.048000
0 0.721191 0.140000 0.020508 0.043200
0 0.697754 0.136800 0.022461 0.043200
0 0.710938 0.192800 0.023438 0.049600
0 0.748047 0.222400 0.025391 0.057600
0 0.822266 0.232800 0.029297 0.059200
0 0.910156 0.273600 0.025391 0.057600
0 0.807129 0.323200 0.032227 0.057600
0 0.791016 0.310400 0.017578 0.035200
0 0.750488 0.377600 0.030273 0.076800
0 0.650879 0.347200 0.032227 0.064000
0 0.729492 0.296800 0.029297 0.068800
0 0.614746 0.305600 0.028320 0.060800
0 0.551270 0.393600 0.030273 0.070400
0 0.530762 0.303200 0.030273 0.068800
0 0.453613 0.353600 0.032227 0.067200
0 0.425781 0.302400 0.029297 0.060800
0 0.357422 0.278400 0.025391 0.044800
0 0.402832 0.238400 0.026367 0.051200
0 0.355957 0.391200 0.032227 0.068800
0 0.322266 0.325600 0.029297 0.065600
0 0.217773 0.258400 0.027344 0.049600
0 0.219238 0.324800 0.028320 0.060800
0 0.273438 0.429600 0.035156 0.072000
0 0.182129 0.426400 0.030273 0.065600
0 0.143555 0.316000 0.025391 0.052800
0 0.181641 0.222400 0.027344 0.048000
0 0.078125 0.332000 0.031250 0.072000
