0 0.994141 0.146484 0.011719 0.035156
0 0.924805 0.186198 0.023438 0.036458
0 0.933105 0.142578 0.018555 0.024740
0 0.865234 0.133464 0.023438 0.027344
0 0.868652 0.192057 0.018555 0.027344
0 0.791016 0.173828 0.019531 0.027344
0 0.759277 0.110677 0.014648 0.023438
0 0.761230 0.166016 0.018555 0.029948
0 0.797852 0.280599 0.019531 0.029948
0 0.837891 0.333984 0.023438 0.032552
0 0.938965 0.352865 0.041992 0.049479
0 0.690918 0.167969 0.020508 0.036458
0 0.683594 0.125000 0.019531 0.023438
0 0.637207 0.095052 0.014648 0.023438
0 0.612305 0.097005 0.015625 0.019531
0 0.616211 0.164062 0.023438 0.039062
0 0.567383 0.180990 0.019531 0.031250
0 0.545410 0.117188 0.022461 0.023438
0 0.695801 0.313802 0.026367 0.044271
0 0.629395 0.375651 0.026367 0.022135
0 0.481934 0.125651 0.016602 0.029948
0 0.428223 0.122396 0.028320 0.036458
0 0.329590 0.125651 0.028320 0.035156
0 0.444336 0.232422 0.029297 0.040365
0 0.512207 0.263672 0.026367 0.029948
0 0.512207 0.195312 0.026367 0.039062
0 0.253906 0.151693 0.031250 0.035156
0 0.165039 0.179688 0.033203 0.039062
0 0.265137 0.282552 0.036133 0.041667
0 0.062500 0.186198 0.033203 0.033854
0 0.022461 0.270182 0.041016 0.050781
0 0.566406 0.390625 0.029297 0.041667
0 0.321777 0.546224 0.043945 0.087240
0 0.147461 0.498047 0.037109 0.058594
0 0.781738 0.713542 0.043945 0.065104
0 0.718750 0.472005 0.025391 0.037760
0 0.417480 0.489583 0.032227 0.067708
0 0.457031 0.457682 0.031250 0.032552
0 0.347656 0.397786 0.029297 0.048177
