0 0.458984 0.265915 0.025391 0.049072
0 0.410645 0.379973 0.026367 0.049072
0 0.354004 0.446286 0.038086 0.072944
0 0.243652 0.403846 0.038086 0.054377
0 0.454102 0.401194 0.035156 0.057029
0 0.525879 0.359416 0.030273 0.058355
0 0.557617 0.426393 0.033203 0.054377
0 0.640137 0.431698 0.032227 0.062334
0 0.739258 0.448276 0.035156 0.045093
0 0.772949 0.407825 0.030273 0.046419
0 0.732910 0.305703 0.032227 0.062334
0 0.635254 0.267241 0.028320 0.054377
0 0.626953 0.336870 0.027344 0.050398
0 0.556152 0.291777 0.030273 0.053050
