0 0.118652 0.139823 0.012695 0.021239
0 0.092285 0.201770 0.010742 0.028319
0 0.103027 0.254867 0.012695 0.031858
0 0.130371 0.238938 0.010742 0.024779
0 0.134277 0.207965 0.010742 0.019469
0 0.152344 0.207965 0.009766 0.019469
0 0.141602 0.169912 0.009766 0.021239
0 0.151367 0.156637 0.007812 0.015929
0 0.166504 0.161947 0.008789 0.023009
0 0.176758 0.179646 0.011719 0.023009
0 0.176270 0.222124 0.010742 0.023009
0 0.167480 0.268142 0.010742 0.023009
0 0.162109 0.331858 0.011719 0.030088
0 0.130859 0.304425 0.011719 0.024779
0 0.087402 0.293805 0.012695 0.031858
0 0.077637 0.333628 0.012695 0.030088
0 0.053711 0.379646 0.013672 0.030088
0 0.105957 0.392920 0.014648 0.028319
0 0.122559 0.341593 0.012695 0.028319
0 0.144531 0.361947 0.013672 0.026549
0 0.160156 0.406195 0.009766 0.026549
0 0.180176 0.402655 0.012695 0.023009
0 0.195801 0.369027 0.012695 0.023009
0 0.198730 0.323009 0.010742 0.023009
0 0.210449 0.296460 0.010742 0.026549
0 0.222656 0.307965 0.007812 0.021239
0 0.235840 0.311504 0.010742 0.017699
0 0.254395 0.319469 0.010742 0.026549
0 0.223145 0.354867 0.010742 0.023009
0 0.230957 0.397345 0.012695 0.026549
0 0.251465 0.384956 0.010742 0.023009
0 0.267578 0.390265 0.013672 0.026549
0 0.272949 0.360177 0.010742 0.023009
0 0.294434 0.371681 0.012695 0.024779
0 0.297363 0.427434 0.012695 0.023009
0 0.319336 0.376991 0.013672 0.031858
0 0.337891 0.406195 0.011719 0.023009
0 0.326660 0.460177 0.012695 0.028319
0 0.269531 0.457522 0.013672 0.026549
0 0.235352 0.484071 0.013672 0.030088
0 0.195801 0.446018 0.012695 0.028319
0 0.178223 0.476106 0.014648 0.028319
0 0.153809 0.448673 0.012695 0.023009
0 0.132812 0.478761 0.013672 0.033628
0 0.096191 0.472566 0.014648 0.031858
0 0.099121 0.436283 0.012695 0.026549
0 0.082520 0.525664 0.018555 0.035398
0 0.038086 0.546018 0.017578 0.033628
0 0.044922 0.667257 0.019531 0.035398
0 0.087402 0.704425 0.018555 0.038938
0 0.125977 0.720354 0.015625 0.035398
0 0.159180 0.669027 0.017578 0.031858
0 0.140625 0.639823 0.017578 0.030088
0 0.103516 0.626549 0.017578 0.028319
0 0.113281 0.580531 0.013672 0.031858
0 0.145020 0.584956 0.016602 0.037168
0 0.185059 0.596460 0.014648 0.035398
0 0.207520 0.641593 0.014648 0.030088
0 0.233887 0.677876 0.016602 0.038938
0 0.186523 0.694690 0.017578 0.040708
0 0.161133 0.538053 0.017578 0.031858
0 0.199707 0.531858 0.014648 0.040708
0 0.242676 0.536283 0.014648 0.031858
0 0.231445 0.577876 0.015625 0.033628
0 0.256836 0.619469 0.015625 0.035398
0 0.285645 0.656637 0.018555 0.031858
0 0.318359 0.676106 0.015625 0.035398
0 0.352539 0.626549 0.017578 0.038938
0 0.385742 0.647788 0.017578 0.038938
0 0.394531 0.577876 0.015625 0.033628
0 0.373535 0.539823 0.012695 0.024779
0 0.341797 0.566372 0.015625 0.035398
0 0.311523 0.549558 0.015625 0.033628
0 0.303223 0.586726 0.014648 0.030088
0 0.272949 0.565487 0.016602 0.033628
0 0.271973 0.498230 0.012695 0.030088
0 0.305664 0.500885 0.011719 0.028319
0 0.350098 0.492035 0.012695 0.031858
0 0.398926 0.492035 0.014648 0.035398
0 0.380371 0.450442 0.012695 0.030088
0 0.371094 0.389381 0.013672 0.035398
0 0.412598 0.401770 0.012695 0.028319
0 0.439453 0.407080 0.011719 0.028319
0 0.465332 0.443363 0.012695 0.026549
0 0.475098 0.508850 0.014648 0.033628
0 0.449707 0.471681 0.014648 0.033628
0 0.316406 0.307080 0.013672 0.033628
0 0.355957 0.330973 0.012695 0.028319
0 0.345215 0.287611 0.010742 0.023009
0 0.336914 0.283186 0.009766 0.024779
0 0.306152 0.278761 0.008789 0.019469
0 0.289551 0.307080 0.010742 0.026549
0 0.271973 0.282301 0.008789 0.023009
0 0.250488 0.281416 0.008789 0.021239
0 0.261230 0.227434 0.008789 0.023009
0 0.282715 0.241593 0.010742 0.015929
0 0.236816 0.222124 0.010742 0.023009
0 0.218262 0.236283 0.012695 0.026549
0 0.208496 0.199115 0.010742 0.026549
0 0.222656 0.170796 0.009766 0.023009
0 0.216797 0.140708 0.007812 0.019469
0 0.204102 0.152212 0.007812 0.021239
0 0.181152 0.108850 0.010742 0.023009
0 0.227539 0.113274 0.007812 0.017699
0 0.244141 0.140708 0.007812 0.019469
0 0.265137 0.165487 0.008789 0.019469
0 0.262695 0.191150 0.007812 0.017699
0 0.277344 0.186726 0.007812 0.019469
0 0.297852 0.199115 0.007812 0.019469
0 0.312988 0.185841 0.010742 0.021239
0 0.302246 0.156637 0.008789 0.023009
0 0.292480 0.117699 0.008789 0.023009
0 0.271484 0.115044 0.007812 0.014159
0 0.317383 0.107080 0.007812 0.019469
0 0.332520 0.119469 0.008789 0.019469
0 0.352539 0.130088 0.009766 0.023009
0 0.361328 0.100885 0.007812 0.017699
0 0.330566 0.082301 0.006836 0.019469
0 0.385742 0.107965 0.005859 0.014159
0 0.397461 0.102655 0.007812 0.014159
0 0.415527 0.078761 0.008789 0.019469
0 0.411133 0.110619 0.007812 0.019469
0 0.432617 0.111504 0.007812 0.017699
0 0.449219 0.105310 0.007812 0.019469
0 0.446289 0.141593 0.007812 0.017699
0 0.431641 0.165487 0.007812 0.019469
0 0.416504 0.139823 0.008789 0.014159
0 0.400879 0.153097 0.008789 0.019469
0 0.386719 0.150442 0.007812 0.021239
0 0.367188 0.157522 0.007812 0.014159
0 0.338379 0.172566 0.008789 0.023009
0 0.322266 0.151327 0.007812 0.019469
0 0.351562 0.199115 0.007812 0.019469
0 0.364258 0.226549 0.007812 0.021239
0 0.387695 0.237168 0.007812 0.021239
0 0.387207 0.189381 0.008789 0.017699
0 0.315918 0.234513 0.008789 0.026549
0 0.326172 0.227434 0.007812 0.026549
0 0.348145 0.255752 0.008789 0.019469
0 0.371582 0.270796 0.008789 0.024779
0 0.388184 0.299115 0.008789 0.021239
0 0.398926 0.330088 0.008789 0.030088
0 0.469238 0.360177 0.014648 0.030088
0 0.445312 0.316814 0.011719 0.031858
0 0.406738 0.214159 0.006836 0.017699
0 0.439941 0.195575 0.008789 0.019469
0 0.441406 0.233628 0.009766 0.017699
0 0.415039 0.230973 0.007812 0.019469
0 0.440430 0.261062 0.009766 0.023009
0 0.404297 0.264602 0.009766 0.023009
0 0.421875 0.300000 0.009766 0.023009
0 0.466309 0.301770 0.010742 0.023009
0 0.487305 0.271681 0.011719 0.030088
0 0.503418 0.306195 0.010742 0.028319
0 0.541992 0.322124 0.011719 0.031858
0 0.528809 0.274336 0.010742 0.021239
0 0.524902 0.223894 0.008789 0.023009
0 0.505371 0.212389 0.010742 0.021239
0 0.478027 0.230973 0.010742 0.023009
0 0.463379 0.209735 0.010742 0.023009
0 0.472656 0.157522 0.005859 0.017699
0 0.497559 0.169912 0.006836 0.014159
0 0.508301 0.156637 0.006836 0.019469
0 0.484375 0.120354 0.009766 0.021239
0 0.500000 0.099115 0.007812 0.017699
0 0.520508 0.081416 0.007812 0.017699
0 0.522949 0.110619 0.006836 0.015929
0 0.473145 0.080531 0.006836 0.015929
0 0.555664 0.098230 0.007812 0.019469
0 0.539062 0.101770 0.007812 0.023009
0 0.545898 0.146018 0.007812 0.019469
0 0.571289 0.170796 0.007812 0.019469
0 0.539062 0.195575 0.007812 0.023009
0 0.528320 0.174336 0.007812 0.019469
0 0.577148 0.192035 0.009766 0.023009
0 0.587402 0.143363 0.010742 0.021239
0 0.576660 0.113274 0.008789 0.021239
0 0.594727 0.100000 0.007812 0.023009
0 0.578613 0.071681 0.008789 0.015929
0 0.616699 0.082301 0.006836 0.015929
0 0.631348 0.084071 0.008789 0.023009
0 0.612305 0.103540 0.007812 0.023009
0 0.642578 0.117699 0.007812 0.015929
0 0.624023 0.153097 0.007812 0.019469
0 0.615234 0.174336 0.007812 0.019469
0 0.623047 0.193805 0.009766 0.026549
0 0.653320 0.156637 0.007812 0.026549
0 0.671387 0.170796 0.008789 0.023009
0 0.649414 0.075221 0.007812 0.023009
0 0.678223 0.094690 0.008789 0.023009
0 0.670898 0.084956 0.007812 0.021239
0 0.658691 0.238053 0.008789 0.023009
0 0.637695 0.244248 0.011719 0.024779
0 0.605469 0.238938 0.009766 0.024779
0 0.567383 0.238053 0.007812 0.023009
0 0.576660 0.273451 0.008789 0.026549
0 0.614746 0.284071 0.010742 0.026549
0 0.642578 0.298230 0.011719 0.026549
0 0.657715 0.331858 0.010742 0.026549
0 0.611816 0.330973 0.010742 0.024779
0 0.573242 0.314159 0.011719 0.023009
0 0.557129 0.363717 0.010742 0.023009
0 0.595215 0.366372 0.012695 0.028319
0 0.628418 0.371681 0.010742 0.024779
0 0.611816 0.404425 0.008789 0.023009
0 0.631836 0.422124 0.011719 0.023009
0 0.658691 0.407080 0.010742 0.028319
0 0.673828 0.444248 0.011719 0.028319
0 0.595215 0.447788 0.014648 0.031858
0 0.573730 0.403540 0.014648 0.031858
0 0.484375 0.414159 0.009766 0.028319
0 0.511719 0.388496 0.011719 0.030088
0 0.509277 0.440708 0.010742 0.028319
0 0.539062 0.413274 0.013672 0.026549
0 0.558594 0.474336 0.013672 0.031858
0 0.510254 0.498230 0.014648 0.033628
0 0.536133 0.530088 0.015625 0.037168
0 0.583984 0.513274 0.015625 0.038938
0 0.611328 0.517699 0.013672 0.030088
0 0.651855 0.544248 0.014648 0.026549
0 0.661133 0.487611 0.011719 0.026549
0 0.629883 0.576106 0.013672 0.030088
0 0.553711 0.620354 0.017578 0.047788
0 0.592773 0.629204 0.013672 0.033628
0 0.658203 0.618584 0.015625 0.047788
0 0.494141 0.615929 0.017578 0.038938
0 0.461426 0.585841 0.018555 0.035398
0 0.429199 0.549558 0.014648 0.037168
0 0.439941 0.659292 0.014648 0.033628
0 0.696777 0.081416 0.008789 0.014159
0 0.697266 0.105310 0.007812 0.019469
0 0.708008 0.112389 0.009766 0.023009
0 0.728516 0.090265 0.005859 0.010619
0 0.739258 0.111504 0.009766 0.024779
0 0.752441 0.108850 0.008789 0.019469
0 0.778809 0.110619 0.008789 0.015929
0 0.783203 0.132743 0.007812 0.017699
0 0.775391 0.151327 0.007812 0.023009
0 0.739258 0.143363 0.009766 0.017699
0 0.707520 0.146903 0.008789 0.021239
0 0.693848 0.162832 0.008789 0.017699
0 0.690430 0.223009 0.009766 0.017699
0 0.685059 0.253982 0.014648 0.033628
0 0.720703 0.200000 0.007812 0.014159
0 0.713867 0.225664 0.009766 0.026549
0 0.726562 0.231858 0.011719 0.028319
0 0.764160 0.251327 0.010742 0.024779
0 0.790527 0.190265 0.010742 0.023009
0 0.809570 0.175221 0.007812 0.021239
0 0.801758 0.146903 0.007812 0.017699
0 0.826172 0.142478 0.007812 0.023009
0 0.836914 0.173451 0.007812 0.017699
0 0.849609 0.169912 0.009766 0.024779
0 0.860352 0.207965 0.011719 0.026549
0 0.880371 0.207080 0.010742 0.017699
0 0.879395 0.260177 0.012695 0.028319
0 0.835938 0.267257 0.009766 0.024779
0 0.793457 0.244248 0.008789 0.017699
0 0.883301 0.322124 0.012695 0.031858
0 0.921387 0.369027 0.014648 0.026549
0 0.943359 0.407965 0.013672 0.026549
0 0.870117 0.361947 0.013672 0.037168
0 0.824219 0.374336 0.013672 0.033628
0 0.816895 0.330973 0.012695 0.028319
0 0.798828 0.278761 0.009766 0.019469
0 0.772949 0.295575 0.012695 0.028319
0 0.783203 0.338938 0.011719 0.030088
0 0.805664 0.423894 0.013672 0.033628
0 0.860840 0.445133 0.014648 0.030088
0 0.873047 0.411504 0.013672 0.026549
0 0.901367 0.491150 0.015625 0.030088
0 0.932129 0.483186 0.014648 0.031858
0 0.955078 0.518584 0.017578 0.035398
0 0.932617 0.562832 0.015625 0.035398
0 0.934082 0.676106 0.018555 0.035398
0 0.885742 0.608850 0.019531 0.038938
0 0.873535 0.554867 0.016602 0.033628
0 0.826660 0.551327 0.014648 0.033628
0 0.834473 0.503540 0.016602 0.026549
0 0.792969 0.495575 0.017578 0.035398
0 0.751465 0.500000 0.016602 0.033628
0 0.754395 0.445133 0.012695 0.030088
0 0.764160 0.383186 0.012695 0.023009
0 0.723145 0.356637 0.012695 0.026549
0 0.714355 0.416814 0.012695 0.030088
0 0.704590 0.457522 0.016602 0.030088
0 0.691895 0.519469 0.014648 0.033628
0 0.750000 0.562832 0.019531 0.038938
0 0.793457 0.596460 0.016602 0.031858
0 0.834961 0.633628 0.017578 0.042478
0 0.904297 0.756637 0.021484 0.051327
0 0.848633 0.716814 0.021484 0.046018
0 0.726074 0.655752 0.018555 0.037168
0 0.788574 0.666372 0.018555 0.051327
0 0.693848 0.612389 0.018555 0.038938
0 0.707520 0.709735 0.018555 0.038938
0 0.684570 0.319469 0.009766 0.023009
0 0.695312 0.350442 0.011719 0.028319
0 0.728027 0.280531 0.010742 0.026549
0 0.744629 0.305310 0.012695 0.026549
0 0.676270 0.146903 0.008789 0.017699
0 0.754883 0.216814 0.009766 0.023009
0 0.759277 0.170796 0.010742 0.023009
0 0.809570 0.225664 0.009766 0.019469
