0 0.782227 0.406296 0.039062 0.057101
0 0.598145 0.385066 0.053711 0.084919
0 0.508301 0.401171 0.028320 0.052709
0 0.422852 0.431186 0.031250 0.054173
0 0.338379 0.489019 0.012695 0.020498
0 0.367188 0.448755 0.011719 0.021962
0 0.377930 0.461933 0.009766 0.021962
0 0.337891 0.464129 0.011719 0.020498
0 0.323730 0.445095 0.010742 0.020498
0 0.305176 0.450220 0.010742 0.019034
0 0.288574 0.428258 0.010742 0.019034
0 0.273926 0.427526 0.012695 0.023426
0 0.266602 0.445095 0.013672 0.023426
0 0.243164 0.443631 0.009766 0.017570
0 0.213867 0.434114 0.021484 0.033675
0 0.187500 0.441435 0.013672 0.024890
0 0.145020 0.459736 0.014648 0.029283
0 0.104492 0.436310 0.017578 0.029283
0 0.056152 0.474378 0.018555 0.029283
0 0.062988 0.460469 0.012695 0.021962
0 0.040039 0.437042 0.015625 0.024890
0 0.015625 0.516105 0.013672 0.024890
0 0.010254 0.460469 0.018555 0.030747
0 0.477539 0.434846 0.005859 0.011713
0 0.549316 0.079795 0.008789 0.013177
0 0.528320 0.076135 0.005859 0.011713
0 0.495605 0.059297 0.006836 0.013177
0 0.471680 0.063690 0.007812 0.013177
0 0.625488 0.113470 0.004883 0.010249
0 0.334473 0.036603 0.008789 0.014641
0 0.388184 0.433382 0.010742 0.020498
0 0.580566 0.108346 0.006836 0.011713
