0 0.355469 0.216152 0.017578 0.061758
0 0.439941 0.178147 0.018555 0.057007
0 0.508301 0.211401 0.020508 0.061758
0 0.541992 0.279097 0.017578 0.054632
0 0.577148 0.289786 0.019531 0.061758
0 0.608398 0.204276 0.017578 0.057007
0 0.541504 0.450119 0.022461 0.064133
0 0.580078 0.476247 0.015625 0.054632
0 0.506836 0.323040 0.019531 0.052257
0 0.462891 0.286223 0.019531 0.068884
0 0.470703 0.457245 0.019531 0.054632
0 0.435547 0.344418 0.017578 0.057007
0 0.402344 0.307601 0.019531 0.059382
0 0.383789 0.463183 0.019531 0.061758
0 0.335449 0.554632 0.022461 0.068884
0 0.327637 0.286223 0.022461 0.073634
0 0.277832 0.212589 0.018555 0.059382
0 0.249023 0.289786 0.021484 0.061758
0 0.243164 0.457245 0.019531 0.064133
0 0.186035 0.285036 0.022461 0.066508
0 0.185547 0.176960 0.021484 0.059382
0 0.097168 0.273159 0.028320 0.066508
0 0.091309 0.414489 0.024414 0.068884
0 0.149902 0.467933 0.020508 0.061758
0 0.746582 0.195962 0.022461 0.068884
0 0.805664 0.268409 0.021484 0.071259
0 0.871094 0.330166 0.021484 0.061758
0 0.911133 0.364608 0.021484 0.059382
0 0.837402 0.463183 0.020508 0.061758
0 0.834473 0.558195 0.018555 0.052257
0 0.892090 0.642518 0.020508 0.049881
0 0.770508 0.612827 0.021484 0.057007
0 0.739258 0.465558 0.021484 0.052257
0 0.688965 0.320665 0.018555 0.052257
0 0.638672 0.337292 0.017578 0.052257
0 0.640625 0.451306 0.017578 0.052257
0 0.692871 0.451306 0.016602 0.052257
0 0.676758 0.203088 0.017578 0.049881
