0 0.106445 0.575292 0.031250 0.059942
0 0.222656 0.464181 0.033203 0.068713
0 0.229492 0.652047 0.042969 0.076023
0 0.348145 0.641813 0.038086 0.073099
0 0.347168 0.561404 0.028320 0.046784
0 0.430664 0.551901 0.025391 0.048246
0 0.332031 0.478070 0.035156 0.073099
0 0.283203 0.447368 0.023438 0.046784
0 0.518555 0.807749 0.031250 0.039474
0 0.625000 0.729532 0.035156 0.055556
0 0.690430 0.697368 0.031250 0.043860
0 0.814941 0.573830 0.012695 0.019006
0 0.823242 0.576023 0.007812 0.017544
0 0.840820 0.623538 0.009766 0.019006
0 0.899414 0.683480 0.011719 0.016082
0 0.907715 0.677632 0.006836 0.016082
0 0.913574 0.664474 0.010742 0.021930
0 0.930176 0.582602 0.010742 0.030702
0 0.899902 0.599415 0.004883 0.014620
0 0.032715 0.326023 0.022461 0.032164
0 0.003906 0.228070 0.007812 0.040936
0 0.003906 0.168860 0.007812 0.021930
0 0.048340 0.184211 0.014648 0.023392
0 0.162109 0.339912 0.013672 0.030702
0 0.216309 0.349415 0.016602 0.029240
0 0.154785 0.243421 0.008789 0.019006
0 0.215332 0.250731 0.008789 0.019006
0 0.234863 0.272661 0.010742 0.019006
0 0.259766 0.285819 0.009766 0.019006
0 0.261230 0.275585 0.008789 0.016082
0 0.176758 0.263158 0.009766 0.017544
0 0.386230 0.361842 0.012695 0.021930
0 0.417480 0.326754 0.018555 0.027778
0 0.433105 0.328216 0.014648 0.033626
0 0.386719 0.257310 0.011719 0.023392
0 0.354980 0.307018 0.006836 0.017544
0 0.289551 0.300439 0.010742 0.019006
0 0.298340 0.301901 0.004883 0.013158
0 0.328613 0.309942 0.006836 0.017544
0 0.316895 0.298246 0.008789 0.017544
0 0.338867 0.343567 0.005859 0.014620
0 0.468750 0.388158 0.007812 0.019006
0 0.487305 0.414474 0.005859 0.016082
0 0.497559 0.372076 0.004883 0.010234
0 0.517090 0.393275 0.006836 0.014620
0 0.511230 0.375731 0.004883 0.008772
0 0.515625 0.418860 0.007812 0.016082
0 0.525879 0.422515 0.006836 0.014620
0 0.538086 0.420322 0.007812 0.016082
0 0.554199 0.418129 0.006836 0.014620
0 0.552246 0.395468 0.004883 0.007310
0 0.568359 0.399854 0.003906 0.007310
0 0.558594 0.375731 0.003906 0.005848
0 0.564941 0.448830 0.010742 0.017544
0 0.575684 0.437135 0.006836 0.014620
0 0.486816 0.455409 0.010742 0.021930
0 0.472168 0.442982 0.006836 0.017544
0 0.507324 0.445906 0.010742 0.023392
0 0.550781 0.460526 0.011719 0.020468
0 0.563477 0.491228 0.013672 0.029240
0 0.603027 0.486842 0.010742 0.029240
0 0.705078 0.519737 0.009766 0.019006
0 0.686523 0.510965 0.011719 0.016082
0 0.697754 0.483187 0.004883 0.010234
0 0.731934 0.542398 0.012695 0.026316
0 0.734863 0.498538 0.006836 0.011696
0 0.713867 0.549708 0.007812 0.017544
0 0.681152 0.444444 0.020508 0.038012
0 0.619141 0.482456 0.007812 0.014620
0 0.605469 0.442251 0.005859 0.013158
0 0.615234 0.448099 0.007812 0.016082
0 0.610840 0.429094 0.004883 0.010234
0 0.684082 0.476608 0.004883 0.011696
0 0.508301 0.396930 0.006836 0.013158
0 0.479492 0.385234 0.005859 0.013158
0 0.604980 0.388158 0.004883 0.007310
0 0.617676 0.396930 0.002930 0.007310
0 0.618652 0.418860 0.004883 0.007310
0 0.638184 0.410088 0.002930 0.007310
0 0.877930 0.573830 0.003906 0.007310
0 0.868164 0.574561 0.005859 0.011696
