0 0.199219 0.760417 0.017578 0.036859
0 0.016113 0.669071 0.014648 0.033654
0 0.019043 0.296474 0.016602 0.035256
0 0.086914 0.368590 0.017578 0.035256
0 0.246582 0.298077 0.012695 0.025641
0 0.181152 0.363782 0.014648 0.035256
0 0.356934 0.273237 0.016602 0.030449
0 0.299805 0.310897 0.013672 0.025641
0 0.431641 0.257212 0.017578 0.033654
0 0.907227 0.308494 0.013672 0.033654
0 0.842285 0.517628 0.012695 0.022436
0 0.782227 0.532051 0.015625 0.025641
0 0.731934 0.478365 0.014648 0.027244
0 0.686035 0.575321 0.016602 0.032051
0 0.652832 0.553686 0.014648 0.027244
0 0.622559 0.561699 0.012695 0.024038
0 0.569336 0.548077 0.015625 0.028846
0 0.498047 0.540865 0.017578 0.030449
0 0.458496 0.529647 0.018555 0.030449
