0 0.255859 0.636364 0.021484 0.043988
0 0.291992 0.629032 0.023438 0.038123
0 0.311523 0.589443 0.017578 0.026393
0 0.342285 0.590909 0.016602 0.032258
0 0.366699 0.613636 0.022461 0.039589
0 0.430664 0.601906 0.019531 0.036657
0 0.414062 0.552786 0.021484 0.038123
0 0.388672 0.542522 0.019531 0.026393
0 0.286133 0.542522 0.019531 0.029326
0 0.252441 0.569648 0.018555 0.033724
0 0.240723 0.557918 0.010742 0.021994
0 0.247070 0.544721 0.013672 0.024927
0 0.250977 0.491202 0.011719 0.023460
0 0.182617 0.486070 0.011719 0.021994
0 0.186523 0.571114 0.015625 0.024927
0 0.125488 0.614370 0.016602 0.026393
0 0.064941 0.571114 0.030273 0.051320
0 0.112793 0.503666 0.018555 0.027859
0 0.140137 0.494135 0.010742 0.017595
0 0.038086 0.515396 0.019531 0.033724
0 0.054199 0.467009 0.012695 0.024927
0 0.051270 0.496334 0.008789 0.016129
0 0.007324 0.509531 0.012695 0.024927
0 0.330566 0.458944 0.006836 0.014663
0 0.319824 0.472141 0.006836 0.014663
0 0.290039 0.456745 0.009766 0.016129
0 0.259277 0.447947 0.008789 0.016129
0 0.228027 0.459677 0.010742 0.016129
0 0.346680 0.454545 0.007812 0.014663
0 0.374023 0.472874 0.007812 0.016129
0 0.400879 0.479472 0.010742 0.026393
0 0.398438 0.449413 0.009766 0.019062
0 0.432129 0.464809 0.006836 0.014663
0 0.443848 0.482405 0.008789 0.023460
0 0.460938 0.474340 0.007812 0.019062
0 0.451660 0.455279 0.006836 0.016129
0 0.511719 0.536657 0.015625 0.029326
0 0.547852 0.565982 0.021484 0.041056
0 0.547852 0.626833 0.019531 0.042522
0 0.504883 0.664223 0.023438 0.035191
0 0.589355 0.620968 0.022461 0.036657
0 0.608887 0.662023 0.022461 0.042522
0 0.663574 0.675953 0.024414 0.043988
0 0.697754 0.619501 0.024414 0.042522
0 0.646484 0.599707 0.027344 0.046921
0 0.621094 0.564516 0.019531 0.029326
0 0.567871 0.554252 0.016602 0.026393
0 0.453613 0.538856 0.016602 0.033724
0 0.474609 0.543988 0.019531 0.032258
0 0.469727 0.596774 0.023438 0.035191
0 0.689453 0.517595 0.013672 0.026393
0 0.506348 0.453079 0.008789 0.017595
0 0.607910 0.468475 0.010742 0.019062
0 0.592773 0.456745 0.007812 0.016129
0 0.270020 0.434018 0.004883 0.008798
0 0.133301 0.437683 0.006836 0.010264
0 0.090820 0.431818 0.005859 0.016129
0 0.903809 0.527126 0.014648 0.024927
0 0.928223 0.548387 0.016602 0.020528
0 0.956543 0.519062 0.016602 0.020528
0 0.905762 0.609971 0.020508 0.035191
0 0.745605 0.589443 0.022461 0.041056
0 0.743164 0.646628 0.025391 0.046921
0 0.646973 0.494135 0.008789 0.020528
0 0.682617 0.464809 0.005859 0.008798
0 0.652832 0.468475 0.004883 0.010264
0 0.638672 0.465543 0.003906 0.010264
0 0.690430 0.402493 0.003906 0.007331
0 0.789062 0.412023 0.005859 0.008798
0 0.704102 0.417155 0.001953 0.004399
0 0.632812 0.434018 0.003906 0.008798
0 0.621094 0.429619 0.003906 0.005865
0 0.567871 0.436217 0.004883 0.010264
0 0.010254 0.708944 0.020508 0.051320
0 0.576172 0.473607 0.011719 0.017595
0 0.724609 0.543255 0.007812 0.013196
0 0.715820 0.515396 0.007812 0.010264
0 0.595215 0.424487 0.004883 0.010264
0 0.543945 0.408358 0.007812 0.013196
0 0.531738 0.442815 0.004883 0.011730
