0 0.541504 0.501458 0.014648 0.029155
0 0.513184 0.498542 0.012695 0.023324
0 0.527832 0.533528 0.014648 0.029155
0 0.532715 0.577988 0.016602 0.027697
0 0.501465 0.524052 0.014648 0.027697
0 0.465332 0.488338 0.014648 0.029155
0 0.476074 0.455539 0.014648 0.024781
0 0.514160 0.448251 0.014648 0.024781
0 0.538086 0.435860 0.017578 0.032070
0 0.553223 0.396501 0.016602 0.026239
0 0.519531 0.389942 0.009766 0.018950
0 0.507324 0.375364 0.010742 0.018950
0 0.503418 0.349125 0.010742 0.021866
0 0.520020 0.350583 0.012695 0.024781
0 0.537598 0.357143 0.010742 0.026239
0 0.534668 0.332362 0.010742 0.023324
0 0.513184 0.330175 0.008789 0.016035
0 0.485840 0.309767 0.010742 0.021866
0 0.496094 0.286443 0.009766 0.021866
0 0.594238 0.349125 0.014648 0.027697
0 0.573730 0.334548 0.012695 0.027697
0 0.582031 0.309038 0.011719 0.023324
0 0.552734 0.301749 0.011719 0.026239
0 0.552734 0.274781 0.011719 0.021866
0 0.525391 0.306851 0.009766 0.016035
0 0.484863 0.352041 0.014648 0.024781
0 0.493652 0.386297 0.016602 0.029155
0 0.460449 0.389213 0.012695 0.026239
0 0.461426 0.352041 0.012695 0.021866
0 0.438965 0.355685 0.014648 0.029155
0 0.411133 0.357872 0.013672 0.024781
0 0.422852 0.347668 0.013672 0.021866
0 0.396973 0.342566 0.014648 0.023324
0 0.407715 0.305394 0.010742 0.024781
0 0.431152 0.276239 0.010742 0.024781
0 0.445801 0.306851 0.010742 0.018950
0 0.448242 0.278426 0.009766 0.020408
0 0.450195 0.254373 0.009766 0.018950
0 0.473145 0.298105 0.010742 0.021866
0 0.652344 0.345481 0.011719 0.029155
0 0.680176 0.376093 0.014648 0.023324
0 0.706543 0.384111 0.012695 0.024781
0 0.462891 0.436589 0.015625 0.021866
0 0.428223 0.459184 0.016602 0.026239
0 0.426758 0.487609 0.013672 0.027697
0 0.410645 0.497085 0.014648 0.032070
0 0.395996 0.451166 0.014648 0.024781
0 0.424316 0.419096 0.012695 0.024781
0 0.376953 0.336006 0.011719 0.024781
0 0.360840 0.341837 0.014648 0.024781
0 0.303711 0.330175 0.015625 0.021866
0 0.280273 0.336006 0.011719 0.021866
0 0.254395 0.344752 0.012695 0.024781
0 0.210449 0.366618 0.012695 0.027697
0 0.592773 0.615889 0.019531 0.033528
0 0.566406 0.631195 0.019531 0.029155
0 0.538574 0.644315 0.016602 0.026239
0 0.485352 0.603499 0.019531 0.032070
0 0.461914 0.572886 0.019531 0.032070
0 0.450195 0.525510 0.017578 0.030612
0 0.401855 0.584548 0.018555 0.032070
0 0.363281 0.580904 0.017578 0.027697
0 0.380859 0.651603 0.015625 0.026239
0 0.427246 0.650146 0.016602 0.026239
0 0.426270 0.712099 0.018555 0.027697
0 0.318359 0.651603 0.017578 0.037901
0 0.288574 0.637026 0.018555 0.032070
0 0.261230 0.623178 0.016602 0.033528
0 0.645508 0.619534 0.017578 0.037901
0 0.665527 0.632653 0.012695 0.029155
0 0.680176 0.616618 0.016602 0.029155
0 0.702637 0.647230 0.016602 0.032070
0 0.731445 0.658892 0.017578 0.029155
0 0.739746 0.620262 0.016602 0.030612
0 0.739746 0.573615 0.016602 0.018950
0 0.688477 0.670554 0.019531 0.032070
0 0.650879 0.685860 0.016602 0.030612
0 0.638184 0.653061 0.016602 0.023324
0 0.612793 0.666181 0.016602 0.029155
0 0.689941 0.726676 0.020508 0.039359
0 0.628418 0.723032 0.014648 0.020408
0 0.626465 0.755102 0.018555 0.032070
0 0.573242 0.768222 0.019531 0.026239
0 0.502930 0.773324 0.017578 0.030612
0 0.818848 0.634111 0.024414 0.034985
0 0.781250 0.629009 0.019531 0.027697
0 0.780273 0.676385 0.019531 0.026239
0 0.409180 0.780612 0.015625 0.033528
0 0.390625 0.744169 0.017578 0.030612
0 0.331543 0.810496 0.016602 0.026239
0 0.255371 0.809767 0.020508 0.036443
0 0.253418 0.764577 0.018555 0.030612
0 0.301758 0.732507 0.017578 0.033528
0 0.224121 0.787901 0.024414 0.036443
0 0.201660 0.752915 0.018555 0.039359
0 0.232422 0.649417 0.017578 0.030612
0 0.191406 0.635569 0.019531 0.032070
0 0.147461 0.634840 0.021484 0.033528
0 0.092285 0.681487 0.016602 0.027697
0 0.134277 0.747813 0.022461 0.040816
0 0.089844 0.619534 0.017578 0.032070
0 0.464844 0.795918 0.017578 0.029155
