0 0.503418 0.491924 0.026367 0.049927
0 0.596191 0.487518 0.026367 0.049927
0 0.661621 0.499266 0.026367 0.049927
0 0.759277 0.491189 0.026367 0.054332
0 0.736816 0.453010 0.024414 0.051395
0 0.721191 0.408957 0.018555 0.039648
0 0.763184 0.402349 0.020508 0.044053
0 0.764160 0.357562 0.020508 0.039648
0 0.748535 0.320117 0.018555 0.029369
0 0.774902 0.307636 0.014648 0.033774
0 0.719238 0.330396 0.018555 0.038179
0 0.718262 0.302496 0.016602 0.026432
0 0.688477 0.306167 0.015625 0.033774
0 0.688477 0.373715 0.015625 0.033774
0 0.692383 0.349486 0.015625 0.029369
0 0.664062 0.394273 0.019531 0.042584
0 0.653320 0.366373 0.015625 0.030837
0 0.638184 0.320852 0.016602 0.033774
0 0.628906 0.359765 0.021484 0.038179
0 0.618164 0.404552 0.015625 0.039648
0 0.673828 0.454479 0.021484 0.039648
0 0.607422 0.434655 0.019531 0.035242
0 0.584473 0.383994 0.016602 0.033774
0 0.605469 0.353157 0.017578 0.036711
0 0.581055 0.333333 0.015625 0.029369
0 0.587402 0.301762 0.014648 0.024963
0 0.555664 0.298091 0.015625 0.029369
0 0.551270 0.337739 0.016602 0.035242
0 0.552246 0.389868 0.022461 0.042584
0 0.531738 0.430984 0.020508 0.045521
0 0.520508 0.385463 0.017578 0.039648
0 0.516113 0.326725 0.016602 0.036711
0 0.497070 0.344347 0.019531 0.036711
0 0.489258 0.392805 0.019531 0.039648
0 0.451660 0.430984 0.024414 0.042584
0 0.435059 0.513216 0.024414 0.051395
0 0.417480 0.390602 0.022461 0.041116
0 0.342285 0.522761 0.022461 0.044053
0 0.379883 0.487518 0.025391 0.049927
0 0.371582 0.423642 0.022461 0.036711
0 0.368652 0.381791 0.020508 0.038179
0 0.393555 0.377386 0.019531 0.038179
0 0.403809 0.314978 0.014648 0.033774
0 0.432617 0.331865 0.019531 0.038179
0 0.451172 0.309104 0.015625 0.030837
0 0.460449 0.353891 0.016602 0.035242
0 0.369629 0.328194 0.016602 0.033774
0 0.350586 0.290015 0.017578 0.033774
0 0.329590 0.358297 0.018555 0.032305
0 0.316406 0.386197 0.021484 0.038179
0 0.332031 0.421439 0.019531 0.041116
0 0.318848 0.469897 0.024414 0.046990
0 0.304688 0.428781 0.019531 0.038179
0 0.282715 0.417034 0.022461 0.046990
0 0.263672 0.428047 0.015625 0.042584
0 0.247559 0.436858 0.022461 0.039648
0 0.223145 0.425844 0.024414 0.049927
0 0.217773 0.385463 0.019531 0.036711
0 0.243652 0.338473 0.016602 0.039648
0 0.268066 0.368576 0.020508 0.044053
0 0.282715 0.331131 0.018555 0.033774
0 0.304199 0.321586 0.018555 0.035242
0 0.269043 0.296623 0.018555 0.038179
0 0.279785 0.508076 0.026367 0.049927
0 0.256836 0.488253 0.023438 0.036711
0 0.219238 0.508811 0.022461 0.054332
0 0.186035 0.475771 0.026367 0.046990
0 0.168945 0.419971 0.019531 0.041116
0 0.188477 0.397944 0.021484 0.041116
0 0.139160 0.461821 0.026367 0.045521
0 0.131348 0.540382 0.026367 0.055800
0 0.081543 0.505140 0.026367 0.055800
0 0.054199 0.508811 0.024414 0.051395
0 0.401367 0.276799 0.015625 0.027900
0 0.453125 0.263583 0.019531 0.030837
0 0.476074 0.254038 0.012695 0.029369
0 0.506836 0.271659 0.015625 0.032305
0 0.527832 0.255507 0.012695 0.029369
0 0.573730 0.258443 0.012695 0.026432
0 0.610352 0.262849 0.015625 0.032305
0 0.646484 0.283407 0.015625 0.032305
0 0.668457 0.244493 0.012695 0.030837
0 0.692871 0.255507 0.016602 0.032305
0 0.716797 0.241557 0.015625 0.027900
0 0.752441 0.242291 0.014648 0.032305
0 0.700684 0.218796 0.012695 0.023495
0 0.305176 0.221733 0.016602 0.029369
0 0.334961 0.243025 0.013672 0.027900
0 0.351562 0.263583 0.017578 0.027900
0 0.381836 0.224670 0.015625 0.029369
0 0.373535 0.221733 0.010742 0.020558
0 0.359863 0.198972 0.012695 0.022026
0 0.346191 0.207048 0.012695 0.023495
0 0.333496 0.212188 0.012695 0.024963
0 0.331543 0.184288 0.010742 0.019090
0 0.346680 0.174743 0.011719 0.020558
0 0.370605 0.185756 0.010742 0.019090
0 0.373535 0.164464 0.010742 0.020558
0 0.365723 0.151248 0.008789 0.017621
0 0.390137 0.129956 0.008789 0.016153
0 0.387207 0.173275 0.012695 0.023495
0 0.404297 0.168869 0.009766 0.020558
0 0.410156 0.150514 0.009766 0.016153
0 0.421875 0.169604 0.011719 0.024963
0 0.440430 0.195301 0.013672 0.026432
0 0.450195 0.226138 0.013672 0.026432
0 0.428223 0.230543 0.012695 0.023495
0 0.411621 0.197504 0.014648 0.024963
0 0.429199 0.108664 0.008789 0.017621
0 0.441895 0.135095 0.008789 0.017621
0 0.449707 0.164464 0.010742 0.020558
0 0.438477 0.166667 0.007812 0.016153
0 0.430176 0.160793 0.006836 0.013216
0 0.456543 0.110866 0.008789 0.016153
0 0.476074 0.157122 0.008789 0.017621
0 0.459473 0.150514 0.008789 0.016153
0 0.479004 0.124082 0.008789 0.019090
0 0.490723 0.142438 0.008789 0.017621
0 0.496582 0.103524 0.008789 0.016153
0 0.514160 0.121145 0.008789 0.016153
0 0.510254 0.146109 0.008789 0.019090
0 0.521973 0.135830 0.008789 0.016153
0 0.528809 0.114537 0.008789 0.014684
0 0.544434 0.124816 0.008789 0.017621
0 0.550293 0.219530 0.012695 0.027900
0 0.530273 0.207783 0.011719 0.027900
0 0.532715 0.179148 0.010742 0.020558
0 0.543457 0.164464 0.010742 0.020558
0 0.469238 0.218062 0.010742 0.022026
0 0.587402 0.232012 0.012695 0.026432
0 0.626465 0.240822 0.012695 0.026432
0 0.651855 0.230543 0.012695 0.023495
0 0.614746 0.198972 0.010742 0.022026
0 0.598145 0.191630 0.010742 0.022026
0 0.574707 0.212188 0.012695 0.024963
0 0.563965 0.189427 0.012695 0.023495
0 0.576660 0.168135 0.008789 0.022026
0 0.572754 0.146109 0.008789 0.016153
0 0.562988 0.135095 0.008789 0.017621
0 0.542480 0.144640 0.008789 0.016153
0 0.556641 0.162261 0.009766 0.019090
0 0.510742 0.194567 0.009766 0.019090
0 0.507324 0.174009 0.008789 0.013216
0 0.495605 0.163730 0.008789 0.013216
0 0.490723 0.202643 0.010742 0.023495
0 0.505371 0.227606 0.014648 0.032305
0 0.495605 0.186490 0.008789 0.020558
0 0.479980 0.190162 0.008789 0.019090
0 0.462891 0.186490 0.013672 0.026432
0 0.309570 0.290749 0.013672 0.023495
0 0.586426 0.129222 0.006836 0.014684
0 0.599121 0.116006 0.006836 0.014684
0 0.622070 0.103524 0.007812 0.013216
0 0.621582 0.141703 0.006836 0.016153
0 0.612305 0.173275 0.009766 0.020558
0 0.600586 0.160793 0.009766 0.019090
0 0.611328 0.157856 0.005859 0.013216
0 0.626465 0.172540 0.010742 0.022026
0 0.645996 0.182085 0.012695 0.026432
0 0.666504 0.207048 0.010742 0.026432
0 0.668945 0.176211 0.011719 0.026432
0 0.658203 0.169604 0.009766 0.022026
0 0.657715 0.148311 0.010742 0.017621
0 0.639648 0.160793 0.009766 0.019090
0 0.683594 0.167401 0.009766 0.020558
0 0.698242 0.155653 0.009766 0.020558
0 0.705566 0.191630 0.010742 0.022026
0 0.736328 0.189427 0.011719 0.023495
0 0.768066 0.214391 0.014648 0.023495
0 0.771973 0.253304 0.010742 0.024963
0 0.832031 0.272394 0.017578 0.033774
0 0.840332 0.309838 0.016602 0.032305
0 0.851074 0.365639 0.018555 0.038179
0 0.896484 0.397210 0.021484 0.045521
0 0.795898 0.373715 0.019531 0.033774
0 0.824219 0.440529 0.023438 0.046990
0 0.886230 0.465492 0.022461 0.041116
0 0.929688 0.519090 0.025391 0.045521
0 0.840332 0.497063 0.026367 0.045521
0 0.787598 0.265051 0.016602 0.027900
