0 0.154297 0.350722 0.031250 0.065811
0 0.240234 0.365971 0.033203 0.073836
0 0.272461 0.357143 0.029297 0.069021
0 0.349121 0.326645 0.028320 0.072231
0 0.339844 0.410915 0.033203 0.070626
0 0.416504 0.349920 0.030273 0.073836
0 0.439941 0.392456 0.032227 0.081862
0 0.515137 0.369984 0.030273 0.056180
0 0.547363 0.414928 0.030273 0.069021
0 0.622070 0.329856 0.033203 0.065811
0 0.635254 0.410112 0.032227 0.072231
0 0.729492 0.396469 0.033203 0.070626
0 0.789551 0.347512 0.032227 0.069021
0 0.830566 0.376404 0.030273 0.078652
0 0.880371 0.502408 0.006836 0.016051
