0 0.899414 0.287597 0.033203 0.069767
0 0.827637 0.303876 0.032227 0.074419
0 0.875000 0.422481 0.037109 0.072868
0 0.792969 0.520155 0.031250 0.072868
0 0.690918 0.528682 0.028320 0.065116
0 0.616211 0.524031 0.031250 0.071318
0 0.764160 0.262791 0.032227 0.057364
0 0.697266 0.299225 0.031250 0.065116
0 0.624512 0.304651 0.030273 0.060465
0 0.552246 0.306977 0.030273 0.068217
0 0.486816 0.293798 0.032227 0.066667
0 0.406738 0.261240 0.030273 0.063566
0 0.322266 0.265891 0.031250 0.063566
0 0.249023 0.265891 0.031250 0.066667
0 0.167480 0.275194 0.030273 0.063566
0 0.084961 0.296899 0.031250 0.063566
0 0.541016 0.517054 0.031250 0.060465
0 0.451172 0.532558 0.033203 0.072868
0 0.355957 0.518605 0.034180 0.060465
0 0.268066 0.510078 0.032227 0.068217
0 0.182617 0.500775 0.033203 0.065116
0 0.097168 0.417829 0.032227 0.075969
