0 0.556641 0.163320 0.027344 0.040161
0 0.478027 0.196118 0.028320 0.044177
0 0.404297 0.154618 0.027344 0.038822
0 0.490234 0.377510 0.039062 0.056225
0 0.580078 0.355422 0.033203 0.052209
0 0.392090 0.352744 0.034180 0.052209
0 0.645020 0.314592 0.032227 0.048193
0 0.709473 0.277778 0.026367 0.041499
0 0.858398 0.386212 0.025391 0.038822
0 0.815430 0.425033 0.029297 0.041499
0 0.746094 0.463855 0.039062 0.052209
0 0.695312 0.523427 0.039062 0.056225
0 0.570312 0.600402 0.044922 0.065596
0 0.460449 0.615127 0.043945 0.076305
0 0.351074 0.533467 0.038086 0.054886
0 0.257324 0.282463 0.028320 0.042838
0 0.322754 0.319946 0.032227 0.045515
0 0.248535 0.461847 0.036133 0.053548
0 0.187012 0.413655 0.032227 0.045515
0 0.145508 0.368139 0.027344 0.042838
