0 0.368652 0.179688 0.045898 0.135417
0 0.314453 0.174479 0.037109 0.114583
0 0.266113 0.096354 0.047852 0.151042
0 0.207520 0.132812 0.049805 0.171875
0 0.610840 0.218750 0.036133 0.098958
0 0.658691 0.421875 0.038086 0.109375
0 0.542969 0.246094 0.037109 0.101562
0 0.420898 0.231771 0.041016 0.135417
0 0.449707 0.239583 0.036133 0.114583
0 0.523438 0.480469 0.041016 0.117188
0 0.927246 0.421875 0.032227 0.093750
0 0.826660 0.335938 0.038086 0.098958
0 0.732422 0.226562 0.037109 0.109375
0 0.674316 0.777344 0.040039 0.122396
0 0.605469 0.835938 0.044922 0.151042
0 0.482910 0.859375 0.045898 0.140625
0 0.849121 0.798177 0.040039 0.117188
