0 0.140137 0.164464 0.063477 0.117474
0 0.390137 0.296623 0.057617 0.096916
0 0.523926 0.306902 0.049805 0.082232
0 0.700195 0.426579 0.031250 0.066079
0 0.732910 0.500000 0.026367 0.051395
0 0.230469 0.720999 0.007812 0.017621
0 0.239258 0.720264 0.007812 0.019090
0 0.225586 0.439794 0.029297 0.054332
0 0.559570 0.572687 0.017578 0.032305
0 0.402832 0.679883 0.004883 0.011747
0 0.402344 0.664464 0.005859 0.013216
0 0.514648 0.676211 0.005859 0.010279
0 0.521484 0.666667 0.005859 0.008811
0 0.564453 0.687225 0.007812 0.014684
0 0.574219 0.680617 0.003906 0.007342
0 0.581543 0.679883 0.006836 0.011747
0 0.571289 0.745962 0.011719 0.017621
0 0.825195 0.783407 0.007812 0.019090
0 0.837402 0.780470 0.010742 0.016153
0 0.846680 0.770191 0.005859 0.013216
0 0.853027 0.784141 0.008789 0.017621
0 0.858887 0.776065 0.006836 0.013216
0 0.870117 0.778267 0.009766 0.020558
0 0.887695 0.775330 0.007812 0.014684
0 0.895020 0.784875 0.008789 0.016153
0 0.914551 0.789280 0.008789 0.016153
0 0.931152 0.787078 0.008789 0.017621
0 0.946777 0.786344 0.010742 0.019090
0 0.976074 0.790749 0.012695 0.019090
0 0.965820 0.812775 0.003906 0.007342
0 0.992676 0.815712 0.006836 0.010279
0 0.825684 0.703377 0.004883 0.011747
0 0.834473 0.696035 0.006836 0.014684
0 0.843262 0.702643 0.008789 0.016153
0 0.853516 0.708517 0.005859 0.010279
0 0.857422 0.743759 0.007812 0.013216
0 0.881836 0.769457 0.007812 0.014684
0 0.863770 0.700441 0.008789 0.011747
0 0.871094 0.694567 0.005859 0.011747
0 0.886230 0.695301 0.008789 0.016153
0 0.870605 0.718796 0.008789 0.013216
0 0.887695 0.719530 0.007812 0.014684
0 0.898926 0.715125 0.006836 0.014684
0 0.907227 0.698972 0.007812 0.011747
0 0.901855 0.694567 0.006836 0.011747
0 0.920898 0.691630 0.007812 0.017621
0 0.931641 0.699706 0.007812 0.013216
0 0.942383 0.696769 0.007812 0.016153
0 0.953613 0.690896 0.006836 0.013216
0 0.956543 0.704846 0.008789 0.017621
0 0.967773 0.722467 0.007812 0.014684
0 0.983887 0.704112 0.008789 0.016153
0 0.994629 0.700441 0.006836 0.017621
0 0.974121 0.710720 0.008789 0.014684
0 0.966309 0.699706 0.006836 0.016153
0 0.408691 0.740822 0.006836 0.010279
