0 0.057129 0.292217 0.036133 0.070485
0 0.156250 0.303231 0.037109 0.066079
0 0.309570 0.182819 0.033203 0.066079
0 0.290039 0.257709 0.037109 0.074890
0 0.368652 0.304699 0.036133 0.069016
0 0.378906 0.158590 0.031250 0.067548
0 0.406738 0.228341 0.036133 0.074890
0 0.445312 0.156388 0.027344 0.060206
0 0.510254 0.205580 0.034180 0.076358
0 0.468750 0.265786 0.039062 0.076358
0 0.544922 0.169604 0.029297 0.054332
0 0.569336 0.274596 0.037109 0.079295
0 0.576660 0.143172 0.028320 0.057269
0 0.555176 0.348752 0.038086 0.083700
0 0.614746 0.134361 0.034180 0.069016
0 0.614746 0.224670 0.034180 0.070485
0 0.673828 0.245228 0.042969 0.076358
0 0.667969 0.118943 0.029297 0.058737
0 0.709473 0.164464 0.032227 0.061674
0 0.685547 0.384728 0.039062 0.079295
0 0.753906 0.135830 0.031250 0.057269
0 0.779297 0.191630 0.041016 0.069016
0 0.771973 0.251836 0.038086 0.074890
0 0.843750 0.172540 0.035156 0.063142
0 0.898926 0.151248 0.030273 0.055800
0 0.894531 0.290015 0.041016 0.074890
