0 0.225586 0.379557 0.080078 0.110677
0 0.441406 0.419271 0.085938 0.117188
0 0.598145 0.384115 0.090820 0.138021
0 0.776855 0.376302 0.092773 0.127604
0 0.215332 0.149740 0.032227 0.059896
0 0.191406 0.210286 0.027344 0.048177
0 0.358398 0.186849 0.031250 0.048177
0 0.402344 0.196615 0.025391 0.041667
0 0.451172 0.199870 0.027344 0.037760
0 0.423340 0.152995 0.026367 0.045573
0 0.362793 0.108073 0.036133 0.062500
0 0.402832 0.122396 0.028320 0.041667
0 0.328613 0.128255 0.026367 0.055990
0 0.291504 0.147786 0.032227 0.058594
0 0.257324 0.111328 0.038086 0.063802
0 0.177734 0.108724 0.037109 0.055990
0 0.129883 0.092448 0.013672 0.018229
0 0.101562 0.092448 0.015625 0.023438
0 0.071289 0.104167 0.015625 0.020833
0 0.423340 0.028646 0.034180 0.049479
0 0.329102 0.039714 0.037109 0.066406
0 0.289551 0.041016 0.028320 0.045573
0 0.223145 0.039714 0.036133 0.055990
0 0.504883 0.041016 0.029297 0.053385
0 0.759766 0.188802 0.035156 0.070312
0 0.719238 0.225260 0.032227 0.054688
0 0.689941 0.183594 0.034180 0.049479
0 0.711914 0.165365 0.042969 0.054688
0 0.789062 0.139323 0.029297 0.054688
0 0.841309 0.110026 0.018555 0.027344
0 0.764160 0.090495 0.026367 0.053385
0 0.824219 0.081380 0.025391 0.035156
0 0.720703 0.098958 0.031250 0.057292
0 0.685059 0.103516 0.036133 0.061198
0 0.645996 0.117188 0.038086 0.052083
0 0.648438 0.179688 0.041016 0.054688
0 0.604980 0.147786 0.034180 0.063802
0 0.572266 0.136068 0.025391 0.048177
0 0.562500 0.175781 0.019531 0.054688
0 0.602051 0.085286 0.030273 0.032552
0 0.790527 0.028646 0.030273 0.044271
0 0.762695 0.019531 0.009766 0.013021
0 0.973145 0.100911 0.020508 0.024740
0 0.942383 0.104167 0.021484 0.031250
0 0.911133 0.119792 0.021484 0.031250
0 0.875488 0.110677 0.020508 0.026042
0 0.315918 0.211589 0.034180 0.050781
0 0.087891 0.282552 0.027344 0.057292
0 0.134277 0.263672 0.030273 0.055990
0 0.514160 0.233724 0.030273 0.048177
0 0.670410 0.253255 0.026367 0.045573
0 0.037598 0.093750 0.014648 0.023438
