0 0.911621 0.115925 0.020508 0.063232
0 0.907227 0.358314 0.021484 0.074941
0 0.993164 0.464871 0.013672 0.081967
0 0.809082 0.111241 0.040039 0.133489
0 0.751465 0.176815 0.040039 0.128806
0 0.697754 0.120609 0.036133 0.100703
0 0.634766 0.193208 0.039062 0.119438
0 0.588867 0.124122 0.035156 0.117096
0 0.509277 0.177986 0.038086 0.131148
0 0.483398 0.107728 0.031250 0.103044
0 0.422852 0.132319 0.035156 0.110070
0 0.357910 0.176815 0.040039 0.128806
0 0.311523 0.090164 0.033203 0.105386
0 0.250000 0.099532 0.035156 0.119438
0 0.188477 0.081967 0.037109 0.117096
0 0.131836 0.176815 0.044922 0.128806
