0 0.916992 0.417318 0.021484 0.037760
0 0.873535 0.394531 0.022461 0.036458
0 0.813477 0.431641 0.021484 0.035156
0 0.785156 0.429036 0.023438 0.035156
0 0.807617 0.383464 0.019531 0.032552
0 0.714844 0.414714 0.023438 0.035156
0 0.737305 0.376953 0.019531 0.032552
0 0.667969 0.440104 0.023438 0.033854
0 0.688965 0.412760 0.020508 0.031250
0 0.627441 0.444661 0.020508 0.032552
0 0.607910 0.418620 0.020508 0.029948
0 0.589355 0.388672 0.020508 0.035156
0 0.556641 0.377604 0.017578 0.026042
0 0.511230 0.395833 0.018555 0.031250
0 0.537109 0.424479 0.021484 0.031250
0 0.504883 0.441406 0.019531 0.028646
0 0.471680 0.436849 0.021484 0.027344
0 0.449707 0.366536 0.020508 0.029948
0 0.428711 0.414714 0.021484 0.035156
0 0.398926 0.401693 0.022461 0.035156
0 0.340332 0.417969 0.020508 0.033854
0 0.311523 0.365885 0.021484 0.036458
0 0.253906 0.401693 0.025391 0.040365
0 0.213379 0.389974 0.020508 0.035156
0 0.166016 0.427734 0.023438 0.032552
0 0.135254 0.399740 0.024414 0.036458
0 0.581543 0.451823 0.022461 0.036458
