0 0.030762 0.050414 0.022461 0.040055
0 0.196289 0.109116 0.023438 0.041436
0 0.270020 0.100138 0.024414 0.040055
0 0.420410 0.203039 0.018555 0.027624
0 0.472656 0.430249 0.013672 0.020718
0 0.189941 0.720304 0.038086 0.059392
0 0.254883 0.753453 0.039062 0.053867
0 0.571777 0.109116 0.012695 0.022099
0 0.594727 0.121547 0.011719 0.022099
0 0.781250 0.112569 0.007812 0.015193
0 0.766602 0.102901 0.003906 0.009669
0 0.741211 0.118785 0.005859 0.011050
0 0.572754 0.466851 0.014648 0.022099
0 0.616699 0.459945 0.014648 0.022099
0 0.707031 0.521409 0.011719 0.017956
0 0.937988 0.021409 0.012695 0.017956
0 0.872070 0.021409 0.013672 0.020718
0 0.897949 0.229282 0.012695 0.019337
0 0.854004 0.460635 0.014648 0.023481
0 0.872559 0.439227 0.012695 0.022099
0 0.899902 0.499309 0.012695 0.023481
0 0.989258 0.455110 0.001953 0.004144
0 0.845703 0.736878 0.013672 0.020718
0 0.492188 0.722376 0.019531 0.030387
0 0.539551 0.743094 0.016602 0.038674
0 0.557129 0.741713 0.024414 0.041436
