0 0.196289 0.149756 0.015625 0.028117
0 0.233398 0.132641 0.019531 0.028117
0 0.277344 0.099022 0.017578 0.029340
0 0.259766 0.211491 0.015625 0.031785
0 0.303223 0.215159 0.016602 0.029340
0 0.303223 0.268949 0.014648 0.017115
0 0.200195 0.211491 0.019531 0.024450
0 0.166016 0.171149 0.015625 0.026895
0 0.116699 0.180318 0.014648 0.023227
0 0.143066 0.206601 0.016602 0.026895
0 0.090820 0.227384 0.015625 0.024450
0 0.549316 0.143643 0.016602 0.025672
0 0.506836 0.111247 0.015625 0.031785
0 0.457031 0.117359 0.013672 0.024450
0 0.425781 0.125917 0.015625 0.026895
0 0.509277 0.168704 0.012695 0.019560
0 0.553711 0.195599 0.015625 0.031785
0 0.495117 0.213936 0.015625 0.026895
0 0.466797 0.194377 0.011719 0.022005
0 0.432129 0.190098 0.016602 0.030562
0 0.674805 0.108802 0.011719 0.022005
0 0.698242 0.102078 0.009766 0.018337
0 0.715820 0.121027 0.011719 0.019560
0 0.737793 0.097800 0.010742 0.019560
0 0.762695 0.109413 0.011719 0.018337
0 0.786133 0.086797 0.009766 0.019560
0 0.807617 0.123472 0.011719 0.022005
0 0.836426 0.104523 0.010742 0.020782
0 0.853516 0.125306 0.011719 0.020782
0 0.895020 0.130807 0.012695 0.017115
0 0.868164 0.183985 0.011719 0.020782
0 0.907227 0.201100 0.011719 0.018337
0 0.808105 0.183985 0.010742 0.018337
0 0.764648 0.176650 0.011719 0.018337
0 0.724609 0.179095 0.011719 0.020782
0 0.721191 0.231051 0.012695 0.017115
0 0.771484 0.223716 0.011719 0.022005
0 0.825684 0.233496 0.012695 0.019560
0 0.879395 0.242665 0.012695 0.020782
0 0.681152 0.174205 0.012695 0.020782
0 0.667969 0.227995 0.013672 0.023227
0 0.660645 0.266504 0.010742 0.017115
0 0.720215 0.259169 0.010742 0.017115
0 0.122070 0.721271 0.011719 0.019560
0 0.175293 0.674205 0.010742 0.018337
0 0.224121 0.686430 0.012695 0.018337
0 0.178223 0.719438 0.010742 0.018337
0 0.223633 0.719438 0.011719 0.020782
0 0.198242 0.775672 0.011719 0.020782
0 0.240723 0.773839 0.010742 0.019560
0 0.143555 0.777506 0.013672 0.022005
0 0.106445 0.776284 0.013672 0.019560
0 0.081543 0.822738 0.014648 0.024450
0 0.094727 0.866137 0.011719 0.018337
0 0.143066 0.853301 0.012695 0.022005
0 0.187012 0.855746 0.012695 0.022005
0 0.219727 0.861858 0.011719 0.019560
0 0.270020 0.856968 0.012695 0.019560
0 0.326660 0.863692 0.012695 0.023227
0 0.365234 0.828851 0.013672 0.024450
0 0.416992 0.836797 0.013672 0.023227
0 0.428223 0.883863 0.012695 0.022005
0 0.269043 0.686430 0.012695 0.018337
0 0.278320 0.721883 0.011719 0.020782
0 0.317383 0.687653 0.013672 0.018337
0 0.362793 0.683374 0.014648 0.019560
0 0.375488 0.729829 0.012695 0.022005
0 0.410156 0.725550 0.013672 0.020782
0 0.327148 0.726773 0.013672 0.023227
0 0.344727 0.772616 0.013672 0.019560
0 0.290039 0.776284 0.011719 0.017115
0 0.389648 0.778729 0.011719 0.022005
0 0.443848 0.779340 0.014648 0.018337
0 0.094238 0.466993 0.020508 0.029340
0 0.117188 0.461491 0.015625 0.023227
0 0.152344 0.481051 0.015625 0.025672
0 0.169434 0.473716 0.010742 0.023227
0 0.205566 0.481051 0.014648 0.020782
0 0.146973 0.533619 0.016602 0.025672
0 0.194824 0.366748 0.014648 0.024450
0 0.233398 0.389976 0.013672 0.022005
0 0.206543 0.425428 0.012695 0.022005
0 0.284668 0.360636 0.014648 0.026895
0 0.287109 0.398533 0.015625 0.024450
0 0.235840 0.452323 0.012695 0.022005
0 0.280762 0.437042 0.012695 0.023227
0 0.264160 0.477995 0.014648 0.022005
0 0.145508 0.573350 0.015625 0.024450
0 0.219238 0.573350 0.010742 0.017115
0 0.222656 0.536675 0.015625 0.026895
0 0.286621 0.525061 0.016602 0.028117
0 0.327148 0.388142 0.013672 0.020782
0 0.369141 0.386308 0.013672 0.017115
0 0.410156 0.389976 0.011719 0.024450
0 0.360352 0.416259 0.013672 0.023227
0 0.321289 0.420538 0.013672 0.022005
0 0.318848 0.474939 0.014648 0.025672
0 0.356445 0.455379 0.011719 0.023227
0 0.384766 0.475550 0.013672 0.024450
0 0.401855 0.441932 0.012695 0.023227
0 0.437988 0.400978 0.014648 0.022005
0 0.459473 0.373472 0.014648 0.023227
0 0.481934 0.404645 0.016602 0.029340
0 0.434082 0.474328 0.016602 0.026895
0 0.477539 0.474939 0.015625 0.025672
0 0.416992 0.500611 0.011719 0.018337
0 0.396484 0.573961 0.011719 0.013447
0 0.397949 0.531785 0.014648 0.024450
0 0.346191 0.534230 0.016602 0.026895
0 0.454590 0.533619 0.014648 0.025672
0 0.524902 0.534230 0.014648 0.024450
0 0.524414 0.574572 0.013672 0.019560
0 0.525391 0.387531 0.013672 0.022005
0 0.545410 0.419927 0.014648 0.020782
0 0.525391 0.426650 0.011719 0.019560
0 0.539062 0.469438 0.015625 0.029340
0 0.573730 0.432152 0.010742 0.020782
0 0.590820 0.413814 0.011719 0.020782
0 0.603027 0.391198 0.012695 0.022005
0 0.611328 0.445599 0.011719 0.018337
0 0.585938 0.479829 0.015625 0.023227
0 0.583496 0.530562 0.014648 0.024450
0 0.609863 0.564792 0.010742 0.017115
0 0.672852 0.540954 0.015625 0.025672
0 0.671387 0.581296 0.012695 0.018337
0 0.633301 0.473716 0.014648 0.028117
0 0.679199 0.476773 0.014648 0.024450
0 0.630371 0.405868 0.012695 0.022005
0 0.659180 0.367971 0.013672 0.024450
0 0.673828 0.418093 0.013672 0.026895
0 0.708008 0.372861 0.013672 0.026895
0 0.706055 0.414425 0.011719 0.024450
0 0.727051 0.483496 0.012695 0.023227
0 0.740723 0.427873 0.012695 0.024450
0 0.753418 0.404034 0.014648 0.025672
0 0.781738 0.418704 0.014648 0.023227
0 0.828613 0.415037 0.014648 0.023227
0 0.772461 0.481663 0.013672 0.022005
0 0.808594 0.470660 0.015625 0.026895
0 0.732422 0.540954 0.015625 0.025672
0 0.798828 0.542787 0.015625 0.024450
0 0.864258 0.400367 0.013672 0.018337
0 0.878906 0.399144 0.015625 0.028117
0 0.918945 0.473105 0.015625 0.026895
0 0.866699 0.469438 0.014648 0.026895
0 0.869629 0.496944 0.014648 0.020782
0 0.866699 0.536675 0.016602 0.024450
0 0.539551 0.778729 0.016602 0.022005
0 0.577148 0.694988 0.013672 0.018337
0 0.574219 0.765281 0.011719 0.017115
0 0.588867 0.815403 0.013672 0.022005
0 0.609375 0.705990 0.011719 0.020782
0 0.639648 0.718215 0.011719 0.020782
0 0.627441 0.767115 0.012695 0.018337
0 0.630859 0.816626 0.015625 0.026895
0 0.682129 0.766504 0.010742 0.017115
0 0.692383 0.821516 0.013672 0.024450
0 0.608398 0.672983 0.011719 0.020782
0 0.648926 0.679095 0.012695 0.023227
0 0.692383 0.677262 0.011719 0.024450
0 0.739258 0.687042 0.011719 0.017115
0 0.669922 0.705990 0.011719 0.018337
0 0.718750 0.715770 0.011719 0.018337
0 0.692383 0.707213 0.007812 0.015892
0 0.741699 0.764059 0.012695 0.024450
0 0.752930 0.816626 0.013672 0.024450
0 0.787598 0.765892 0.012695 0.023227
0 0.827637 0.774450 0.012695 0.023227
0 0.771484 0.676039 0.011719 0.019560
0 0.817871 0.676039 0.012695 0.019560
0 0.870117 0.679707 0.013672 0.022005
0 0.774414 0.720049 0.009766 0.017115
0 0.825195 0.721883 0.011719 0.020782
0 0.872070 0.717604 0.011719 0.019560
0 0.875977 0.775672 0.011719 0.018337
0 0.913574 0.775061 0.012695 0.024450
0 0.902344 0.800122 0.011719 0.015892
0 0.841797 0.823961 0.011719 0.019560
0 0.898926 0.828240 0.014648 0.020782
0 0.901855 0.858191 0.010742 0.019560
0 0.804199 0.860636 0.012695 0.019560
0 0.819336 0.867971 0.013672 0.019560
0 0.734863 0.572738 0.014648 0.015892
0 0.812500 0.569682 0.013672 0.019560
0 0.753418 0.861247 0.010742 0.015892
