0 0.061523 0.208333 0.007812 0.010417
0 0.087402 0.212240 0.006836 0.013021
0 0.114746 0.211589 0.006836 0.009115
0 0.010742 0.203125 0.007812 0.010417
0 0.072754 0.153646 0.004883 0.007812
0 0.105469 0.192057 0.005859 0.006510
0 0.088867 0.165365 0.005859 0.007812
0 0.124512 0.185547 0.004883 0.006510
0 0.116699 0.166016 0.004883 0.006510
0 0.106934 0.160156 0.004883 0.007812
0 0.164062 0.298177 0.005859 0.010417
0 0.190430 0.294922 0.005859 0.009115
0 0.208984 0.292969 0.007812 0.010417
0 0.230469 0.303385 0.003906 0.007812
0 0.281250 0.291016 0.007812 0.009115
0 0.240723 0.229167 0.006836 0.010417
0 0.172852 0.212240 0.005859 0.010417
0 0.157715 0.203125 0.006836 0.010417
0 0.156250 0.222005 0.005859 0.006510
0 0.146973 0.222656 0.006836 0.010417
0 0.246094 0.300781 0.005859 0.007812
0 0.267578 0.296875 0.005859 0.007812
0 0.285156 0.218099 0.005859 0.009115
0 0.298340 0.220052 0.004883 0.007812
0 0.317871 0.224609 0.004883 0.009115
0 0.267578 0.170573 0.005859 0.007812
0 0.203613 0.214193 0.004883 0.009115
0 0.160645 0.182292 0.004883 0.007812
0 0.189453 0.193359 0.003906 0.006510
0 0.223633 0.227865 0.003906 0.007812
0 0.325195 0.285156 0.007812 0.010417
0 0.381348 0.232422 0.006836 0.009115
0 0.339844 0.214193 0.005859 0.009115
0 0.351562 0.245443 0.005859 0.009115
0 0.006836 0.305990 0.005859 0.013021
0 0.134277 0.337240 0.006836 0.010417
0 0.119141 0.333333 0.003906 0.005208
0 0.107910 0.343750 0.004883 0.010417
0 0.235840 0.347005 0.016602 0.022135
0 0.615723 0.269531 0.010742 0.018229
0 0.666992 0.259115 0.009766 0.015625
0 0.687012 0.244792 0.016602 0.023438
0 0.760742 0.244141 0.013672 0.019531
0 0.889648 0.214844 0.017578 0.028646
0 0.475098 0.289062 0.004883 0.007812
0 0.557129 0.291667 0.004883 0.007812
0 0.098633 0.138021 0.005859 0.007812
0 0.117188 0.148438 0.005859 0.007812
0 0.130859 0.128906 0.005859 0.007812
0 0.049805 0.130859 0.005859 0.006510
0 0.046387 0.072917 0.004883 0.007812
0 0.063477 0.073568 0.005859 0.009115
0 0.091309 0.103516 0.004883 0.006510
0 0.145508 0.148438 0.005859 0.007812
0 0.020020 0.082031 0.004883 0.007812
0 0.027832 0.078125 0.004883 0.005208
0 0.414062 0.401042 0.060547 0.072917
0 0.173828 0.351562 0.027344 0.036458
0 0.206543 0.098307 0.004883 0.009115
0 0.273926 0.131510 0.006836 0.010417
0 0.269043 0.137370 0.004883 0.006510
0 0.230957 0.125651 0.006836 0.009115
0 0.205566 0.128255 0.006836 0.011719
0 0.286133 0.118490 0.005859 0.010417
0 0.520996 0.289714 0.004883 0.009115
