0 0.378418 0.246862 0.022461 0.041841
0 0.434082 0.265690 0.028320 0.059972
0 0.475586 0.233612 0.031250 0.048815
0 0.570312 0.159693 0.023438 0.046025
0 0.252441 0.378661 0.032227 0.054393
0 0.336426 0.366109 0.032227 0.059972
0 0.420898 0.363319 0.027344 0.048815
0 0.475586 0.400279 0.027344 0.039052
0 0.552246 0.383543 0.030273 0.052999
0 0.609863 0.408647 0.030273 0.047420
0 0.385254 0.496513 0.028320 0.050209
0 0.527832 0.569038 0.032227 0.066946
0 0.606934 0.551604 0.030273 0.059972
0 0.717773 0.362622 0.031250 0.058577
0 0.750977 0.529289 0.027344 0.054393
0 0.796875 0.589958 0.029297 0.044630
0 0.750977 0.611576 0.025391 0.043236
0 0.666504 0.552999 0.024414 0.048815
0 0.294922 0.610181 0.037109 0.065551
0 0.375488 0.658298 0.032227 0.064156
0 0.271484 0.663180 0.025391 0.037657
0 0.481445 0.626918 0.025391 0.043236
0 0.589355 0.689679 0.028320 0.051604
