0 0.230957 0.538411 0.090820 0.157552
0 0.247559 0.345052 0.061523 0.085938
0 0.350586 0.321615 0.056641 0.078125
0 0.402832 0.628255 0.094727 0.123698
0 0.471680 0.380859 0.058594 0.084635
0 0.593262 0.360677 0.047852 0.070312
0 0.554688 0.515625 0.070312 0.114583
0 0.648438 0.641927 0.076172 0.132812
0 0.704590 0.397135 0.055664 0.070312
0 0.801758 0.417318 0.064453 0.095052
0 0.961426 0.514974 0.040039 0.076823
0 0.004883 0.329427 0.009766 0.018229
0 0.058594 0.337891 0.011719 0.019531
0 0.137695 0.361979 0.015625 0.023438
0 0.080566 0.397786 0.010742 0.024740
0 0.177246 0.354818 0.006836 0.009115
0 0.305176 0.357422 0.004883 0.011719
0 0.381836 0.346354 0.003906 0.010417
0 0.732422 0.344401 0.011719 0.014323
