0 0.008301 0.434211 0.016602 0.078947
0 0.032227 0.380117 0.025391 0.067251
0 0.137207 0.358187 0.047852 0.099415
0 0.208008 0.374269 0.041016 0.099415
0 0.253906 0.394737 0.060547 0.119883
0 0.516602 0.344298 0.037109 0.086257
0 0.517578 0.442982 0.023438 0.055556
0 0.568848 0.421053 0.032227 0.058480
0 0.614746 0.433480 0.036133 0.086257
0 0.616699 0.386696 0.022461 0.048246
0 0.602051 0.387427 0.018555 0.040936
0 0.700684 0.443713 0.024414 0.033626
0 0.756836 0.436404 0.044922 0.089181
0 0.767090 0.374269 0.040039 0.070175
0 0.822754 0.357456 0.041992 0.089181
0 0.882812 0.342836 0.031250 0.083333
0 0.984863 0.351608 0.030273 0.071637
