0 0.189941 0.241176 0.038086 0.073529
0 0.279785 0.244118 0.034180 0.064706
0 0.358398 0.230882 0.035156 0.061765
0 0.410156 0.248529 0.035156 0.061765
0 0.165527 0.477206 0.041992 0.075000
0 0.293945 0.555147 0.048828 0.063235
0 0.372070 0.553676 0.039062 0.069118
0 0.536621 0.206618 0.036133 0.069118
0 0.647461 0.211029 0.039062 0.069118
0 0.727539 0.281618 0.035156 0.072059
0 0.797363 0.286765 0.038086 0.073529
0 0.938477 0.280147 0.031250 0.057353
0 0.575195 0.543382 0.039062 0.063235
0 0.121094 0.244853 0.041016 0.077941
