0 0.063965 0.442272 0.040039 0.083799
0 0.065430 0.109870 0.035156 0.093110
0 0.185547 0.107076 0.037109 0.087523
0 0.305176 0.086592 0.032227 0.091248
0 0.336426 0.406890 0.034180 0.083799
0 0.191406 0.437616 0.039062 0.093110
0 0.490723 0.385475 0.038086 0.081937
0 0.425293 0.126629 0.036133 0.100559
0 0.471680 0.135940 0.027344 0.070764
0 0.523438 0.170391 0.029297 0.076350
0 0.617188 0.140596 0.033203 0.080074
0 0.599121 0.414339 0.034180 0.072626
0 0.703125 0.415270 0.035156 0.078212
0 0.687012 0.154562 0.026367 0.063315
0 0.730957 0.226257 0.030273 0.072626
0 0.807129 0.186220 0.030273 0.070764
0 0.881836 0.185289 0.033203 0.072626
0 0.865723 0.412477 0.034180 0.076350
0 0.941895 0.385475 0.036133 0.078212
