0 0.224609 0.264275 0.021484 0.039531
0 0.198242 0.274524 0.015625 0.030747
0 0.109375 0.256955 0.021484 0.036603
0 0.083008 0.255490 0.023438 0.039531
0 0.297852 0.330893 0.021484 0.038067
0 0.303223 0.294290 0.018555 0.035139
0 0.349609 0.286237 0.017578 0.033675
0 0.266113 0.284773 0.018555 0.036603
0 0.244629 0.297950 0.018555 0.030747
0 0.004883 0.291362 0.009766 0.035139
0 0.147949 0.314788 0.018555 0.026354
0 0.985352 0.328697 0.021484 0.030747
0 0.930176 0.341142 0.022461 0.038067
0 0.906738 0.293558 0.020508 0.036603
0 0.874023 0.303075 0.021484 0.032211
0 0.864258 0.341142 0.019531 0.032211
0 0.671387 0.285505 0.045898 0.081991
0 0.512207 0.292826 0.049805 0.070278
