0 0.329590 0.331378 0.032227 0.064516
0 0.391113 0.364370 0.028320 0.063050
0 0.485352 0.325513 0.031250 0.064516
0 0.459961 0.395161 0.029297 0.060117
0 0.539551 0.409824 0.030273 0.051320
0 0.556641 0.503666 0.029297 0.057185
0 0.478027 0.550587 0.030273 0.048387
0 0.418457 0.480938 0.030273 0.055718
0 0.637207 0.490469 0.030273 0.057185
0 0.673340 0.449413 0.026367 0.045455
0 0.752441 0.292522 0.036133 0.065982
0 0.684570 0.357771 0.029297 0.055718
0 0.588379 0.327713 0.034180 0.068915
0 0.713379 0.413490 0.030273 0.058651
0 0.720215 0.543988 0.034180 0.058651
