0 0.357910 0.573314 0.020508 0.035191
0 0.428223 0.582845 0.018555 0.036657
0 0.494629 0.573314 0.020508 0.038123
0 0.558105 0.574047 0.020508 0.036657
0 0.625000 0.576246 0.021484 0.038123
0 0.622559 0.492669 0.018555 0.032258
0 0.557617 0.491935 0.019531 0.039589
0 0.501465 0.507331 0.018555 0.032258
0 0.437012 0.478006 0.018555 0.035191
0 0.384766 0.485337 0.017578 0.032258
0 0.340332 0.480205 0.018555 0.036657
0 0.301270 0.456745 0.020508 0.039589
0 0.247559 0.478006 0.018555 0.035191
0 0.188965 0.486804 0.020508 0.035191
0 0.182129 0.565982 0.020508 0.035191
0 0.240723 0.585777 0.016602 0.033724
0 0.300781 0.576979 0.019531 0.039589
0 0.135254 0.480205 0.018555 0.033724
0 0.074707 0.472874 0.018555 0.030792
0 0.822754 0.497801 0.020508 0.033724
0 0.892578 0.521261 0.017578 0.030792
0 0.878418 0.585777 0.020508 0.039589
0 0.822754 0.574047 0.022461 0.036657
0 0.754395 0.591642 0.020508 0.039589
0 0.753906 0.504399 0.019531 0.035191
0 0.692383 0.473607 0.017578 0.032258
0 0.695801 0.576979 0.024414 0.039589
