0 0.107910 0.554209 0.036133 0.059949
0 0.162109 0.390306 0.031250 0.056122
0 0.260742 0.441327 0.021484 0.038265
0 0.283203 0.321429 0.019531 0.035714
0 0.384766 0.328444 0.019531 0.034439
0 0.379395 0.488520 0.030273 0.051020
0 0.269531 0.494898 0.019531 0.025510
0 0.493652 0.364796 0.028320 0.051020
0 0.510742 0.529974 0.029297 0.052296
0 0.585938 0.450893 0.023438 0.034439
0 0.640137 0.364158 0.024414 0.039541
0 0.736328 0.402423 0.021484 0.034439
0 0.732422 0.478954 0.023438 0.042092
0 0.826660 0.364796 0.030273 0.048469
0 0.765625 0.563776 0.025391 0.043367
0 0.844238 0.498087 0.026367 0.049745
0 0.938477 0.503189 0.029297 0.042092
0 0.255371 0.769133 0.030273 0.051020
0 0.445312 0.738520 0.031250 0.051020
0 0.661621 0.769770 0.028320 0.049745
0 0.737793 0.730230 0.026367 0.044643
0 0.189453 0.021684 0.017578 0.028061
0 0.729492 0.056122 0.013672 0.025510
