0 0.894531 0.262700 0.039062 0.066763
0 0.885742 0.463716 0.042969 0.065312
0 0.854980 0.575472 0.045898 0.079826
0 0.802246 0.537736 0.038086 0.065312
0 0.791992 0.279390 0.033203 0.059507
0 0.829590 0.305515 0.024414 0.050798
0 0.860352 0.286647 0.033203 0.053701
0 0.764160 0.312772 0.026367 0.050798
0 0.716797 0.316401 0.027344 0.046444
0 0.725586 0.277939 0.025391 0.044993
0 0.773926 0.272859 0.020508 0.037736
0 0.809570 0.272134 0.017578 0.042090
0 0.684082 0.294630 0.028320 0.049347
0 0.652344 0.316401 0.029297 0.052250
0 0.624512 0.310595 0.022461 0.043541
0 0.642090 0.272859 0.026367 0.037736
0 0.668457 0.542090 0.030273 0.053701
0 0.756836 0.608128 0.035156 0.058055
0 0.611328 0.613208 0.039062 0.071118
0 0.528809 0.618287 0.034180 0.060958
0 0.569336 0.507257 0.029297 0.053701
0 0.514648 0.510160 0.027344 0.050798
0 0.483398 0.537010 0.031250 0.055152
0 0.408691 0.624819 0.038086 0.062409
0 0.390625 0.569666 0.029297 0.050798
0 0.594727 0.318578 0.027344 0.050798
0 0.580566 0.283019 0.024414 0.040639
0 0.561523 0.340348 0.025391 0.050798
0 0.549316 0.275762 0.026367 0.043541
0 0.525391 0.300435 0.025391 0.046444
0 0.506836 0.269956 0.023438 0.043541
0 0.484375 0.292453 0.027344 0.044993
0 0.447754 0.305515 0.028320 0.053701
0 0.411133 0.272134 0.027344 0.044993
0 0.370117 0.307692 0.029297 0.052250
0 0.386230 0.285922 0.022461 0.046444
0 0.332520 0.296807 0.024414 0.047896
0 0.303711 0.328737 0.027344 0.042090
0 0.306641 0.281567 0.025391 0.043541
0 0.266602 0.293179 0.025391 0.049347
0 0.235352 0.286647 0.029297 0.053701
0 0.181641 0.268505 0.037109 0.063861
0 0.210938 0.305515 0.023438 0.039187
0 0.097168 0.276488 0.045898 0.065312
0 0.139648 0.283745 0.023438 0.044993
0 0.112793 0.301887 0.022461 0.037736
0 0.295410 0.645138 0.036133 0.062409
0 0.287598 0.542816 0.032227 0.055152
0 0.167969 0.553701 0.042969 0.074020
