0 0.100586 0.178873 0.013672 0.047887
0 0.143066 0.147887 0.014648 0.059155
0 0.065918 0.354930 0.020508 0.073239
0 0.105469 0.371831 0.017578 0.073239
0 0.146973 0.377465 0.020508 0.073239
0 0.179688 0.429577 0.017578 0.064789
0 0.164551 0.522535 0.018555 0.076056
0 0.226562 0.418310 0.017578 0.064789
0 0.233398 0.511268 0.021484 0.076056
0 0.230469 0.643662 0.023438 0.087324
0 0.280762 0.428169 0.016602 0.073239
0 0.296387 0.528169 0.020508 0.070423
0 0.177246 0.108451 0.016602 0.059155
0 0.185547 0.176056 0.015625 0.059155
0 0.220703 0.139437 0.015625 0.059155
0 0.255371 0.180282 0.014648 0.050704
0 0.256348 0.300000 0.016602 0.059155
0 0.275391 0.176056 0.015625 0.059155
0 0.319336 0.150704 0.015625 0.053521
0 0.343262 0.167606 0.014648 0.059155
0 0.384766 0.143662 0.015625 0.067606
0 0.297363 0.294366 0.016602 0.053521
0 0.344238 0.280282 0.014648 0.059155
0 0.390137 0.283099 0.016602 0.059155
0 0.326172 0.421127 0.017578 0.070423
0 0.379883 0.405634 0.019531 0.061972
0 0.356445 0.518310 0.021484 0.073239
0 0.419922 0.522535 0.019531 0.070423
0 0.367676 0.616901 0.024414 0.090141
0 0.429199 0.391549 0.016602 0.073239
0 0.470703 0.408451 0.017578 0.067606
0 0.484375 0.504225 0.021484 0.078873
0 0.284668 0.674648 0.022461 0.081690
0 0.416992 0.138028 0.015625 0.056338
0 0.451172 0.133803 0.015625 0.053521
0 0.479980 0.149296 0.014648 0.061972
0 0.511719 0.146479 0.015625 0.061972
0 0.496582 0.242254 0.016602 0.061972
0 0.441895 0.263380 0.016602 0.064789
0 0.552734 0.233803 0.015625 0.067606
0 0.560059 0.126761 0.014648 0.061972
0 0.522461 0.404225 0.017578 0.070423
0 0.553711 0.477465 0.019531 0.070423
0 0.573730 0.419718 0.018555 0.056338
0 0.624512 0.388732 0.018555 0.073239
0 0.626953 0.502817 0.019531 0.064789
0 0.599609 0.132394 0.015625 0.061972
0 0.639160 0.159155 0.014648 0.053521
0 0.682129 0.130986 0.014648 0.059155
0 0.715820 0.118310 0.015625 0.061972
0 0.712891 0.250704 0.017578 0.061972
0 0.656250 0.257746 0.017578 0.059155
0 0.607422 0.260563 0.015625 0.059155
0 0.674805 0.412676 0.017578 0.064789
0 0.718750 0.414085 0.017578 0.061972
0 0.685059 0.512676 0.020508 0.073239
0 0.753418 0.492958 0.018555 0.078873
0 0.765137 0.369014 0.018555 0.073239
0 0.739746 0.114085 0.014648 0.053521
0 0.762695 0.133803 0.013672 0.059155
0 0.767090 0.230986 0.018555 0.067606
0 0.813477 0.387324 0.017578 0.064789
0 0.853027 0.353521 0.018555 0.070423
0 0.812500 0.492958 0.021484 0.078873
0 0.869629 0.488732 0.022461 0.070423
0 0.899414 0.328169 0.017578 0.064789
0 0.942871 0.364789 0.018555 0.070423
