0 0.904297 0.288368 0.029297 0.063005
0 0.832031 0.193053 0.027344 0.053312
0 0.772949 0.318255 0.028320 0.061389
0 0.836426 0.500000 0.028320 0.059774
0 0.720215 0.500808 0.028320 0.058158
0 0.677246 0.300485 0.028320 0.058158
0 0.722656 0.197092 0.025391 0.051696
0 0.612793 0.195477 0.026367 0.051696
0 0.605469 0.504039 0.029297 0.058158
0 0.547363 0.311793 0.028320 0.051696
0 0.468750 0.187399 0.027344 0.051696
0 0.377441 0.302908 0.028320 0.059774
0 0.469238 0.470921 0.034180 0.066236
0 0.322266 0.486268 0.029297 0.061389
0 0.304199 0.203554 0.026367 0.051696
0 0.243652 0.299677 0.030273 0.059774
0 0.176758 0.187399 0.027344 0.054927
0 0.061035 0.187399 0.028320 0.051696
0 0.120605 0.282714 0.030273 0.058158
0 0.200684 0.502423 0.032227 0.061389
0 0.085938 0.495961 0.033203 0.054927
