0 0.404785 0.145862 0.045898 0.080054
0 0.363770 0.253731 0.041992 0.067843
0 0.246094 0.267978 0.041016 0.058345
0 0.136230 0.457938 0.041992 0.071913
0 0.270020 0.486431 0.041992 0.063772
0 0.571777 0.143148 0.041992 0.077341
0 0.507324 0.254410 0.040039 0.069199
0 0.648438 0.266621 0.041016 0.063772
0 0.384766 0.470149 0.044922 0.071913
0 0.506348 0.462687 0.045898 0.075984
0 0.620117 0.474898 0.039062 0.081411
0 0.735352 0.502714 0.044922 0.069199
0 0.732910 0.194708 0.041992 0.074627
0 0.798828 0.261872 0.042969 0.067843
0 0.846680 0.467436 0.042969 0.066486
