0 0.517578 0.233032 0.015625 0.085973
0 0.488281 0.395928 0.013672 0.076923
0 0.544434 0.151584 0.014648 0.085973
0 0.557617 0.190045 0.015625 0.090498
0 0.573730 0.104072 0.010742 0.063348
0 0.583008 0.165158 0.013672 0.085973
0 0.601074 0.171946 0.014648 0.090498
0 0.039062 0.192308 0.017578 0.104072
0 0.051758 0.176471 0.013672 0.081448
0 0.064941 0.221719 0.014648 0.081448
0 0.045410 0.547511 0.014648 0.081448
0 0.109375 0.169683 0.015625 0.095023
0 0.092773 0.212670 0.013672 0.072398
0 0.080566 0.190045 0.008789 0.072398
0 0.105469 0.531674 0.015625 0.085973
0 0.131348 0.190045 0.012695 0.072398
0 0.662598 0.153846 0.010742 0.063348
0 0.676270 0.158371 0.012695 0.081448
0 0.687988 0.171946 0.012695 0.072398
0 0.712891 0.085973 0.011719 0.081448
0 0.722168 0.190045 0.012695 0.072398
0 0.463379 0.434389 0.012695 0.072398
0 0.427734 0.497738 0.015625 0.090498
0 0.480469 0.153846 0.011719 0.081448
0 0.487305 0.171946 0.009766 0.063348
0 0.500000 0.160633 0.011719 0.076923
0 0.716309 0.371041 0.016602 0.090498
0 0.750000 0.554299 0.013672 0.085973
0 0.805664 0.407240 0.015625 0.090498
0 0.234375 0.371041 0.011719 0.072398
0 0.152832 0.194570 0.012695 0.081448
0 0.143555 0.506787 0.017578 0.090498
0 0.169922 0.565611 0.015625 0.099548
0 0.224121 0.452489 0.014648 0.081448
0 0.197266 0.196833 0.013672 0.076923
0 0.168945 0.187783 0.011719 0.085973
0 0.207520 0.153846 0.010742 0.072398
0 0.224609 0.201357 0.011719 0.076923
0 0.256348 0.165158 0.012695 0.076923
0 0.288086 0.135747 0.011719 0.081448
0 0.277832 0.205882 0.014648 0.076923
0 0.275391 0.418552 0.013672 0.085973
0 0.880371 0.536199 0.016602 0.085973
0 0.334473 0.217195 0.012695 0.072398
0 0.350586 0.147059 0.011719 0.067873
0 0.345215 0.162896 0.010742 0.063348
0 0.356445 0.210407 0.011719 0.076923
0 0.371094 0.242081 0.011719 0.067873
0 0.370605 0.178733 0.010742 0.058824
0 0.383301 0.199095 0.012695 0.081448
0 0.395020 0.190045 0.012695 0.072398
0 0.416016 0.178733 0.011719 0.076923
0 0.317871 0.187783 0.012695 0.067873
0 0.413574 0.355204 0.012695 0.076923
0 0.391602 0.518100 0.015625 0.095023
0 0.339355 0.461538 0.012695 0.081448
0 0.317383 0.502262 0.013672 0.081448
0 0.431152 0.153846 0.010742 0.072398
0 0.442383 0.142534 0.009766 0.067873
0 0.458984 0.138009 0.011719 0.076923
0 0.631348 0.079186 0.014648 0.104072
0 0.648438 0.144796 0.013672 0.090498
0 0.649902 0.475113 0.016602 0.099548
0 0.309570 0.251131 0.011719 0.067873
0 0.740234 0.097285 0.011719 0.076923
0 0.748047 0.176471 0.011719 0.072398
0 0.299316 0.400452 0.012695 0.085973
0 0.432129 0.339367 0.012695 0.081448
0 0.467285 0.221719 0.012695 0.072398
0 0.826660 0.160633 0.012695 0.076923
0 0.844727 0.115385 0.015625 0.085973
0 0.859375 0.147059 0.015625 0.085973
0 0.889160 0.092760 0.016602 0.095023
0 0.947754 0.119910 0.018555 0.104072
0 0.761230 0.115385 0.012695 0.085973
0 0.774414 0.133484 0.009766 0.067873
0 0.788574 0.149321 0.014648 0.081448
0 0.799316 0.101810 0.012695 0.067873
0 0.802246 0.162896 0.012695 0.090498
0 0.811035 0.187783 0.014648 0.085973
0 0.669434 0.393665 0.014648 0.099548
