0 0.974121 0.214391 0.026367 0.038179
0 0.949707 0.276065 0.026367 0.052863
0 0.938965 0.222467 0.026367 0.054332
0 0.894531 0.252570 0.031250 0.058737
0 0.823730 0.383994 0.063477 0.110132
0 0.781738 0.418502 0.036133 0.076358
0 0.723145 0.399413 0.049805 0.091043
0 0.841309 0.260646 0.024414 0.048458
0 0.755371 0.267254 0.026367 0.038179
0 0.776855 0.300294 0.018555 0.039648
0 0.735840 0.315712 0.022461 0.041116
0 0.679199 0.281938 0.024414 0.049927
0 0.661621 0.320117 0.022461 0.041116
0 0.631836 0.313510 0.019531 0.030837
0 0.606934 0.293686 0.024414 0.049927
0 0.546875 0.314244 0.023438 0.044053
0 0.564941 0.318649 0.018555 0.044053
0 0.546387 0.494126 0.022461 0.042584
0 0.612793 0.520558 0.026367 0.048458
0 0.523438 0.529369 0.029297 0.045521
0 0.501465 0.453744 0.022461 0.041116
0 0.472168 0.530837 0.024414 0.042584
0 0.454590 0.497063 0.022461 0.036711
0 0.490723 0.335536 0.024414 0.057269
0 0.467773 0.339207 0.021484 0.038179
0 0.449219 0.345081 0.019531 0.032305
0 0.421875 0.328194 0.021484 0.039648
0 0.396484 0.359765 0.019531 0.038179
0 0.381348 0.366373 0.020508 0.036711
0 0.353027 0.383994 0.022461 0.042584
0 0.398926 0.494126 0.018555 0.036711
0 0.382812 0.513216 0.021484 0.039648
0 0.406738 0.524963 0.020508 0.039648
0 0.435059 0.560940 0.024414 0.046990
0 0.358887 0.556535 0.022461 0.046990
0 0.330078 0.364170 0.019531 0.032305
0 0.295898 0.377386 0.021484 0.038179
0 0.248047 0.391336 0.021484 0.039648
0 0.218750 0.387665 0.019531 0.038179
0 0.328125 0.516887 0.019531 0.038179
0 0.314941 0.570485 0.020508 0.036711
0 0.245117 0.541850 0.019531 0.035242
0 0.229004 0.566814 0.022461 0.044053
0 0.282227 0.580029 0.023438 0.044053
0 0.212402 0.591043 0.024414 0.048458
0 0.179199 0.498532 0.020508 0.039648
0 0.180664 0.413363 0.019531 0.036711
0 0.174316 0.382526 0.016602 0.027900
0 0.153320 0.380323 0.017578 0.029369
0 0.159668 0.449339 0.020508 0.035242
0 0.125000 0.399413 0.019531 0.035242
0 0.105469 0.422173 0.019531 0.039648
0 0.096680 0.390602 0.015625 0.026432
0 0.136719 0.530837 0.017578 0.039648
0 0.137207 0.596182 0.026367 0.044053
0 0.059570 0.657122 0.023438 0.045521
0 0.053711 0.604258 0.025391 0.039648
0 0.081543 0.720999 0.043945 0.073421
0 0.028320 0.748899 0.039062 0.070485
0 0.066895 0.385463 0.022461 0.045521
0 0.018066 0.401615 0.022461 0.036711
