0 0.256348 0.360923 0.036133 0.043919
0 0.239746 0.368806 0.041992 0.075450
0 0.082520 0.265766 0.086914 0.117117
0 0.540527 0.263514 0.075195 0.114865
0 0.319824 0.337838 0.038086 0.054054
0 0.349609 0.364302 0.033203 0.041667
0 0.457520 0.346847 0.034180 0.042793
0 0.603027 0.332207 0.026367 0.038288
0 0.626953 0.342342 0.035156 0.042793
0 0.643555 0.332207 0.027344 0.036036
0 0.799316 0.284910 0.036133 0.054054
0 0.826660 0.321509 0.038086 0.050676
0 0.878906 0.261824 0.052734 0.068694
0 0.920898 0.257320 0.033203 0.055180
