0 0.885742 0.623698 0.052734 0.054688
0 0.640625 0.573568 0.019531 0.035156
0 0.577148 0.636719 0.025391 0.044271
0 0.487793 0.548177 0.010742 0.015625
0 0.029297 0.499349 0.011719 0.019531
0 0.240723 0.563802 0.010742 0.023438
0 0.248047 0.541016 0.009766 0.016927
0 0.245605 0.503255 0.010742 0.019531
0 0.397461 0.561198 0.015625 0.031250
0 0.340820 0.570964 0.015625 0.029948
0 0.278809 0.557292 0.010742 0.023438
0 0.417480 0.559245 0.012695 0.024740
0 0.376465 0.555990 0.012695 0.020833
0 0.320801 0.542318 0.012695 0.019531
0 0.333496 0.537109 0.008789 0.019531
0 0.283203 0.533854 0.007812 0.015625
0 0.306641 0.536458 0.005859 0.013021
0 0.468750 0.513021 0.005859 0.013021
0 0.416504 0.504557 0.004883 0.009115
0 0.636230 0.502604 0.006836 0.013021
0 0.653320 0.507161 0.005859 0.011719
0 0.180664 0.529948 0.005859 0.010417
