0 0.770508 0.191801 0.070312 0.134700
0 0.196289 0.292826 0.039062 0.055637
0 0.143066 0.279649 0.024414 0.038067
0 0.053711 0.278184 0.050781 0.081991
0 0.178223 0.248902 0.020508 0.040996
0 0.246582 0.307467 0.006836 0.017570
0 0.301758 0.278917 0.031250 0.048316
0 0.361816 0.258419 0.022461 0.036603
0 0.419434 0.280381 0.016602 0.021962
0 0.508789 0.297218 0.009766 0.017570
0 0.465332 0.273792 0.006836 0.023426
0 0.694336 0.210835 0.037109 0.070278
0 0.625488 0.213031 0.049805 0.083455
0 0.858398 0.251830 0.044922 0.084919
0 0.484375 0.277452 0.011719 0.021962
