0 0.046387 0.421875 0.012695 0.020833
0 0.066406 0.437500 0.009766 0.015625
0 0.110352 0.462891 0.033203 0.035156
0 0.106445 0.367839 0.007812 0.016927
0 0.196289 0.472005 0.017578 0.027344
0 0.221191 0.520833 0.022461 0.023438
0 0.040039 0.319661 0.007812 0.014323
0 0.015625 0.309245 0.007812 0.014323
0 0.004395 0.319661 0.006836 0.014323
0 0.057129 0.351562 0.006836 0.010417
0 0.141113 0.359375 0.008789 0.015625
0 0.178223 0.324870 0.006836 0.011719
0 0.110840 0.321615 0.006836 0.013021
0 0.125000 0.335286 0.005859 0.009115
0 0.131836 0.336589 0.005859 0.009115
0 0.153809 0.374349 0.006836 0.014323
0 0.304688 0.352214 0.017578 0.027344
0 0.225586 0.320964 0.005859 0.011719
0 0.316406 0.348958 0.005859 0.010417
0 0.347168 0.386068 0.006836 0.011719
0 0.327148 0.357422 0.005859 0.014323
0 0.441406 0.393880 0.011719 0.019531
0 0.483887 0.447266 0.004883 0.009115
0 0.500977 0.448568 0.005859 0.011719
0 0.468262 0.450521 0.004883 0.007812
0 0.382812 0.525391 0.015625 0.037760
0 0.604492 0.419922 0.011719 0.024740
0 0.613281 0.471354 0.013672 0.023438
0 0.661133 0.468099 0.013672 0.019531
0 0.681152 0.488932 0.012695 0.022135
0 0.715332 0.423828 0.018555 0.029948
0 0.679688 0.459635 0.005859 0.010417
0 0.756348 0.477214 0.008789 0.014323
0 0.794434 0.475260 0.012695 0.020833
0 0.833496 0.468099 0.010742 0.019531
0 0.861816 0.461589 0.010742 0.016927
