0 0.162109 0.204483 0.085938 0.073793
0 0.317871 0.144138 0.088867 0.089655
0 0.502441 0.078276 0.083008 0.082069
0 0.689453 0.125517 0.085938 0.075862
0 0.867676 0.169310 0.083008 0.073793
0 0.121582 0.388621 0.077148 0.082069
0 0.509766 0.338621 0.107422 0.107586
0 0.894043 0.334483 0.069336 0.075862
0 0.843262 0.517931 0.088867 0.080000
0 0.192383 0.569310 0.085938 0.077931
0 0.106445 0.764828 0.074219 0.070345
0 0.246094 0.872414 0.066406 0.070345
0 0.428711 0.847586 0.072266 0.075862
0 0.603516 0.824138 0.074219 0.075862
0 0.762207 0.765862 0.083008 0.072414
0 0.896973 0.695172 0.069336 0.080000
