0 0.248535 0.079282 0.041992 0.065972
0 0.375000 0.119792 0.035156 0.068287
0 0.458008 0.117477 0.037109 0.065972
0 0.538086 0.119213 0.041016 0.069444
0 0.507812 0.282986 0.050781 0.093750
0 0.455566 0.248843 0.040039 0.069444
0 0.587891 0.203704 0.041016 0.069444
0 0.353516 0.279514 0.042969 0.068287
0 0.182129 0.210069 0.047852 0.079861
0 0.226562 0.145255 0.042969 0.063657
0 0.636230 0.083333 0.040039 0.069444
0 0.734375 0.104167 0.041016 0.074074
0 0.767090 0.204861 0.049805 0.078704
0 0.674316 0.166667 0.041992 0.069444
