0 0.029297 0.333333 0.035156 0.066934
0 0.039551 0.437082 0.030273 0.052209
0 0.059570 0.259705 0.039062 0.066934
0 0.046875 0.175368 0.025391 0.050870
0 0.109863 0.237617 0.030273 0.052209
0 0.129883 0.291834 0.035156 0.056225
0 0.098633 0.461847 0.035156 0.053548
0 0.170410 0.420348 0.030273 0.050870
0 0.159180 0.306560 0.021484 0.042838
0 0.190430 0.334672 0.027344 0.056225
0 0.171875 0.183400 0.027344 0.048193
0 0.199219 0.228246 0.025391 0.046854
0 0.228027 0.340696 0.034180 0.062918
0 0.231445 0.441098 0.031250 0.052209
0 0.263184 0.311914 0.028320 0.056225
0 0.307617 0.348728 0.033203 0.057564
0 0.327148 0.289826 0.031250 0.057564
0 0.354980 0.334003 0.030273 0.057564
0 0.383301 0.288487 0.030273 0.057564
0 0.426270 0.277108 0.028320 0.061580
0 0.420410 0.338688 0.028320 0.050870
0 0.434082 0.401606 0.028320 0.048193
0 0.458984 0.294511 0.027344 0.053548
0 0.483887 0.278447 0.030273 0.058902
0 0.513672 0.291834 0.023438 0.042838
0 0.536621 0.301205 0.032227 0.053548
0 0.568359 0.273762 0.027344 0.049531
0 0.587891 0.279786 0.033203 0.056225
0 0.606445 0.275100 0.021484 0.044177
0 0.594727 0.362115 0.027344 0.057564
0 0.650391 0.348728 0.027344 0.052209
0 0.657715 0.308568 0.024414 0.041499
0 0.688965 0.304552 0.020508 0.036145
0 0.680664 0.358768 0.023438 0.040161
0 0.714844 0.365462 0.025391 0.045515
0 0.458984 0.448461 0.029297 0.050870
0 0.227539 0.592369 0.025391 0.041499
0 0.710449 0.500669 0.026367 0.045515
0 0.759277 0.552878 0.024414 0.042838
0 0.751953 0.366801 0.027344 0.045515
0 0.784668 0.352075 0.028320 0.053548
0 0.832031 0.359438 0.031250 0.054886
0 0.874023 0.363454 0.033203 0.052209
0 0.905762 0.370817 0.030273 0.061580
0 0.954102 0.389558 0.035156 0.053548
0 0.968750 0.538822 0.037109 0.057564
0 0.946289 0.617135 0.039062 0.061580
