0 0.176758 0.566912 0.017578 0.027941
0 0.158203 0.600735 0.019531 0.030882
0 0.142090 0.618382 0.018555 0.033824
0 0.117188 0.663235 0.019531 0.029412
0 0.055176 0.652206 0.016602 0.030882
0 0.084473 0.615441 0.018555 0.030882
0 0.029785 0.566176 0.016602 0.032353
0 0.061035 0.594853 0.020508 0.030882
0 0.090820 0.567647 0.021484 0.035294
0 0.192871 0.497794 0.014648 0.027941
0 0.127930 0.592647 0.017578 0.029412
0 0.062012 0.516176 0.014648 0.023529
0 0.090820 0.505147 0.015625 0.025000
0 0.147461 0.550000 0.015625 0.029412
0 0.025879 0.639706 0.018555 0.029412
0 0.031738 0.527941 0.018555 0.029412
0 0.005859 0.488971 0.011719 0.025000
0 0.294434 0.622794 0.020508 0.033824
0 0.348145 0.630147 0.018555 0.027941
0 0.212402 0.586765 0.020508 0.029412
0 0.272949 0.591176 0.018555 0.029412
0 0.352539 0.552206 0.015625 0.027941
0 0.290039 0.491176 0.013672 0.026471
0 0.342285 0.486765 0.012695 0.026471
0 0.364746 0.509559 0.014648 0.027941
0 0.229980 0.568382 0.016602 0.030882
0 0.262695 0.551471 0.015625 0.026471
0 0.215820 0.490441 0.013672 0.025000
0 0.228516 0.492647 0.013672 0.023529
0 0.270020 0.513235 0.014648 0.026471
0 0.251953 0.504412 0.017578 0.029412
0 0.314941 0.519118 0.014648 0.026471
0 0.308105 0.501471 0.014648 0.026471
0 0.210938 0.523529 0.017578 0.026471
0 0.384766 0.550735 0.013672 0.027941
0 0.323730 0.542647 0.014648 0.029412
0 0.455566 0.632353 0.016602 0.029412
0 0.539551 0.619853 0.018555 0.030882
0 0.416504 0.625000 0.020508 0.032353
0 0.475098 0.591176 0.018555 0.035294
0 0.516602 0.618382 0.019531 0.030882
0 0.573730 0.611765 0.018555 0.032353
0 0.563477 0.499265 0.017578 0.027941
0 0.487305 0.510294 0.013672 0.026471
0 0.422363 0.590441 0.016602 0.030882
0 0.455566 0.534559 0.016602 0.027941
0 0.423828 0.491912 0.013672 0.025000
0 0.429688 0.524265 0.013672 0.027941
0 0.403320 0.616176 0.017578 0.026471
0 0.471680 0.502941 0.013672 0.023529
0 0.529785 0.491912 0.012695 0.025000
0 0.402344 0.467647 0.011719 0.020588
0 0.440918 0.488235 0.014648 0.023529
0 0.541992 0.530147 0.013672 0.022059
0 0.547363 0.470588 0.012695 0.023529
0 0.685059 0.498529 0.016602 0.026471
0 0.655273 0.481618 0.015625 0.025000
0 0.648926 0.592647 0.016602 0.032353
0 0.620605 0.541176 0.016602 0.029412
0 0.645996 0.534559 0.016602 0.027941
0 0.505859 0.552206 0.013672 0.022059
0 0.581055 0.574265 0.015625 0.030882
0 0.607910 0.602206 0.016602 0.033824
0 0.625000 0.617647 0.017578 0.035294
0 0.548340 0.594118 0.018555 0.035294
0 0.755371 0.644853 0.018555 0.036765
0 0.768066 0.609559 0.018555 0.033824
0 0.684570 0.638971 0.017578 0.025000
0 0.711426 0.619118 0.020508 0.035294
0 0.694824 0.536765 0.016602 0.029412
0 0.751953 0.563971 0.017578 0.030882
0 0.805664 0.557353 0.015625 0.029412
0 0.718750 0.534559 0.015625 0.025000
0 0.756348 0.481618 0.014648 0.025000
0 0.781738 0.591176 0.016602 0.032353
0 0.751465 0.521324 0.014648 0.030882
0 0.797852 0.491912 0.017578 0.030882
0 0.635742 0.505882 0.015625 0.023529
0 0.963379 0.623529 0.020508 0.041176
0 0.869141 0.622794 0.021484 0.036765
0 0.899414 0.584559 0.017578 0.030882
0 0.824219 0.635294 0.017578 0.032353
0 0.828613 0.606618 0.016602 0.030882
0 0.878418 0.550000 0.016602 0.029412
0 0.827637 0.560294 0.016602 0.032353
0 0.938965 0.536765 0.014648 0.023529
0 0.838379 0.516176 0.014648 0.026471
0 0.992188 0.483824 0.013672 0.026471
0 0.991211 0.604412 0.015625 0.032353
0 0.982422 0.561029 0.017578 0.030882
0 0.951660 0.535294 0.014648 0.026471
0 0.915039 0.502941 0.013672 0.023529
0 0.903809 0.521324 0.014648 0.025000
0 0.905273 0.472794 0.013672 0.025000
0 0.866699 0.510294 0.016602 0.026471
0 0.068359 0.548529 0.015625 0.029412
0 0.143066 0.473529 0.014648 0.026471
0 0.123047 0.448529 0.011719 0.023529
0 0.099121 0.457353 0.014648 0.026471
0 0.049316 0.439706 0.012695 0.023529
0 0.250488 0.458088 0.016602 0.025000
0 0.303711 0.475000 0.011719 0.023529
0 0.268066 0.472794 0.016602 0.027941
0 0.284668 0.461029 0.010742 0.019118
0 0.285645 0.441176 0.008789 0.017647
0 0.233887 0.428676 0.010742 0.019118
0 0.181641 0.471324 0.009766 0.019118
0 0.212891 0.451471 0.011719 0.020588
0 0.203125 0.427941 0.011719 0.020588
0 0.176270 0.437500 0.008789 0.019118
0 0.382812 0.444118 0.013672 0.020588
0 0.408203 0.440441 0.013672 0.022059
0 0.417969 0.473529 0.013672 0.023529
0 0.318359 0.439706 0.009766 0.020588
0 0.470703 0.468382 0.011719 0.022059
0 0.452637 0.455882 0.010742 0.017647
0 0.511230 0.472794 0.012695 0.022059
0 0.586914 0.477941 0.013672 0.023529
0 0.489746 0.455882 0.012695 0.020588
0 0.529785 0.435294 0.010742 0.020588
0 0.515137 0.435294 0.010742 0.017647
0 0.501465 0.509559 0.012695 0.022059
0 0.516113 0.511029 0.012695 0.025000
0 0.372070 0.400735 0.013672 0.022059
0 0.335938 0.405147 0.011719 0.019118
0 0.782227 0.467647 0.011719 0.023529
0 0.905762 0.452941 0.014648 0.026471
0 0.831055 0.464706 0.013672 0.023529
0 0.651855 0.464706 0.016602 0.026471
0 0.989746 0.281618 0.010742 0.016176
0 0.680176 0.477206 0.012695 0.022059
0 0.725098 0.465441 0.010742 0.016176
0 0.732422 0.519118 0.013672 0.023529
0 0.851074 0.485294 0.012695 0.023529
0 0.851074 0.581618 0.020508 0.039706
0 0.057617 0.475000 0.011719 0.020588
0 0.159180 0.493382 0.017578 0.027941
0 0.111328 0.532353 0.017578 0.029412
0 0.128418 0.522794 0.014648 0.027941
0 0.937500 0.563971 0.013672 0.027941
0 0.316406 0.596324 0.019531 0.036765
0 0.437500 0.577206 0.015625 0.033824
0 0.409180 0.555882 0.013672 0.026471
0 0.777344 0.538235 0.017578 0.032353
0 0.006836 0.567647 0.013672 0.035294
0 0.193359 0.557353 0.019531 0.038235
