0 0.793945 0.541667 0.019531 0.033854
0 0.838867 0.569010 0.007812 0.015625
0 0.936035 0.571615 0.026367 0.039062
0 0.690430 0.590495 0.050781 0.079427
0 0.659668 0.541667 0.030273 0.049479
0 0.620117 0.518880 0.017578 0.032552
0 0.580566 0.524089 0.018555 0.032552
0 0.490723 0.530599 0.020508 0.037760
0 0.402832 0.532552 0.028320 0.041667
0 0.375000 0.513021 0.019531 0.039062
0 0.073730 0.506510 0.020508 0.031250
0 0.137207 0.526042 0.014648 0.031250
0 0.181152 0.510417 0.014648 0.028646
0 0.154785 0.518229 0.008789 0.015625
0 0.171875 0.520182 0.003906 0.009115
0 0.301270 0.516276 0.018555 0.029948
0 0.263184 0.488932 0.022461 0.048177
