0 0.113770 0.378016 0.028320 0.048257
0 0.200195 0.404155 0.029297 0.046917
0 0.247070 0.416220 0.029297 0.054960
0 0.315918 0.408177 0.028320 0.046917
0 0.370117 0.396783 0.031250 0.053619
0 0.433594 0.390751 0.027344 0.054960
0 0.423340 0.381367 0.024414 0.052279
0 0.130859 0.583110 0.029297 0.050938
0 0.214844 0.583110 0.035156 0.053619
0 0.336426 0.591823 0.030273 0.057641
0 0.447754 0.636729 0.034180 0.042895
0 0.524902 0.374665 0.028320 0.046917
0 0.539062 0.400804 0.031250 0.050938
0 0.541992 0.616622 0.033203 0.053619
0 0.677734 0.597855 0.033203 0.058981
0 0.764648 0.554960 0.035156 0.058981
0 0.631348 0.398794 0.030273 0.054960
0 0.663086 0.401475 0.029297 0.049598
0 0.744629 0.393432 0.028320 0.049598
0 0.844238 0.422252 0.032227 0.056300
0 0.876465 0.415550 0.028320 0.048257
0 0.925293 0.594504 0.036133 0.063003
