0 0.126953 0.182943 0.042969 0.079427
0 0.052246 0.216146 0.018555 0.036458
0 0.008789 0.217448 0.017578 0.044271
0 0.150391 0.220703 0.023438 0.040365
0 0.210938 0.206380 0.015625 0.029948
0 0.248535 0.183594 0.012695 0.033854
0 0.247559 0.322917 0.022461 0.031250
0 0.310059 0.200521 0.014648 0.026042
0 0.366699 0.335938 0.024414 0.106771
0 0.443848 0.097656 0.055664 0.104167
0 0.553223 0.194661 0.010742 0.029948
0 0.619141 0.156901 0.041016 0.061198
0 0.951172 0.250000 0.027344 0.054688
0 0.918945 0.236328 0.011719 0.019531
0 0.770020 0.190104 0.012695 0.018229
0 0.723633 0.206380 0.005859 0.009115
