0 0.046875 0.252604 0.033203 0.036458
0 0.041992 0.292969 0.031250 0.052083
0 0.167480 0.291016 0.032227 0.055990
0 0.047363 0.374349 0.040039 0.061198
0 0.116211 0.443359 0.035156 0.069010
0 0.204590 0.311198 0.028320 0.046875
0 0.205566 0.438802 0.051758 0.085938
0 0.256836 0.371094 0.031250 0.052083
0 0.263184 0.457031 0.047852 0.065104
0 0.036133 0.492188 0.039062 0.072917
0 0.305176 0.507812 0.043945 0.067708
0 0.334473 0.408203 0.030273 0.053385
0 0.373047 0.401042 0.046875 0.075521
0 0.417969 0.299479 0.031250 0.044271
0 0.440430 0.393880 0.052734 0.102865
0 0.458008 0.490885 0.050781 0.096354
0 0.529785 0.432943 0.040039 0.055990
0 0.559570 0.446615 0.039062 0.044271
0 0.586426 0.410807 0.041992 0.061198
0 0.622070 0.496094 0.042969 0.057292
0 0.643066 0.417318 0.038086 0.063802
0 0.698242 0.431641 0.035156 0.053385
0 0.724121 0.486979 0.036133 0.067708
0 0.763184 0.470052 0.032227 0.057292
0 0.824707 0.406901 0.040039 0.069010
0 0.849609 0.412760 0.029297 0.062500
0 0.895996 0.391927 0.036133 0.057292
0 0.890137 0.444010 0.036133 0.057292
0 0.809082 0.501953 0.041992 0.069010
0 0.888672 0.515625 0.042969 0.067708
0 0.928711 0.430339 0.023438 0.042969
0 0.949219 0.510417 0.037109 0.057292
0 0.122559 0.302083 0.036133 0.065104
