0 0.022949 0.143987 0.032227 0.063291
0 0.116211 0.214399 0.025391 0.055380
0 0.138672 0.240506 0.029297 0.060127
0 0.221191 0.189873 0.032227 0.069620
0 0.268555 0.176424 0.039062 0.061709
0 0.298340 0.242089 0.030273 0.066456
0 0.356934 0.222310 0.028320 0.064873
0 0.403320 0.221519 0.031250 0.066456
0 0.478027 0.145570 0.032227 0.060127
0 0.542480 0.189873 0.032227 0.069620
0 0.663086 0.136076 0.033203 0.072785
0 0.593262 0.279272 0.034180 0.071203
0 0.715332 0.206487 0.038086 0.071203
0 0.768066 0.217563 0.040039 0.080696
0 0.843262 0.310918 0.032227 0.061709
0 0.930176 0.331487 0.034180 0.077532
