0 0.353027 0.250363 0.083008 0.146589
0 0.473633 0.525399 0.097656 0.177068
0 0.572266 0.549347 0.011719 0.024673
0 0.719238 0.321480 0.100586 0.181422
0 0.573242 0.215530 0.015625 0.030479
0 0.605469 0.211901 0.015625 0.040639
0 0.558105 0.404209 0.012695 0.030479
0 0.558594 0.285922 0.009766 0.017417
0 0.568848 0.279390 0.008789 0.013062
0 0.900391 0.267779 0.013672 0.021771
0 0.926758 0.240929 0.015625 0.029028
0 0.927246 0.296807 0.022461 0.030479
0 0.901367 0.337446 0.019531 0.044993
0 0.830566 0.368650 0.026367 0.063861
0 0.822266 0.359216 0.005859 0.015965
0 0.825684 0.379536 0.006836 0.015965
0 0.856934 0.357765 0.004883 0.013062
0 0.393555 0.055878 0.087891 0.050798
0 0.478516 0.043541 0.019531 0.029028
0 0.674316 0.161103 0.018555 0.040639
0 0.822754 0.231495 0.008789 0.021771
