0 0.437012 0.377273 0.071289 0.068831
0 0.518555 0.387987 0.070312 0.061688
0 0.233398 0.587987 0.027344 0.025325
0 0.686035 0.594481 0.022461 0.017532
0 0.728516 0.579870 0.023438 0.015584
0 0.708008 0.582468 0.009766 0.007792
0 0.746094 0.575974 0.009766 0.009091
0 0.765137 0.587013 0.024414 0.018182
0 0.783691 0.584091 0.010742 0.008442
0 0.728516 0.610390 0.025391 0.019481
0 0.787109 0.624026 0.027344 0.022078
0 0.804199 0.601623 0.022461 0.017532
0 0.811523 0.580519 0.011719 0.010390
0 0.800781 0.579545 0.007812 0.007143
0 0.826172 0.589286 0.025391 0.020130
0 0.852051 0.581169 0.016602 0.012987
0 0.854004 0.574675 0.014648 0.010390
0 0.881348 0.607468 0.026367 0.020130
0 0.975586 0.588961 0.033203 0.027273
0 0.898926 0.579870 0.012695 0.011688
0 0.882324 0.596429 0.014648 0.012338
0 0.639160 0.486688 0.004883 0.004545
0 0.653809 0.465909 0.004883 0.004545
0 0.687012 0.483117 0.004883 0.003896
0 0.666992 0.483766 0.005859 0.003896
0 0.673340 0.473701 0.004883 0.004545
0 0.702148 0.481818 0.005859 0.005195
0 0.745117 0.472727 0.005859 0.005195
0 0.757812 0.480844 0.005859 0.005844
0 0.775879 0.481169 0.006836 0.005195
0 0.640625 0.510714 0.007812 0.007143
0 0.719238 0.483442 0.006836 0.004545
