0 0.027344 0.953906 0.009766 0.017188
0 0.094727 0.934375 0.009766 0.018750
0 0.172363 0.902344 0.010742 0.020313
0 0.176270 0.858594 0.010742 0.017188
0 0.220703 0.844531 0.011719 0.020313
0 0.237793 0.769531 0.008789 0.017188
0 0.249023 0.764844 0.007812 0.010937
0 0.197266 0.788281 0.007812 0.010937
0 0.173828 0.768750 0.007812 0.015625
0 0.167480 0.764844 0.008789 0.017188
0 0.291016 0.714063 0.007812 0.018750
0 0.031738 0.735156 0.010742 0.014063
0 0.014160 0.738281 0.006836 0.010937
0 0.280762 0.625781 0.010742 0.017188
0 0.283203 0.563281 0.007812 0.017188
0 0.241699 0.497656 0.006836 0.014063
0 0.223633 0.692969 0.007812 0.014063
0 0.175781 0.700000 0.007812 0.012500
0 0.174316 0.592969 0.008789 0.017188
0 0.226074 0.596875 0.006836 0.015625
0 0.101562 0.533594 0.007812 0.014063
0 0.057617 0.532813 0.007812 0.015625
0 0.152344 0.564844 0.007812 0.014063
0 0.129395 0.508594 0.006836 0.010937
0 0.137207 0.508594 0.004883 0.010937
0 0.169434 0.506250 0.006836 0.012500
0 0.181152 0.457031 0.006836 0.014063
0 0.187500 0.453906 0.005859 0.010937
0 0.136230 0.460156 0.006836 0.010937
0 0.209473 0.414062 0.006836 0.012500
0 0.006836 0.404687 0.005859 0.012500
0 0.014648 0.364844 0.005859 0.010937
0 0.090820 0.396094 0.005859 0.010937
0 0.147461 0.400000 0.005859 0.012500
0 0.111328 0.411719 0.005859 0.010937
0 0.182617 0.331250 0.005859 0.012500
0 0.142578 0.361719 0.005859 0.014063
0 0.142090 0.306250 0.006836 0.012500
0 0.107910 0.280469 0.004883 0.007812
0 0.092285 0.251563 0.004883 0.009375
0 0.085938 0.307031 0.005859 0.010937
0 0.056641 0.311719 0.003906 0.007812
0 0.082520 0.337500 0.004883 0.009375
0 0.055664 0.215625 0.003906 0.009375
0 0.059570 0.192188 0.003906 0.009375
0 0.060547 0.184375 0.003906 0.009375
0 0.048340 0.253125 0.004883 0.009375
0 0.017090 0.261719 0.004883 0.010937
0 0.006348 0.256250 0.004883 0.006250
0 0.031738 0.231250 0.004883 0.009375
0 0.389648 0.904687 0.009766 0.012500
0 0.278320 0.980469 0.011719 0.017188
0 0.326660 0.948438 0.008789 0.018750
0 0.280273 0.873437 0.007812 0.015625
0 0.552246 0.963281 0.006836 0.014063
0 0.462402 0.819531 0.010742 0.017188
0 0.439453 0.810937 0.009766 0.012500
0 0.490723 0.791406 0.008789 0.017188
0 0.375488 0.721094 0.008789 0.014063
0 0.417480 0.716406 0.006836 0.014063
0 0.425781 0.639844 0.005859 0.010937
0 0.462402 0.629687 0.006836 0.012500
0 0.365234 0.539844 0.005859 0.010937
0 0.322754 0.550000 0.008789 0.012500
0 0.324707 0.462500 0.006836 0.012500
0 0.341797 0.428906 0.007812 0.014063
0 0.372070 0.429688 0.005859 0.009375
0 0.360352 0.399219 0.005859 0.010937
0 0.316895 0.406250 0.006836 0.012500
0 0.257324 0.416406 0.004883 0.010937
0 0.317383 0.353906 0.005859 0.014063
0 0.255371 0.332813 0.004883 0.009375
0 0.265625 0.334375 0.003906 0.009375
0 0.234375 0.335156 0.003906 0.007812
0 0.225586 0.237500 0.003906 0.009375
0 0.262207 0.226562 0.004883 0.009375
0 0.198730 0.210938 0.004883 0.009375
0 0.204590 0.287500 0.004883 0.006250
0 0.177246 0.288281 0.004883 0.010937
0 0.138672 0.260156 0.003906 0.010937
0 0.275391 0.192188 0.005859 0.006250
0 0.117676 0.241406 0.004883 0.007812
0 0.233398 0.162500 0.003906 0.006250
0 0.227051 0.148438 0.002930 0.006250
0 0.211914 0.153125 0.003906 0.006250
0 0.208496 0.161719 0.002930 0.004687
0 0.213379 0.191406 0.002930 0.007812
0 0.233398 0.223438 0.003906 0.009375
0 0.126465 0.176563 0.004883 0.006250
0 0.106934 0.117969 0.002930 0.004687
0 0.085449 0.170313 0.002930 0.006250
0 0.775391 0.880469 0.011719 0.020313
0 0.709961 0.892188 0.009766 0.018750
0 0.707520 0.776563 0.010742 0.015625
0 0.644043 0.779687 0.010742 0.018750
0 0.748535 0.729688 0.010742 0.018750
0 0.808594 0.694531 0.007812 0.017188
0 0.844727 0.722656 0.009766 0.020313
0 0.860352 0.693750 0.007812 0.012500
0 0.850586 0.667969 0.009766 0.017188
0 0.748535 0.635938 0.010742 0.018750
0 0.707520 0.541406 0.008789 0.017188
0 0.594727 0.697656 0.007812 0.017188
0 0.645996 0.678906 0.006836 0.010937
0 0.622559 0.686719 0.006836 0.014063
0 0.534668 0.593750 0.008789 0.015625
0 0.596680 0.582812 0.005859 0.012500
0 0.497559 0.514844 0.006836 0.014063
0 0.545898 0.515625 0.007812 0.015625
0 0.551758 0.514844 0.003906 0.010937
0 0.488281 0.443750 0.005859 0.012500
0 0.447754 0.446875 0.006836 0.012500
0 0.510742 0.384375 0.005859 0.012500
0 0.475586 0.361719 0.005859 0.010937
0 0.429199 0.438281 0.004883 0.010937
0 0.419434 0.292187 0.006836 0.012500
0 0.408203 0.281250 0.003906 0.006250
0 0.359375 0.367969 0.003906 0.010937
0 0.392090 0.362500 0.004883 0.009375
0 0.400391 0.315625 0.005859 0.012500
0 0.284668 0.284375 0.004883 0.009375
0 0.270020 0.280469 0.006836 0.010937
0 0.975098 0.964844 0.010742 0.020313
0 0.957520 0.673438 0.010742 0.021875
0 0.971680 0.648438 0.007812 0.012500
0 0.902344 0.676562 0.009766 0.018750
0 0.918945 0.555469 0.007812 0.017188
0 0.836426 0.547656 0.006836 0.014063
0 0.892090 0.414062 0.006836 0.012500
0 0.871094 0.512500 0.007812 0.012500
0 0.910645 0.507031 0.006836 0.014063
0 0.888672 0.628125 0.007812 0.015625
0 0.784180 0.565625 0.009766 0.015625
0 0.665039 0.447656 0.007812 0.014063
0 0.714355 0.514062 0.008789 0.015625
0 0.590820 0.312500 0.005859 0.009375
0 0.602051 0.405469 0.004883 0.010937
0 0.575195 0.414062 0.005859 0.012500
0 0.546875 0.363281 0.005859 0.010937
0 0.482910 0.335938 0.004883 0.009375
0 0.889648 0.398438 0.005859 0.012500
0 0.856445 0.403125 0.005859 0.012500
0 0.744141 0.422656 0.005859 0.010937
0 0.759766 0.417969 0.005859 0.010937
0 0.834961 0.432031 0.005859 0.010937
0 0.713867 0.379688 0.007812 0.012500
0 0.698730 0.303906 0.004883 0.010937
0 0.833984 0.310937 0.003906 0.012500
0 0.895996 0.333594 0.004883 0.007812
0 0.987793 0.360156 0.006836 0.010937
0 0.973145 0.306250 0.004883 0.006250
0 0.961914 0.291406 0.005859 0.010937
0 0.949707 0.293750 0.004883 0.009375
0 0.940430 0.286719 0.005859 0.010937
0 0.982422 0.267969 0.005859 0.010937
0 0.843750 0.261719 0.003906 0.007812
0 0.766113 0.271094 0.006836 0.010937
0 0.772461 0.269531 0.005859 0.010937
0 0.746094 0.276562 0.005859 0.009375
0 0.752930 0.290625 0.003906 0.006250
0 0.828125 0.351562 0.005859 0.009375
0 0.915527 0.287500 0.006836 0.009375
0 0.926270 0.278125 0.004883 0.009375
0 0.937012 0.271875 0.004883 0.009375
0 0.681152 0.343750 0.004883 0.009375
0 0.647461 0.351562 0.005859 0.009375
0 0.916016 0.240625 0.005859 0.009375
0 0.878418 0.252344 0.004883 0.010937
0 0.898926 0.163281 0.002930 0.004687
0 0.949219 0.163281 0.003906 0.007812
0 0.955078 0.178906 0.003906 0.007812
0 0.848145 0.189062 0.004883 0.009375
0 0.850586 0.182031 0.003906 0.007812
0 0.825684 0.211719 0.004883 0.007812
0 0.817871 0.221094 0.004883 0.007812
0 0.883301 0.157031 0.002930 0.004687
0 0.828613 0.136719 0.002930 0.007812
0 0.917480 0.113281 0.002930 0.007812
0 0.945801 0.124219 0.002930 0.004687
0 0.943359 0.103906 0.003906 0.007812
0 0.983887 0.093750 0.004883 0.009375
0 0.944824 0.089844 0.004883 0.007812
0 0.957031 0.089063 0.003906 0.006250
0 0.581543 0.289844 0.004883 0.007812
0 0.560059 0.300781 0.004883 0.010937
0 0.521973 0.272656 0.004883 0.007812
0 0.527832 0.225781 0.004883 0.010937
0 0.467773 0.217188 0.003906 0.006250
0 0.481934 0.219531 0.002930 0.007812
0 0.452637 0.221875 0.004883 0.009375
0 0.475586 0.289062 0.003906 0.009375
0 0.368164 0.221875 0.003906 0.006250
0 0.345215 0.166406 0.004883 0.010937
0 0.369141 0.246094 0.003906 0.007812
0 0.402832 0.243750 0.004883 0.009375
0 0.320312 0.216406 0.005859 0.007812
0 0.347656 0.208594 0.003906 0.010937
0 0.276367 0.121094 0.003906 0.007812
0 0.297852 0.194531 0.003906 0.007812
0 0.325684 0.210938 0.002930 0.006250
0 0.319824 0.118750 0.002930 0.006250
0 0.301758 0.125000 0.003906 0.006250
0 0.230469 0.110156 0.003906 0.010937
0 0.237793 0.102344 0.002930 0.004687
0 0.285156 0.174219 0.003906 0.004687
0 0.260254 0.174219 0.004883 0.007812
0 0.128906 0.104688 0.003906 0.006250
0 0.054199 0.104688 0.004883 0.006250
0 0.067383 0.094531 0.001953 0.004687
0 0.500000 0.187500 0.003906 0.009375
0 0.448730 0.164062 0.004883 0.006250
0 0.479004 0.177344 0.004883 0.007812
0 0.594238 0.242969 0.004883 0.007812
0 0.584961 0.195312 0.003906 0.006250
0 0.621094 0.197656 0.003906 0.007812
0 0.586426 0.173437 0.002930 0.006250
0 0.726074 0.293750 0.004883 0.009375
0 0.636230 0.268750 0.004883 0.009375
0 0.663574 0.217969 0.004883 0.007812
0 0.686523 0.240625 0.003906 0.009375
0 0.746582 0.215625 0.004883 0.009375
0 0.706055 0.232813 0.003906 0.009375
0 0.742188 0.204687 0.003906 0.006250
0 0.755371 0.213281 0.004883 0.010937
0 0.647949 0.171875 0.002930 0.006250
0 0.726562 0.132812 0.003906 0.006250
0 0.716797 0.132812 0.003906 0.006250
0 0.748047 0.166406 0.003906 0.007812
0 0.713379 0.078906 0.002930 0.004687
0 0.660156 0.084375 0.001953 0.006250
0 0.640137 0.071875 0.002930 0.006250
0 0.655762 0.042188 0.002930 0.006250
0 0.692871 0.046094 0.002930 0.004687
0 0.676758 0.040625 0.001953 0.006250
0 0.668457 0.032813 0.002930 0.003125
0 0.095703 0.072656 0.003906 0.004687
0 0.109863 0.066406 0.002930 0.004687
0 0.067383 0.082812 0.003906 0.006250
0 0.066895 0.043750 0.002930 0.006250
0 0.070801 0.035937 0.002930 0.003125
0 0.073730 0.043750 0.002930 0.006250
0 0.077148 0.039844 0.001953 0.004687
0 0.126953 0.036719 0.001953 0.004687
0 0.158203 0.029687 0.003906 0.006250
0 0.112793 0.044531 0.002930 0.004687
0 0.051270 0.055469 0.002930 0.004687
0 0.280762 0.091406 0.002930 0.007812
0 0.240723 0.072656 0.004883 0.007812
0 0.212891 0.062500 0.003906 0.006250
0 0.289062 0.048438 0.003906 0.006250
0 0.298828 0.035156 0.003906 0.007812
0 0.602539 0.035937 0.003906 0.006250
0 0.586426 0.038281 0.002930 0.004687
0 0.614258 0.037500 0.003906 0.006250
0 0.610352 0.033594 0.003906 0.007812
0 0.628418 0.046875 0.002930 0.006250
0 0.712891 0.213281 0.005859 0.014063
0 0.538574 0.142969 0.004883 0.010937
0 0.489258 0.137500 0.005859 0.009375
0 0.559570 0.580469 0.007812 0.017188
