0 0.197266 0.215227 0.041016 0.073206
0 0.110840 0.309663 0.008789 0.016105
0 0.137207 0.338946 0.006836 0.013177
0 0.462891 0.233529 0.007812 0.013177
0 0.602051 0.248902 0.006836 0.014641
0 0.605957 0.215227 0.006836 0.011713
0 0.617676 0.216691 0.006836 0.014641
0 0.677246 0.265739 0.028320 0.051245
0 0.782227 0.253294 0.039062 0.076135
0 0.754883 0.237189 0.005859 0.011713
0 0.729004 0.216691 0.004883 0.008785
0 0.708496 0.248170 0.006836 0.013177
0 0.821777 0.241581 0.008789 0.017570
0 0.995605 0.220351 0.008789 0.016105
0 0.976074 0.235725 0.008789 0.014641
0 0.965332 0.222548 0.006836 0.011713
0 0.954102 0.218887 0.005859 0.013177
0 0.938965 0.227672 0.006836 0.010249
0 0.908203 0.229136 0.003906 0.007321
0 0.897461 0.233529 0.005859 0.013177
0 0.865234 0.243045 0.007812 0.014641
0 0.851562 0.243777 0.007812 0.013177
0 0.871582 0.241581 0.004883 0.011713
0 0.880859 0.241581 0.005859 0.011713
0 0.904785 0.242313 0.004883 0.010249
