0 0.005371 0.983113 0.006836 0.013216
0 0.017090 0.988987 0.008789 0.013216
0 0.040039 0.892805 0.007812 0.017621
0 0.032227 0.836270 0.005859 0.013216
0 0.008301 0.794420 0.006836 0.014684
0 0.154785 0.778267 0.006836 0.011747
0 0.507812 0.914831 0.009766 0.017621
0 0.624023 0.800294 0.009766 0.014684
0 0.475098 0.606461 0.008789 0.014684
0 0.321777 0.770191 0.008789 0.016153
0 0.292969 0.679148 0.005859 0.010279
0 0.264160 0.684288 0.006836 0.011747
0 0.262207 0.602790 0.004883 0.007342
0 0.231934 0.606461 0.004883 0.008811
0 0.118652 0.629222 0.006836 0.013216
0 0.032227 0.632159 0.007812 0.013216
0 0.127930 0.483847 0.005859 0.007342
0 0.041016 0.507342 0.005859 0.010279
0 0.020508 0.462555 0.003906 0.005874
0 0.014160 0.502937 0.002930 0.007342
0 0.005371 0.469897 0.002930 0.008811
0 0.261719 0.547724 0.005859 0.008811
0 0.231445 0.447871 0.005859 0.008811
0 0.328125 0.430250 0.003906 0.005874
0 0.333496 0.405286 0.002930 0.005874
0 0.310059 0.384728 0.002930 0.005874
0 0.328613 0.381791 0.002930 0.005874
0 0.104004 0.397210 0.004883 0.007342
0 0.062988 0.406021 0.002930 0.007342
0 0.381836 0.317915 0.005859 0.010279
0 0.490723 0.117474 0.006836 0.011747
0 0.570312 0.306167 0.001953 0.004405
0 0.576172 0.311307 0.001953 0.005874
0 0.590820 0.314978 0.001953 0.004405
0 0.605469 0.312041 0.001953 0.004405
0 0.577148 0.306167 0.001953 0.004405
0 0.760742 0.116006 0.025391 0.041116
0 0.673340 0.314244 0.002930 0.005874
0 0.027344 0.817915 0.007812 0.014684
0 0.303223 0.400881 0.004883 0.008811
