0 0.107422 0.340909 0.013672 0.030792
0 0.069824 0.323314 0.014648 0.030792
0 0.504395 0.381965 0.016602 0.030792
0 0.255371 0.396628 0.012695 0.030792
0 0.526367 0.423754 0.011719 0.020528
0 0.238281 0.105572 0.025391 0.102639
0 0.193359 0.106305 0.033203 0.098240
0 0.158203 0.096041 0.029297 0.092375
0 0.113770 0.101906 0.032227 0.101173
0 0.072266 0.098240 0.033203 0.099707
0 0.795898 0.408358 0.013672 0.027859
0 0.659180 0.376833 0.013672 0.026393
0 0.988281 0.398094 0.013672 0.027859
0 0.924805 0.418622 0.017578 0.030792
0 0.444824 0.561584 0.016602 0.032258
0 0.154297 0.518328 0.013672 0.027859
0 0.720703 0.493402 0.011719 0.024927
