0 0.132324 0.979421 0.008789 0.013720
0 0.062500 0.980183 0.009766 0.012195
0 0.053711 0.969512 0.009766 0.015244
0 0.032715 0.963415 0.008789 0.015244
0 0.072266 0.955793 0.011719 0.018293
0 0.102539 0.910061 0.009766 0.018293
0 0.089844 0.917683 0.007812 0.015244
0 0.060059 0.868140 0.008789 0.016768
0 0.261719 0.945122 0.007812 0.015244
0 0.127930 0.756098 0.005859 0.012195
0 0.085938 0.730183 0.005859 0.012195
0 0.059082 0.743902 0.008789 0.018293
0 0.236328 0.878049 0.005859 0.009146
0 0.250488 0.785823 0.006836 0.013720
0 0.201172 0.791921 0.005859 0.010671
0 0.245117 0.828506 0.005859 0.010671
0 0.133301 0.666921 0.006836 0.016768
0 0.186523 0.591463 0.007812 0.012195
0 0.200195 0.556402 0.005859 0.012195
0 0.152832 0.622713 0.006836 0.010671
0 0.322754 0.734756 0.006836 0.015244
0 0.309082 0.650152 0.006836 0.010671
0 0.199219 0.503811 0.005859 0.010671
0 0.099609 0.496189 0.005859 0.010671
0 0.130859 0.486280 0.003906 0.009146
0 0.144531 0.483994 0.003906 0.007622
0 0.293945 0.483232 0.003906 0.009146
0 0.279785 0.482470 0.002930 0.007622
0 0.265137 0.457317 0.002930 0.006098
0 0.265137 0.474085 0.004883 0.012195
0 0.255859 0.459604 0.003906 0.007622
0 0.311035 0.483994 0.002930 0.007622
0 0.321289 0.467226 0.003906 0.007622
0 0.206055 0.445122 0.003906 0.006098
0 0.222168 0.471037 0.004883 0.009146
0 0.208008 0.463415 0.003906 0.006098
0 0.166016 0.479421 0.003906 0.007622
0 0.151367 0.471037 0.003906 0.006098
0 0.156738 0.510671 0.006836 0.012195
0 0.180664 0.430640 0.005859 0.010671
0 0.208984 0.408537 0.003906 0.006098
0 0.230469 0.440549 0.005859 0.012195
0 0.231934 0.416921 0.004883 0.007622
0 0.167969 0.394055 0.005859 0.010671
0 0.147461 0.395579 0.003906 0.007622
0 0.501953 0.929878 0.009766 0.021341
0 0.485352 0.930640 0.007812 0.016768
0 0.485840 0.855183 0.006836 0.015244
0 0.614258 0.974848 0.005859 0.010671
0 0.582520 0.849085 0.008789 0.015244
0 0.507324 0.769817 0.008789 0.015244
0 0.417480 0.736280 0.006836 0.015244
0 0.358887 0.362043 0.004883 0.007622
0 0.377930 0.378811 0.003906 0.007622
0 0.381836 0.343750 0.003906 0.007622
0 0.354004 0.325457 0.002930 0.004573
0 0.334473 0.379573 0.002930 0.006098
0 0.336426 0.325457 0.004883 0.007622
0 0.308105 0.358232 0.002930 0.006098
0 0.285645 0.369665 0.004883 0.007622
0 0.291992 0.325457 0.003906 0.007622
0 0.184570 0.319360 0.003906 0.007622
0 0.191895 0.314787 0.004883 0.010671
0 0.174316 0.304878 0.004883 0.012195
0 0.146973 0.340701 0.004883 0.010671
0 0.163086 0.291921 0.003906 0.007622
0 0.183105 0.287348 0.004883 0.010671
0 0.656738 0.904726 0.006836 0.013720
0 0.539062 0.856707 0.005859 0.012195
0 0.822266 0.840701 0.007812 0.016768
0 0.775879 0.839177 0.006836 0.010671
0 0.887207 0.732470 0.006836 0.013720
