0 0.026367 0.901235 0.033203 0.074074
0 0.282227 0.683128 0.023438 0.041152
0 0.252441 0.619342 0.020508 0.039781
0 0.283691 0.611111 0.022461 0.037037
0 0.319336 0.578189 0.019531 0.045267
0 0.183105 0.499314 0.016602 0.024691
0 0.187500 0.483539 0.009766 0.020576
0 0.372070 0.532236 0.015625 0.024691
0 0.393555 0.521262 0.017578 0.024691
0 0.628906 0.679698 0.025391 0.042524
0 0.534668 0.620027 0.020508 0.035665
0 0.600586 0.543896 0.017578 0.028807
0 0.610352 0.512346 0.017578 0.028807
0 0.946777 0.842936 0.030273 0.058985
0 0.859375 0.620713 0.019531 0.042524
0 0.974609 0.527435 0.017578 0.026063
0 0.824219 0.517147 0.019531 0.032922
0 0.462402 0.292181 0.016602 0.030178
0 0.595703 0.290809 0.005859 0.010974
0 0.911133 0.255830 0.011719 0.020576
