0 0.016113 0.833333 0.010742 0.020833
0 0.046387 0.829427 0.008789 0.015625
0 0.054688 0.829427 0.009766 0.015625
0 0.123047 0.809896 0.007812 0.015625
0 0.158691 0.822917 0.008789 0.013021
0 0.199219 0.792969 0.009766 0.013021
0 0.235352 0.795573 0.007812 0.010417
0 0.334473 0.751953 0.008789 0.014323
0 0.425293 0.819661 0.008789 0.019531
0 0.441406 0.836589 0.013672 0.022135
0 0.484863 0.817708 0.012695 0.023438
0 0.469727 0.804036 0.009766 0.016927
0 0.556152 0.815755 0.008789 0.019531
0 0.552246 0.815104 0.008789 0.020833
0 0.604492 0.763021 0.007812 0.013021
0 0.598145 0.764323 0.004883 0.010417
0 0.623535 0.771484 0.006836 0.011719
0 0.642578 0.757812 0.007812 0.013021
0 0.642578 0.738932 0.005859 0.011719
0 0.657227 0.730469 0.007812 0.015625
0 0.675293 0.693359 0.006836 0.009115
0 0.694824 0.678385 0.006836 0.010417
0 0.716309 0.705078 0.004883 0.011719
0 0.735352 0.707682 0.005859 0.009115
0 0.729980 0.702474 0.006836 0.011719
0 0.724609 0.740234 0.007812 0.009115
0 0.747070 0.703125 0.005859 0.013021
0 0.464355 0.716146 0.004883 0.010417
0 0.453125 0.725260 0.003906 0.007812
0 0.485840 0.723307 0.004883 0.011719
0 0.489258 0.718750 0.003906 0.007812
0 0.509766 0.718750 0.005859 0.007812
0 0.521484 0.718750 0.003906 0.007812
0 0.525879 0.712891 0.004883 0.011719
0 0.439941 0.738932 0.004883 0.009115
0 0.432129 0.714844 0.004883 0.013021
0 0.440918 0.714193 0.006836 0.011719
0 0.437012 0.700521 0.004883 0.010417
0 0.453125 0.695964 0.003906 0.006510
0 0.459961 0.696615 0.003906 0.007812
0 0.470215 0.755859 0.004883 0.009115
0 0.918945 0.810547 0.009766 0.016927
0 0.870117 0.419922 0.007812 0.014323
0 0.829590 0.406250 0.006836 0.013021
0 0.817871 0.402995 0.006836 0.011719
0 0.827637 0.542318 0.006836 0.011719
0 0.818848 0.542969 0.006836 0.013021
0 0.390625 0.815755 0.013672 0.022135
0 0.311035 0.809896 0.010742 0.018229
0 0.352051 0.740885 0.006836 0.013021
0 0.593262 0.791667 0.010742 0.018229
0 0.596680 0.730469 0.007812 0.013021
0 0.632324 0.753906 0.006836 0.010417
