0 0.126953 0.647256 0.019531 0.060241
0 0.163574 0.609103 0.024414 0.050870
0 0.256348 0.600402 0.030273 0.044177
0 0.042969 0.572959 0.023438 0.037483
0 0.210938 0.559572 0.021484 0.042838
0 0.375977 0.609772 0.031250 0.049531
0 0.559082 0.648594 0.045898 0.081660
0 0.418945 0.710843 0.035156 0.080321
0 0.439453 0.639224 0.046875 0.070950
0 0.467773 0.590361 0.017578 0.032129
0 0.427734 0.581660 0.021484 0.036145
0 0.520020 0.552878 0.018555 0.042838
0 0.608887 0.567604 0.016602 0.032129
0 0.061523 0.679384 0.031250 0.078983
0 0.082031 0.614458 0.023438 0.048193
0 0.818848 0.600402 0.020508 0.036145
0 0.873535 0.634538 0.043945 0.066934
0 0.685059 0.546185 0.014648 0.029451
0 0.659668 0.551539 0.018555 0.026774
0 0.849121 0.534137 0.016602 0.032129
0 0.975098 0.566934 0.014648 0.036145
0 0.993164 0.584337 0.013672 0.052209
0 0.892090 0.528112 0.016602 0.028112
0 0.807617 0.542169 0.017578 0.037483
0 0.761230 0.524096 0.022461 0.046854
0 0.461914 0.560910 0.021484 0.040161
0 0.482910 0.416332 0.012695 0.024096
