0 0.312012 0.408492 0.006836 0.011713
0 0.242188 0.409956 0.003906 0.005857
0 0.173828 0.595900 0.007812 0.011713
0 0.386719 0.610542 0.005859 0.011713
0 0.281738 0.603221 0.006836 0.011713
0 0.312012 0.585652 0.004883 0.008785
0 0.813965 0.298682 0.008789 0.011713
0 0.699219 0.826501 0.011719 0.036603
0 0.628906 0.859444 0.015625 0.043924
0 0.845703 0.863104 0.029297 0.083455
0 0.737793 0.821376 0.018555 0.043924
0 0.920898 0.823572 0.027344 0.071742
0 0.898926 0.963397 0.038086 0.073206
0 0.559082 0.785505 0.006836 0.013177
0 0.564453 0.793558 0.007812 0.017570
0 0.616699 0.784041 0.006836 0.016105
0 0.606445 0.775988 0.007812 0.017570
0 0.874512 0.761347 0.010742 0.017570
0 0.843750 0.766471 0.009766 0.024890
0 0.895020 0.767204 0.008789 0.020498
0 0.906250 0.769400 0.009766 0.019034
0 0.502930 0.766471 0.005859 0.016105
0 0.497559 0.823572 0.010742 0.021962
0 0.937012 0.751098 0.010742 0.020498
0 0.801758 0.782577 0.013672 0.024890
0 0.730469 0.792826 0.009766 0.019034
0 0.575195 0.767204 0.009766 0.017570
0 0.556152 0.765739 0.006836 0.014641
