0 0.616211 0.162566 0.042969 0.066784
0 0.722168 0.157293 0.059570 0.075571
0 0.836426 0.100615 0.047852 0.074692
0 0.661621 0.406415 0.057617 0.074692
0 0.859375 0.460896 0.042969 0.069420
0 0.320312 0.376538 0.009766 0.013181
0 0.366211 0.364675 0.011719 0.015817
0 0.421387 0.378735 0.010742 0.014060
0 0.194824 0.376977 0.010742 0.012302
0 0.466309 0.481547 0.038086 0.073814
0 0.543457 0.590949 0.049805 0.057118
0 0.572266 0.601933 0.025391 0.038664
0 0.756836 0.567223 0.029297 0.036028
0 0.819336 0.583480 0.048828 0.050967
0 0.812500 0.534710 0.029297 0.027241
0 0.615234 0.793058 0.062500 0.072935
0 0.762207 0.732425 0.065430 0.078207
0 0.901367 0.795255 0.044922 0.050967
0 0.214355 0.674429 0.022461 0.027241
0 0.210938 0.681459 0.011719 0.020211
0 0.405273 0.681898 0.017578 0.021090
0 0.993164 0.838313 0.013672 0.042179
0 0.838379 0.543497 0.018555 0.025483
