0 0.420898 0.485359 0.003906 0.007321
0 0.424805 0.479502 0.003906 0.007321
0 0.411133 0.476574 0.003906 0.007321
0 0.412598 0.489019 0.002930 0.005857
0 0.410645 0.482430 0.002930 0.007321
0 0.324707 0.658126 0.010742 0.021962
0 0.350098 0.634700 0.008789 0.019034
0 0.363281 0.638360 0.009766 0.020498
0 0.400879 0.642753 0.008789 0.017570
0 0.385254 0.626647 0.008789 0.017570
0 0.338867 0.581259 0.009766 0.020498
0 0.339844 0.538067 0.007812 0.016105
0 0.359375 0.568814 0.011719 0.013177
0 0.350586 0.538067 0.005859 0.016105
0 0.357422 0.544656 0.005859 0.014641
0 0.363770 0.549048 0.004883 0.011713
0 0.371094 0.547584 0.007812 0.017570
0 0.376465 0.554173 0.006836 0.013177
0 0.385254 0.546852 0.008789 0.019034
0 0.345215 0.511713 0.004883 0.010249
0 0.394043 0.510249 0.004883 0.010249
0 0.374512 0.507321 0.006836 0.013177
0 0.379395 0.493411 0.004883 0.008785
0 0.375000 0.478038 0.003906 0.007321
0 0.396484 0.494143 0.003906 0.007321
0 0.397461 0.486091 0.003906 0.008785
0 0.395508 0.478038 0.003906 0.007321
0 0.475098 0.625915 0.004883 0.010249
0 0.490234 0.625915 0.005859 0.013177
0 0.417480 0.615666 0.004883 0.010249
0 0.500000 0.639824 0.005859 0.014641
0 0.500977 0.624451 0.005859 0.013177
0 0.480957 0.638360 0.004883 0.011713
0 0.472656 0.642020 0.003906 0.010249
0 0.560547 0.507321 0.003906 0.007321
0 0.564453 0.563690 0.005859 0.008785
0 0.570312 0.578331 0.005859 0.011713
0 0.575195 0.579795 0.005859 0.011713
0 0.587402 0.606881 0.006836 0.013177
0 0.609863 0.553441 0.008789 0.014641
0 0.588867 0.540996 0.003906 0.007321
0 0.566406 0.528551 0.003906 0.008785
0 0.568359 0.519766 0.003906 0.008785
0 0.626953 0.538799 0.003906 0.008785
0 0.631836 0.554905 0.003906 0.008785
0 0.621094 0.574671 0.003906 0.010249
0 0.631348 0.578331 0.004883 0.008785
0 0.636719 0.575403 0.003906 0.008785
0 0.635254 0.590776 0.004883 0.010249
0 0.640625 0.597365 0.003906 0.008785
0 0.648926 0.596633 0.004883 0.010249
0 0.651367 0.586384 0.003906 0.010249
0 0.649414 0.576135 0.003906 0.007321
0 0.645996 0.586384 0.004883 0.010249
0 0.564941 0.643485 0.006836 0.013177
0 0.572266 0.647877 0.005859 0.013177
0 0.578125 0.648609 0.005859 0.011713
0 0.583984 0.658126 0.005859 0.010249
0 0.583496 0.637628 0.004883 0.010249
0 0.586914 0.647877 0.005859 0.010249
0 0.591797 0.637628 0.005859 0.010249
0 0.596680 0.647877 0.005859 0.010249
0 0.564941 0.624451 0.004883 0.010249
0 0.610840 0.647877 0.004883 0.010249
0 0.612305 0.636896 0.003906 0.008785
0 0.623535 0.647877 0.004883 0.010249
0 0.625488 0.632504 0.004883 0.008785
0 0.633301 0.644217 0.004883 0.008785
0 0.630859 0.632504 0.003906 0.008785
0 0.638184 0.639824 0.004883 0.008785
0 0.645508 0.642020 0.005859 0.010249
0 0.634277 0.623719 0.002930 0.005857
0 0.638672 0.622987 0.003906 0.007321
0 0.582031 0.570278 0.005859 0.007321
0 0.573730 0.565886 0.004883 0.007321
0 0.582520 0.579063 0.004883 0.007321
0 0.585938 0.590776 0.005859 0.010249
0 0.662109 0.584919 0.005859 0.013177
0 0.658203 0.581991 0.005859 0.010249
0 0.732422 0.627379 0.003906 0.007321
0 0.737305 0.629575 0.003906 0.008785
0 0.738281 0.579795 0.003906 0.008785
0 0.735840 0.642753 0.004883 0.005857
0 0.720703 0.631040 0.003906 0.008785
0 0.798828 0.535871 0.009766 0.052709
0 0.398438 0.464129 0.003906 0.008785
0 0.406250 0.462665 0.003906 0.008785
0 0.412598 0.465593 0.004883 0.008785
0 0.377441 0.435578 0.004883 0.010249
0 0.372070 0.413616 0.003906 0.007321
0 0.380371 0.484627 0.004883 0.008785
0 0.456055 0.483163 0.009766 0.023426
0 0.340820 0.491215 0.003906 0.007321
0 0.341309 0.495608 0.004883 0.007321
0 0.666504 0.561493 0.006836 0.013177
0 0.736328 0.259883 0.003906 0.007321
0 0.758789 0.518302 0.011719 0.023426
0 0.593262 0.581991 0.004883 0.010249
0 0.611328 0.539531 0.003906 0.007321
0 0.312500 0.514641 0.005859 0.010249
0 0.137207 0.484627 0.018555 0.029283
0 0.207520 0.519766 0.014648 0.026354
0 0.270020 0.498536 0.010742 0.024890
0 0.306152 0.532211 0.012695 0.024890
0 0.279297 0.530015 0.007812 0.020498
0 0.322754 0.558565 0.008789 0.019034
0 0.325195 0.542460 0.011719 0.021962
0 0.243652 0.518302 0.006836 0.014641
0 0.448730 0.494143 0.014648 0.027818
0 0.518555 0.504392 0.013672 0.030747
0 0.474121 0.551245 0.006836 0.016105
0 0.479492 0.579795 0.005859 0.011713
0 0.488770 0.552709 0.006836 0.016105
0 0.499023 0.560029 0.007812 0.016105
0 0.484863 0.525622 0.004883 0.008785
0 0.491211 0.527818 0.003906 0.007321
0 0.496094 0.521962 0.003906 0.007321
0 0.508789 0.520498 0.003906 0.007321
0 0.512695 0.524890 0.003906 0.007321
0 0.510742 0.538067 0.003906 0.007321
0 0.501465 0.553441 0.006836 0.011713
0 0.505371 0.527818 0.004883 0.007321
