0 0.662598 0.447404 0.036133 0.061475
0 0.190918 0.308743 0.020508 0.051913
0 0.883301 0.141393 0.022461 0.042350
0 0.943359 0.124317 0.021484 0.038251
0 0.767578 0.121585 0.021484 0.040984
0 0.818848 0.060109 0.022461 0.043716
0 0.915039 0.065574 0.021484 0.043716
0 0.884766 0.042350 0.021484 0.040984
0 0.975098 0.048497 0.020508 0.039617
0 0.756348 0.103142 0.016602 0.031421
0 0.746094 0.077186 0.019531 0.039617
0 0.715820 0.068989 0.025391 0.034153
0 0.933594 0.021175 0.017578 0.031421
0 0.841797 0.019809 0.025391 0.036885
0 0.733398 0.017077 0.023438 0.023224
0 0.664551 0.075820 0.022461 0.045082
0 0.641113 0.066940 0.022461 0.043716
0 0.610840 0.120902 0.024414 0.034153
0 0.572266 0.060109 0.021484 0.032787
0 0.503906 0.083333 0.019531 0.040984
0 0.474121 0.027322 0.022461 0.038251
0 0.462402 0.070355 0.018555 0.028689
0 0.436035 0.045082 0.022461 0.040984
0 0.399902 0.103825 0.024414 0.038251
0 0.382324 0.017077 0.022461 0.034153
0 0.353516 0.105874 0.023438 0.042350
0 0.302246 0.077869 0.022461 0.040984
0 0.263672 0.048497 0.021484 0.039617
0 0.345703 0.012295 0.021484 0.024590
0 0.223633 0.121585 0.021484 0.032787
0 0.174805 0.081284 0.021484 0.034153
0 0.189941 0.030055 0.020508 0.038251
0 0.146973 0.038251 0.024414 0.043716
0 0.104980 0.075137 0.020508 0.038251
0 0.084961 0.102459 0.023438 0.038251
0 0.038574 0.054645 0.022461 0.040984
0 0.086426 0.020492 0.024414 0.021858
0 0.995605 0.161885 0.008789 0.036885
0 0.109375 0.008197 0.017578 0.016393
