0 0.030273 0.125183 0.037109 0.043924
0 0.082520 0.166179 0.041992 0.039531
0 0.329102 0.122987 0.095703 0.095168
0 0.090332 0.275256 0.069336 0.064422
0 0.525391 0.282211 0.068359 0.062225
0 0.632812 0.210102 0.089844 0.087848
0 0.427734 0.090776 0.042969 0.062958
0 0.475098 0.102123 0.047852 0.046120
0 0.532715 0.064422 0.055664 0.067350
0 0.657715 0.058931 0.055664 0.060761
0 0.782715 0.101757 0.051758 0.058565
0 0.868652 0.098829 0.059570 0.065886
0 0.915039 0.153367 0.054688 0.050512
0 0.974609 0.100659 0.050781 0.068082
0 0.025391 0.188141 0.033203 0.036603
