0 0.078613 0.200108 0.073242 0.105206
0 0.153320 0.118221 0.027344 0.045553
0 0.205566 0.136117 0.026367 0.037961
0 0.262695 0.112256 0.025391 0.035792
0 0.292969 0.079176 0.023438 0.039046
0 0.318359 0.092733 0.027344 0.042299
0 0.252930 0.285249 0.083984 0.143167
0 0.346191 0.187636 0.034180 0.049892
0 0.377930 0.137744 0.031250 0.045553
0 0.407227 0.103579 0.023438 0.035792
0 0.421875 0.114425 0.027344 0.037961
0 0.849121 0.143167 0.100586 0.149675
0 0.521484 0.141540 0.058594 0.085683
0 0.448730 0.101952 0.028320 0.039046
0 0.470703 0.106291 0.023438 0.034707
0 0.550293 0.109002 0.022461 0.035792
0 0.587891 0.084056 0.027344 0.037961
0 0.585938 0.126898 0.029297 0.041215
0 0.673340 0.141540 0.036133 0.055315
0 0.683594 0.095445 0.029297 0.047722
0 0.755859 0.126898 0.031250 0.039046
0 0.746582 0.168113 0.032227 0.043384
0 0.940430 0.131236 0.042969 0.045553
0 0.900879 0.200108 0.043945 0.061822
0 0.985352 0.188720 0.029297 0.054230
0 0.994629 0.139371 0.010742 0.031453
