0 0.215820 0.138672 0.009766 0.014323
0 0.320312 0.197266 0.007812 0.014323
0 0.273926 0.207031 0.008789 0.013021
0 0.397949 0.231771 0.020508 0.036458
0 0.394043 0.149089 0.010742 0.022135
0 0.151367 0.202474 0.009766 0.014323
0 0.471191 0.236328 0.024414 0.042969
0 0.520020 0.240234 0.018555 0.042969
0 0.415039 0.169271 0.009766 0.018229
0 0.455566 0.189453 0.008789 0.016927
0 0.415039 0.192057 0.011719 0.016927
0 0.450684 0.203125 0.014648 0.026042
0 0.645996 0.200521 0.006836 0.013021
0 0.731445 0.193359 0.017578 0.027344
0 0.763672 0.226562 0.021484 0.036458
0 0.701172 0.195964 0.007812 0.014323
0 0.994629 0.197266 0.006836 0.011719
0 0.977539 0.126302 0.011719 0.018229
0 0.993164 0.164062 0.013672 0.023438
0 0.312012 0.139323 0.014648 0.018229
0 0.273438 0.809245 0.009766 0.014323
0 0.270020 0.901693 0.012695 0.019531
0 0.189453 0.598958 0.007812 0.015625
0 0.582031 0.134766 0.007812 0.014323
0 0.596680 0.182292 0.007812 0.010417
0 0.211914 0.185547 0.015625 0.019531
0 0.021973 0.231771 0.020508 0.031250
0 0.035645 0.171875 0.010742 0.018229
0 0.090820 0.153646 0.009766 0.015625
0 0.173828 0.201823 0.017578 0.023438
0 0.107910 0.170573 0.014648 0.020833
0 0.157715 0.759766 0.008789 0.011719
0 0.178711 0.809245 0.009766 0.014323
0 0.033691 0.789714 0.010742 0.022135
0 0.042480 0.843099 0.010742 0.014323
0 0.043945 0.900391 0.009766 0.016927
0 0.111328 0.958333 0.013672 0.018229
0 0.239746 0.855469 0.010742 0.013021
0 0.365234 0.819661 0.011719 0.016927
0 0.340820 0.856771 0.011719 0.013021
0 0.327637 0.933594 0.008789 0.015625
0 0.352539 0.983724 0.015625 0.016927
0 0.436523 0.944010 0.015625 0.018229
0 0.448730 0.860677 0.010742 0.013021
0 0.535645 0.801432 0.010742 0.014323
0 0.511230 0.873698 0.008789 0.018229
0 0.561035 0.926432 0.012695 0.016927
0 0.653809 0.839844 0.010742 0.015625
0 0.615234 0.800781 0.007812 0.015625
0 0.724121 0.815104 0.008789 0.015625
0 0.763672 0.854167 0.011719 0.018229
0 0.764648 0.912760 0.013672 0.018229
0 0.808594 0.828776 0.011719 0.022135
0 0.728516 0.964844 0.015625 0.023438
0 0.818848 0.744141 0.010742 0.014323
0 0.895996 0.789062 0.012695 0.018229
0 0.948242 0.746094 0.011719 0.018229
0 0.847168 0.229818 0.020508 0.040365
0 0.898926 0.238281 0.018555 0.041667
0 0.932617 0.194010 0.021484 0.033854
0 0.856445 0.163411 0.015625 0.022135
0 0.799805 0.194010 0.013672 0.026042
0 0.713867 0.141276 0.011719 0.022135
0 0.749023 0.139974 0.007812 0.014323
0 0.763184 0.145182 0.008789 0.019531
0 0.783203 0.163411 0.009766 0.019531
0 0.466797 0.151042 0.009766 0.020833
0 0.481445 0.169271 0.011719 0.015625
0 0.522461 0.147786 0.007812 0.016927
0 0.357422 0.205078 0.009766 0.014323
0 0.354492 0.148438 0.009766 0.018229
0 0.374023 0.195964 0.021484 0.029948
0 0.050293 0.199870 0.014648 0.029948
0 0.233887 0.177734 0.016602 0.027344
0 0.016113 0.151042 0.012695 0.023438
0 0.357422 0.172526 0.015625 0.024740
