0 0.056152 0.400000 0.008789 0.038356
0 0.147949 0.369863 0.008789 0.032877
0 0.173340 0.391781 0.008789 0.027397
0 0.199219 0.394521 0.007812 0.032877
0 0.231934 0.387671 0.008789 0.030137
0 0.132324 0.521918 0.012695 0.063014
0 0.258789 0.397260 0.007812 0.032877
0 0.289062 0.398630 0.007812 0.030137
0 0.314453 0.406849 0.005859 0.030137
0 0.336426 0.406849 0.006836 0.035616
0 0.367188 0.395890 0.007812 0.030137
0 0.352539 0.441096 0.005859 0.027397
0 0.472168 0.387671 0.008789 0.030137
0 0.488770 0.387671 0.008789 0.035616
0 0.501465 0.382192 0.006836 0.035616
0 0.571289 0.372603 0.009766 0.038356
0 0.606934 0.379452 0.008789 0.030137
0 0.648438 0.391781 0.007812 0.032877
0 0.685547 0.379452 0.009766 0.030137
0 0.716797 0.376712 0.009766 0.035616
0 0.758789 0.356164 0.009766 0.038356
0 0.795410 0.371233 0.008789 0.035616
0 0.824707 0.376712 0.008789 0.035616
0 0.857422 0.375342 0.007812 0.038356
0 0.855469 0.513699 0.013672 0.052055
0 0.888672 0.532877 0.015625 0.063014
0 0.975586 0.484932 0.015625 0.054795
