0 0.509766 0.465066 0.042969 0.085881
0 0.372070 0.489811 0.035156 0.068413
0 0.392090 0.380640 0.040039 0.085881
0 0.422852 0.343523 0.017578 0.061135
0 0.453613 0.326055 0.026367 0.061135
0 0.470215 0.301310 0.016602 0.040757
0 0.489258 0.286754 0.013672 0.040757
0 0.057129 0.470888 0.043945 0.080058
0 0.099121 0.369723 0.041992 0.078603
0 0.141602 0.359534 0.033203 0.064047
0 0.163086 0.350073 0.027344 0.056769
0 0.215820 0.324600 0.037109 0.061135
0 0.236816 0.304221 0.020508 0.043668
0 0.261719 0.294032 0.025391 0.052402
0 0.291504 0.271470 0.026367 0.048035
0 0.319336 0.253275 0.025391 0.046579
0 0.348145 0.244541 0.020508 0.046579
0 0.365723 0.215429 0.012695 0.029112
0 0.376465 0.185590 0.014648 0.030568
0 0.262695 0.168850 0.021484 0.026201
0 0.199707 0.211063 0.018555 0.040757
0 0.506836 0.175400 0.015625 0.030568
0 0.550781 0.161572 0.021484 0.037846
0 0.513184 0.253275 0.010742 0.032023
0 0.391602 0.074236 0.015625 0.026201
0 0.295898 0.152111 0.015625 0.027656
0 0.014648 0.280932 0.029297 0.061135
0 0.085938 0.280932 0.021484 0.040757
0 0.123535 0.254731 0.028320 0.052402
0 0.139648 0.252547 0.015625 0.036390
0 0.175293 0.219068 0.022461 0.045124
0 0.051270 0.163755 0.020508 0.036390
0 0.313477 0.152838 0.013672 0.026201
0 0.325195 0.149199 0.013672 0.027656
0 0.342285 0.141921 0.012695 0.024745
0 0.354004 0.136827 0.010742 0.026201
0 0.458496 0.090975 0.014648 0.027656
0 0.444336 0.143377 0.009766 0.021834
0 0.429688 0.147016 0.009766 0.017467
0 0.398438 0.074964 0.009766 0.027656
0 0.416992 0.080058 0.009766 0.023290
0 0.035645 0.077147 0.010742 0.017467
0 0.045898 0.087336 0.011719 0.020378
0 0.062500 0.080058 0.009766 0.017467
0 0.100586 0.080786 0.009766 0.016012
0 0.115234 0.077147 0.007812 0.014556
0 0.131348 0.073508 0.010742 0.018923
0 0.319336 0.082969 0.007812 0.011645
0 0.248047 0.043668 0.009766 0.011645
0 0.271973 0.056041 0.006836 0.018923
0 0.233398 0.058952 0.007812 0.013100
0 0.224121 0.056041 0.006836 0.013100
0 0.217285 0.057496 0.006836 0.013100
0 0.177246 0.066958 0.008789 0.014556
0 0.157227 0.074236 0.005859 0.014556
0 0.187500 0.057496 0.005859 0.016012
0 0.345215 0.077875 0.008789 0.018923
0 0.428711 0.053130 0.009766 0.016012
0 0.439453 0.053857 0.009766 0.014556
0 0.472656 0.086608 0.007812 0.016012
0 0.480957 0.080058 0.008789 0.020378
0 0.495605 0.063319 0.006836 0.010189
0 0.522949 0.163755 0.008789 0.016012
0 0.589355 0.196507 0.016602 0.023290
0 0.539062 0.096798 0.009766 0.018923
0 0.725098 0.188501 0.016602 0.027656
0 0.674316 0.102620 0.010742 0.027656
0 0.757812 0.065502 0.009766 0.017467
0 0.951172 0.388646 0.033203 0.066958
