0 0.147461 0.798825 0.072266 0.099853
0 0.191895 0.679148 0.051758 0.083700
0 0.040527 0.559471 0.034180 0.046990
0 0.087402 0.530837 0.022461 0.042584
0 0.239258 0.599119 0.029297 0.055800
0 0.275391 0.550661 0.027344 0.046990
0 0.292480 0.494126 0.022461 0.042584
0 0.196289 0.436123 0.021484 0.041116
0 0.140137 0.489721 0.020508 0.033774
0 0.077637 0.430250 0.020508 0.032305
0 0.010254 0.455213 0.014648 0.035242
0 0.455078 0.729809 0.033203 0.061674
0 0.642090 0.610132 0.022461 0.048458
0 0.420898 0.590308 0.042969 0.064611
0 0.449219 0.543319 0.017578 0.035242
0 0.591797 0.494860 0.025391 0.032305
0 0.611328 0.547724 0.029297 0.041116
0 0.461914 0.498532 0.013672 0.030837
0 0.826172 0.637298 0.019531 0.038179
0 0.758301 0.570485 0.028320 0.045521
0 0.722168 0.507342 0.026367 0.030837
0 0.128418 0.402349 0.018555 0.035242
0 0.165039 0.398678 0.013672 0.022026
0 0.231445 0.422907 0.023438 0.029369
0 0.318848 0.458884 0.020508 0.030837
0 0.259277 0.401615 0.020508 0.030837
0 0.304688 0.377386 0.013672 0.026432
0 0.209473 0.363436 0.018555 0.027900
0 0.245605 0.356094 0.010742 0.019090
0 0.288574 0.350220 0.008789 0.019090
0 0.353516 0.444934 0.015625 0.032305
0 0.482422 0.458150 0.015625 0.026432
0 0.498535 0.428781 0.016602 0.035242
0 0.500000 0.353891 0.009766 0.023495
0 0.411133 0.388399 0.015625 0.033774
0 0.384277 0.415565 0.014648 0.029369
0 0.341797 0.362702 0.015625 0.029369
0 0.398438 0.317915 0.009766 0.019090
0 0.441895 0.334068 0.010742 0.019090
0 0.568359 0.374449 0.011719 0.026432
0 0.644531 0.398678 0.013672 0.030837
0 0.590332 0.346549 0.012695 0.023495
0 0.623535 0.347283 0.012695 0.022026
0 0.419922 0.303231 0.011719 0.019090
0 0.448730 0.305433 0.010742 0.020558
0 0.465332 0.332599 0.010742 0.019090
0 0.490723 0.319383 0.014648 0.022026
0 0.520020 0.311307 0.010742 0.023495
0 0.555664 0.341410 0.009766 0.022026
0 0.594727 0.458150 0.017578 0.035242
0 0.663574 0.374449 0.014648 0.026432
0 0.633789 0.309838 0.009766 0.020558
0 0.657227 0.307636 0.009766 0.019090
0 0.549805 0.299559 0.009766 0.020558
0 0.571289 0.281938 0.009766 0.020558
0 0.476074 0.291483 0.008789 0.019090
0 0.497559 0.300294 0.006836 0.016153
0 0.604980 0.321586 0.008789 0.017621
0 0.598145 0.296623 0.008789 0.017621
0 0.575195 0.300294 0.009766 0.013216
0 0.623047 0.272394 0.009766 0.016153
0 0.650391 0.286344 0.009766 0.014684
0 0.686035 0.328194 0.010742 0.016153
0 0.678711 0.279001 0.009766 0.017621
0 0.695801 0.298825 0.006836 0.022026
0 0.713867 0.300294 0.007812 0.013216
0 0.718262 0.323054 0.008789 0.020558
0 0.713867 0.348752 0.013672 0.024963
0 0.743652 0.346549 0.008789 0.023495
0 0.749023 0.312775 0.007812 0.017621
0 0.741211 0.290749 0.009766 0.017621
0 0.751465 0.262849 0.008789 0.014684
0 0.780762 0.256241 0.008789 0.013216
0 0.792480 0.303231 0.008789 0.019090
0 0.774902 0.331865 0.010742 0.020558
0 0.779785 0.378855 0.008789 0.020558
0 0.806641 0.362702 0.009766 0.026432
0 0.807617 0.331865 0.007812 0.020558
0 0.795410 0.273862 0.008789 0.016153
0 0.806641 0.256975 0.009766 0.017621
0 0.036133 0.186490 0.013672 0.020558
0 0.033691 0.226872 0.014648 0.024963
0 0.020020 0.285609 0.014648 0.019090
0 0.084961 0.274596 0.015625 0.020558
0 0.145020 0.273128 0.012695 0.017621
0 0.070312 0.227606 0.013672 0.020558
0 0.107422 0.222467 0.013672 0.019090
0 0.083496 0.179883 0.012695 0.019090
0 0.054688 0.147577 0.011719 0.016153
0 0.006836 0.142438 0.007812 0.011747
0 0.103516 0.048458 0.009766 0.014684
0 0.085449 0.033040 0.008789 0.013216
0 0.139160 0.032305 0.010742 0.014684
0 0.129883 0.060206 0.009766 0.014684
0 0.117188 0.080764 0.009766 0.017621
0 0.154297 0.056535 0.005859 0.016153
0 0.193359 0.049192 0.007812 0.013216
0 0.181152 0.059471 0.008789 0.013216
0 0.143555 0.113069 0.009766 0.014684
0 0.198242 0.144640 0.007812 0.016153
0 0.204590 0.124082 0.008789 0.013216
0 0.204590 0.065345 0.008789 0.013216
0 0.221680 0.089574 0.007812 0.014684
0 0.227539 0.072687 0.007812 0.013216
0 0.249512 0.066079 0.006836 0.014684
0 0.271484 0.065345 0.007812 0.013216
0 0.230469 0.116740 0.007812 0.016153
0 0.251953 0.121145 0.007812 0.013216
0 0.221680 0.182085 0.007812 0.014684
0 0.222168 0.210720 0.012695 0.016153
0 0.250488 0.140969 0.006836 0.014684
0 0.249512 0.178414 0.006836 0.013216
0 0.263672 0.218796 0.009766 0.014684
0 0.259766 0.258443 0.009766 0.017621
0 0.291016 0.256975 0.009766 0.014684
0 0.279297 0.220264 0.007812 0.014684
0 0.309570 0.209985 0.007812 0.014684
0 0.326660 0.168869 0.008789 0.014684
0 0.282227 0.155653 0.005859 0.011747
0 0.268555 0.100587 0.005859 0.010279
0 0.292480 0.102056 0.006836 0.013216
0 0.311035 0.125551 0.006836 0.013216
0 0.328125 0.143172 0.007812 0.013216
0 0.320801 0.121145 0.008789 0.013216
0 0.321777 0.110866 0.006836 0.010279
0 0.330078 0.097651 0.005859 0.016153
0 0.317871 0.077827 0.006836 0.011747
0 0.335938 0.077093 0.007812 0.013216
0 0.331543 0.013950 0.006836 0.010279
0 0.349121 0.024229 0.006836 0.010279
0 0.370117 0.024229 0.005859 0.010279
0 0.346680 0.052863 0.005859 0.011747
0 0.375977 0.074890 0.005859 0.011747
0 0.390137 0.063877 0.004883 0.010279
0 0.397461 0.078561 0.005859 0.010279
0 0.420410 0.059471 0.006836 0.010279
0 0.432617 0.077093 0.005859 0.010279
0 0.437988 0.041850 0.004883 0.010279
0 0.417480 0.033040 0.004883 0.013216
0 0.405762 0.034508 0.004883 0.010279
0 0.416016 0.097651 0.007812 0.010279
0 0.383301 0.118943 0.006836 0.011747
0 0.406250 0.136564 0.007812 0.011747
0 0.438477 0.121145 0.007812 0.013216
0 0.435059 0.105727 0.004883 0.008811
0 0.453613 0.097651 0.004883 0.010279
0 0.469727 0.119677 0.005859 0.013216
0 0.451172 0.143172 0.005859 0.013216
0 0.428223 0.166667 0.006836 0.013216
0 0.340820 0.125551 0.005859 0.007342
0 0.348145 0.144640 0.006836 0.013216
0 0.360840 0.169604 0.006836 0.013216
0 0.353516 0.212922 0.005859 0.014684
0 0.404785 0.210720 0.006836 0.013216
0 0.425293 0.207783 0.006836 0.016153
0 0.518066 0.237885 0.004883 0.011747
0 0.487305 0.229809 0.007812 0.013216
0 0.462891 0.237151 0.005859 0.010279
0 0.514160 0.204846 0.004883 0.010279
0 0.534668 0.193833 0.004883 0.008811
0 0.470703 0.199706 0.005859 0.011747
0 0.493164 0.196769 0.003906 0.008811
0 0.558594 0.229075 0.005859 0.011747
0 0.442383 0.246696 0.005859 0.011747
0 0.416504 0.242291 0.006836 0.011747
0 0.369629 0.248164 0.006836 0.011747
0 0.508789 0.173275 0.005859 0.011747
0 0.467285 0.174009 0.004883 0.010279
0 0.493652 0.146109 0.004883 0.010279
0 0.407715 0.121880 0.004883 0.005874
0 0.398926 0.241557 0.002930 0.007342
0 0.483398 0.024229 0.003906 0.007342
0 0.507324 0.074890 0.004883 0.011747
0 0.504395 0.060940 0.002930 0.007342
0 0.541016 0.058003 0.003906 0.007342
0 0.549805 0.059471 0.003906 0.007342
0 0.562012 0.064611 0.004883 0.008811
0 0.580078 0.061674 0.003906 0.008811
0 0.560059 0.077093 0.004883 0.007342
0 0.588867 0.160059 0.005859 0.008811
0 0.543945 0.099119 0.003906 0.007342
0 0.526367 0.082966 0.003906 0.007342
0 0.490234 0.058003 0.005859 0.007342
0 0.581055 0.116740 0.005859 0.010279
0 0.541504 0.120411 0.004883 0.008811
0 0.561523 0.118209 0.003906 0.010279
0 0.560059 0.146843 0.004883 0.011747
0 0.581055 0.139501 0.005859 0.008811
0 0.560059 0.099853 0.004883 0.011747
0 0.644531 0.223935 0.005859 0.010279
0 0.661133 0.229075 0.005859 0.011747
0 0.608887 0.192364 0.004883 0.008811
0 0.633789 0.191630 0.005859 0.010279
0 0.657227 0.185756 0.005859 0.010279
0 0.607910 0.161527 0.004883 0.008811
0 0.604492 0.139501 0.005859 0.011747
0 0.626465 0.138032 0.004883 0.008811
0 0.631348 0.060206 0.004883 0.008811
0 0.651367 0.060940 0.003906 0.007342
0 0.604492 0.116740 0.005859 0.010279
0 0.645508 0.140969 0.005859 0.008811
0 0.667969 0.133627 0.005859 0.008811
0 0.690430 0.111601 0.005859 0.008811
0 0.701172 0.134361 0.003906 0.010279
0 0.725098 0.135830 0.006836 0.013216
0 0.687012 0.143906 0.004883 0.008811
0 0.706055 0.164464 0.005859 0.011747
0 0.674316 0.164464 0.006836 0.011747
0 0.680176 0.190162 0.006836 0.013216
0 0.729492 0.110866 0.005859 0.010279
0 0.731445 0.084435 0.005859 0.010279
0 0.751465 0.071953 0.004883 0.011747
0 0.756836 0.090308 0.007812 0.010279
0 0.714355 0.190162 0.006836 0.010279
0 0.738281 0.184288 0.007812 0.013216
0 0.730469 0.162261 0.005859 0.010279
0 0.749023 0.166667 0.005859 0.010279
0 0.782715 0.069750 0.004883 0.010279
0 0.785156 0.086637 0.005859 0.011747
0 0.768066 0.132893 0.004883 0.007342
0 0.770996 0.157856 0.006836 0.010279
0 0.764160 0.190162 0.006836 0.010279
0 0.752930 0.220999 0.005859 0.013216
0 0.730957 0.218796 0.006836 0.011747
0 0.774414 0.220999 0.007812 0.013216
0 0.784668 0.185756 0.006836 0.013216
0 0.792969 0.157856 0.007812 0.013216
0 0.788574 0.130690 0.006836 0.011747
0 0.789551 0.109398 0.006836 0.013216
0 0.812500 0.127753 0.005859 0.011747
0 0.827637 0.110866 0.006836 0.010279
0 0.812012 0.157122 0.004883 0.011747
0 0.804688 0.184288 0.005859 0.013216
0 0.818848 0.212188 0.006836 0.010279
0 0.797363 0.222467 0.006836 0.013216
0 0.825195 0.266520 0.007812 0.016153
0 0.838379 0.282673 0.008789 0.016153
0 0.838379 0.261380 0.008789 0.017621
0 0.852539 0.268722 0.007812 0.014684
0 0.845703 0.215125 0.005859 0.010279
0 0.840332 0.181351 0.006836 0.010279
0 0.834961 0.151982 0.005859 0.010279
0 0.831055 0.132893 0.005859 0.010279
0 0.854004 0.127019 0.006836 0.010279
0 0.859863 0.151982 0.006836 0.013216
0 0.880859 0.157122 0.007812 0.011747
0 0.868652 0.187225 0.006836 0.013216
0 0.870117 0.212188 0.005859 0.016153
0 0.895996 0.190896 0.006836 0.011747
0 0.911133 0.176946 0.007812 0.013216
0 0.916504 0.213656 0.006836 0.010279
0 0.940430 0.220999 0.007812 0.013216
0 0.862793 0.259912 0.006836 0.011747
0 0.887207 0.253304 0.008789 0.013216
0 0.917969 0.253304 0.007812 0.013216
0 0.940430 0.266520 0.007812 0.013216
0 0.946289 0.253304 0.007812 0.013216
0 0.933594 0.279001 0.007812 0.014684
0 0.926758 0.293686 0.007812 0.014684
0 0.901855 0.274596 0.006836 0.011747
0 0.895508 0.276065 0.011719 0.014684
0 0.882812 0.273862 0.005859 0.013216
0 0.866699 0.277533 0.008789 0.014684
0 0.844238 0.319383 0.008789 0.019090
0 0.895996 0.307636 0.012695 0.016153
0 0.951660 0.319383 0.010742 0.019090
0 0.967285 0.292952 0.008789 0.019090
0 0.689453 0.374449 0.007812 0.020558
0 0.655762 0.346549 0.008789 0.017621
0 0.832031 0.364170 0.009766 0.023495
0 0.870117 0.352423 0.009766 0.023495
0 0.164551 0.006608 0.006836 0.007342
0 0.141113 0.005874 0.006836 0.008811
0 0.974609 0.259178 0.009766 0.016153
0 0.992676 0.312041 0.010742 0.016153
0 0.996582 0.279736 0.006836 0.016153
0 0.982422 0.245962 0.009766 0.013216
0 0.163574 0.151982 0.006836 0.013216
0 0.181152 0.116006 0.008789 0.014684
0 0.158203 0.088106 0.007812 0.011747
0 0.485840 0.168869 0.006836 0.011747
0 0.631836 0.165932 0.005859 0.011747
0 0.614746 0.058737 0.004883 0.008811
0 0.685059 0.219530 0.006836 0.013216
0 0.705566 0.222467 0.006836 0.010279
0 0.891602 0.215125 0.005859 0.010279
0 0.768066 0.097651 0.004883 0.007342
0 0.768066 0.114537 0.004883 0.008811
0 0.501953 0.865639 0.031250 0.083700
0 0.933105 0.775330 0.020508 0.067548
