0 0.594727 0.373167 0.062500 0.151026
0 0.176270 0.243402 0.075195 0.196481
0 0.903320 0.037390 0.046875 0.071848
0 0.452148 0.192082 0.041016 0.070381
0 0.708984 0.163490 0.031250 0.060117
0 0.572754 0.241935 0.036133 0.079179
0 0.262695 0.189150 0.029297 0.049853
0 0.822754 0.015396 0.032227 0.030792
0 0.580566 0.101173 0.022461 0.046921
0 0.544434 0.155425 0.020508 0.049853
0 0.323242 0.196481 0.035156 0.064516
0 0.198730 0.181085 0.022461 0.063050
0 0.208984 0.116569 0.027344 0.054252
0 0.291016 0.124633 0.021484 0.041056
0 0.375977 0.131965 0.021484 0.049853
0 0.734863 0.104106 0.026367 0.055718
0 0.519531 0.084311 0.027344 0.051320
0 0.321289 0.080645 0.019531 0.043988
0 0.427734 0.058651 0.019531 0.038123
0 0.385254 0.073314 0.022461 0.041056
0 0.490723 0.049120 0.016602 0.039589
0 0.567871 0.063783 0.018555 0.024927
0 0.680176 0.102639 0.020508 0.026393
0 0.641602 0.103372 0.027344 0.039589
0 0.623535 0.063783 0.018555 0.033724
0 0.396484 0.222874 0.027344 0.055718
0 0.611816 0.157625 0.022461 0.045455
