0 0.142578 0.342606 0.015625 0.043924
0 0.019043 0.342606 0.020508 0.043924
0 0.033691 0.439971 0.022461 0.054173
0 0.845215 0.351391 0.018555 0.043924
0 0.934570 0.327965 0.015625 0.046852
0 0.979492 0.328697 0.019531 0.039531
0 0.381348 0.325769 0.006836 0.048316
0 0.628418 0.297218 0.010742 0.055637
0 0.150879 0.184480 0.006836 0.014641
0 0.205566 0.183748 0.006836 0.016105
0 0.259766 0.184480 0.005859 0.014641
0 0.315918 0.184480 0.006836 0.014641
0 0.369629 0.184480 0.006836 0.014641
0 0.423828 0.183748 0.005859 0.013177
0 0.568359 0.181552 0.005859 0.014641
0 0.623535 0.183748 0.006836 0.013177
0 0.678711 0.181552 0.005859 0.014641
0 0.734375 0.183016 0.005859 0.014641
0 0.791016 0.180820 0.007812 0.013177
0 0.846680 0.179356 0.005859 0.013177
0 0.821777 0.323572 0.004883 0.011713
0 0.801270 0.325769 0.004883 0.013177
0 0.705078 0.417277 0.005859 0.008785
0 0.201172 0.322108 0.005859 0.014641
0 0.174316 0.321376 0.006836 0.016105
