0 0.045410 0.316667 0.024414 0.093333
0 0.245605 0.286667 0.038086 0.093333
0 0.094238 0.431667 0.038086 0.103333
0 0.326172 0.379167 0.033203 0.098333
0 0.120605 0.695833 0.041992 0.091667
0 0.343750 0.154167 0.033203 0.068333
0 0.437012 0.228333 0.038086 0.093333
0 0.468750 0.307500 0.039062 0.091667
0 0.477539 0.153333 0.041016 0.083333
0 0.492188 0.274167 0.035156 0.091667
0 0.711914 0.186667 0.037109 0.086667
0 0.729004 0.238333 0.036133 0.086667
0 0.757324 0.235000 0.032227 0.083333
0 0.819824 0.086667 0.034180 0.080000
0 0.817871 0.037500 0.032227 0.065000
0 0.904785 0.108333 0.032227 0.086667
0 0.936035 0.323333 0.040039 0.096667
0 0.591309 0.342500 0.041992 0.078333
0 0.566406 0.400000 0.039062 0.086667
0 0.430176 0.548333 0.041992 0.096667
0 0.613281 0.436667 0.039062 0.090000
0 0.756836 0.430833 0.042969 0.095000
0 0.724121 0.630000 0.043945 0.103333
0 0.752441 0.308333 0.036133 0.083333
0 0.681152 0.778333 0.012695 0.033333
0 0.698242 0.805000 0.015625 0.040000
0 0.706055 0.856667 0.015625 0.046667
0 0.727539 0.823333 0.017578 0.046667
0 0.718750 0.786667 0.013672 0.030000
0 0.709473 0.770833 0.014648 0.028333
0 0.753418 0.815833 0.014648 0.045000
0 0.743164 0.752500 0.011719 0.028333
0 0.751953 0.778333 0.013672 0.026667
0 0.766602 0.787500 0.011719 0.038333
0 0.766113 0.755833 0.012695 0.031667
0 0.707520 0.746667 0.014648 0.026667
0 0.681641 0.879167 0.015625 0.041667
0 0.690918 0.920833 0.016602 0.055000
0 0.665039 0.938333 0.021484 0.060000
0 0.706543 0.937500 0.020508 0.055000
0 0.732910 0.894167 0.020508 0.055000
0 0.759766 0.900000 0.019531 0.056667
0 0.716797 0.985000 0.019531 0.030000
0 0.745605 0.971667 0.016602 0.043333
0 0.681152 0.728333 0.010742 0.023333
