0 0.778809 0.376093 0.051758 0.107872
0 0.569336 0.395773 0.041016 0.112245
0 0.574219 0.184402 0.037109 0.080175
0 0.458496 0.318513 0.043945 0.088921
0 0.492188 0.486880 0.048828 0.096210
0 0.987793 0.046647 0.024414 0.084548
0 0.719727 0.042274 0.041016 0.084548
0 0.477051 0.024052 0.040039 0.048105
0 0.259277 0.260204 0.040039 0.080175
0 0.256348 0.029155 0.045898 0.058309
0 0.229004 0.547376 0.045898 0.115160
0 0.116211 0.384111 0.044922 0.083090
0 0.053711 0.268950 0.041016 0.074344
0 0.021973 0.050292 0.040039 0.074344
