0 0.951660 0.648393 0.010742 0.026465
0 0.924316 0.715501 0.012695 0.028355
0 0.882324 0.691871 0.012695 0.034026
0 0.875000 0.649338 0.011719 0.028355
0 0.799316 0.726843 0.012695 0.032136
0 0.685547 0.711720 0.011719 0.032136
0 0.659180 0.686200 0.011719 0.030246
0 0.635742 0.680529 0.011719 0.030246
0 0.776855 0.675803 0.010742 0.020794
0 0.752441 0.655955 0.010742 0.026465
0 0.729004 0.631380 0.010742 0.026465
0 0.705566 0.642722 0.012695 0.030246
0 0.686523 0.613422 0.011719 0.028355
0 0.795898 0.498110 0.009766 0.028355
0 0.766113 0.517013 0.010742 0.020794
0 0.756348 0.497164 0.008789 0.022684
0 0.727051 0.522684 0.010742 0.024575
0 0.614746 0.689981 0.010742 0.030246
0 0.597168 0.679584 0.010742 0.028355
0 0.602539 0.620038 0.011719 0.026465
0 0.586914 0.706049 0.011719 0.028355
0 0.562500 0.724008 0.011719 0.030246
0 0.566406 0.645558 0.011719 0.028355
0 0.577148 0.626654 0.009766 0.024575
0 0.645508 0.655955 0.011719 0.022684
0 0.518555 0.668242 0.011719 0.024575
0 0.492676 0.707940 0.012695 0.028355
0 0.616699 0.584121 0.010742 0.026465
0 0.618652 0.501890 0.010742 0.024575
0 0.665527 0.501890 0.010742 0.024575
0 0.127930 0.628544 0.009766 0.032136
0 0.373047 0.513233 0.009766 0.035917
0 0.333496 0.519849 0.010742 0.026465
0 0.285156 0.512287 0.009766 0.022684
0 0.251465 0.513233 0.010742 0.028355
0 0.915039 0.360113 0.007812 0.028355
0 0.929199 0.329868 0.008789 0.017013
0 0.909180 0.313800 0.007812 0.018904
0 0.886719 0.362004 0.007812 0.020794
0 0.875488 0.316635 0.008789 0.024575
0 0.847168 0.310019 0.008789 0.022684
0 0.830566 0.360113 0.008789 0.020794
0 0.819824 0.310019 0.008789 0.026465
0 0.872070 0.243856 0.009766 0.022684
0 0.893066 0.238185 0.008789 0.022684
0 0.915527 0.228733 0.008789 0.022684
0 0.907715 0.191871 0.008789 0.020794
0 0.844238 0.241021 0.008789 0.024575
0 0.818359 0.246692 0.009766 0.020794
0 0.793457 0.245747 0.008789 0.022684
0 0.791504 0.303403 0.008789 0.024575
0 0.802246 0.379017 0.008789 0.024575
0 0.877441 0.185255 0.008789 0.022684
0 0.863281 0.142722 0.007812 0.020794
0 0.875000 0.097353 0.007812 0.020794
0 0.845215 0.090737 0.008789 0.022684
0 0.835938 0.138941 0.007812 0.020794
0 0.854492 0.192817 0.007812 0.018904
0 0.830566 0.187146 0.008789 0.022684
0 0.802734 0.194707 0.007812 0.022684
0 0.808594 0.137996 0.007812 0.018904
0 0.812500 0.097353 0.007812 0.024575
0 0.833496 0.046314 0.006836 0.020794
0 0.789551 0.046314 0.006836 0.020794
0 0.780762 0.098299 0.008789 0.022684
0 0.770508 0.055766 0.005859 0.020794
0 0.783203 0.133270 0.007812 0.020794
0 0.773438 0.196597 0.009766 0.022684
0 0.756836 0.134216 0.007812 0.022684
0 0.775879 0.368620 0.008789 0.026465
0 0.741211 0.352552 0.009766 0.024575
0 0.755859 0.303403 0.009766 0.024575
0 0.766113 0.241966 0.008789 0.022684
0 0.729492 0.303403 0.007812 0.020794
0 0.736816 0.238185 0.008789 0.022684
0 0.708496 0.247637 0.008789 0.022684
0 0.702637 0.318526 0.008789 0.020794
0 0.701172 0.386578 0.009766 0.024575
0 0.667969 0.355388 0.009766 0.022684
0 0.674316 0.304348 0.008789 0.022684
0 0.685547 0.263705 0.007812 0.020794
0 0.664551 0.252363 0.008789 0.020794
0 0.728027 0.138941 0.008789 0.020794
0 0.536133 0.200378 0.007812 0.022684
0 0.525879 0.140832 0.008789 0.020794
0 0.529297 0.101134 0.007812 0.024575
0 0.581055 0.506616 0.009766 0.026465
0 0.434082 0.716446 0.010742 0.030246
0 0.459473 0.672968 0.010742 0.030246
0 0.427246 0.672023 0.010742 0.024575
0 0.409180 0.728733 0.011719 0.032136
0 0.404297 0.645558 0.011719 0.024575
0 0.381348 0.620038 0.010742 0.026465
0 0.371094 0.655955 0.011719 0.030246
0 0.522949 0.600189 0.010742 0.028355
0 0.548340 0.574669 0.010742 0.026465
0 0.519043 0.518904 0.010742 0.028355
0 0.490723 0.577505 0.010742 0.028355
0 0.449707 0.569943 0.010742 0.028355
0 0.448242 0.513233 0.009766 0.024575
0 0.303711 0.722117 0.011719 0.030246
0 0.323730 0.688091 0.012695 0.034026
0 0.331055 0.634216 0.009766 0.028355
0 0.304199 0.654064 0.010742 0.030246
0 0.285645 0.675803 0.010742 0.032136
0 0.263184 0.635161 0.010742 0.030246
0 0.225098 0.699433 0.010742 0.030246
0 0.214355 0.712665 0.012695 0.030246
0 0.211914 0.668242 0.007812 0.017013
0 0.135742 0.709830 0.011719 0.028355
0 0.111328 0.711720 0.009766 0.028355
0 0.036621 0.705104 0.012695 0.030246
0 0.196289 0.649338 0.011719 0.032136
0 0.161133 0.616257 0.011719 0.026465
0 0.706543 0.082231 0.008789 0.017013
0 0.697266 0.094518 0.007812 0.018904
0 0.588379 0.196597 0.008789 0.022684
0 0.595215 0.143667 0.008789 0.022684
0 0.593262 0.096408 0.008789 0.022684
0 0.567383 0.088847 0.007812 0.022684
0 0.560547 0.051985 0.007812 0.020794
0 0.546387 0.073724 0.008789 0.022684
0 0.550293 0.150284 0.008789 0.024575
0 0.564941 0.187146 0.008789 0.026465
0 0.509277 0.088847 0.008789 0.022684
0 0.508789 0.043478 0.007812 0.022684
0 0.534180 0.047259 0.007812 0.022684
0 0.491699 0.145558 0.008789 0.018904
0 0.512207 0.186200 0.006836 0.024575
0 0.467773 0.142722 0.007812 0.024575
0 0.482910 0.091682 0.008789 0.020794
0 0.479492 0.046314 0.007812 0.020794
0 0.650391 0.319471 0.007812 0.022684
0 0.622559 0.311909 0.008789 0.026465
0 0.617188 0.360113 0.007812 0.024575
0 0.591797 0.368620 0.007812 0.022684
0 0.596191 0.300567 0.008789 0.022684
0 0.614746 0.235350 0.008789 0.020794
0 0.580566 0.235350 0.008789 0.024575
0 0.564941 0.328922 0.006836 0.022684
0 0.555176 0.249527 0.008789 0.022684
0 0.554199 0.354442 0.008789 0.024575
0 0.538574 0.322306 0.006836 0.024575
0 0.519531 0.298677 0.007812 0.018904
0 0.523926 0.241966 0.008789 0.022684
0 0.496582 0.242911 0.008789 0.024575
0 0.518555 0.370510 0.007812 0.022684
0 0.479004 0.345936 0.008789 0.026465
0 0.485352 0.320416 0.009766 0.020794
0 0.447754 0.318526 0.008789 0.017013
0 0.443359 0.379017 0.007812 0.024575
0 0.466309 0.251418 0.008789 0.022684
0 0.439941 0.236295 0.008789 0.022684
0 0.449707 0.204159 0.008789 0.022684
0 0.464844 0.194707 0.009766 0.022684
0 0.439453 0.140832 0.009766 0.020794
0 0.448730 0.089792 0.008789 0.024575
0 0.445801 0.048204 0.006836 0.020794
0 0.416016 0.034026 0.007812 0.018904
0 0.422363 0.104915 0.008789 0.024575
0 0.411621 0.144612 0.008789 0.024575
0 0.394043 0.105860 0.008789 0.022684
0 0.389648 0.034026 0.007812 0.022684
0 0.414551 0.232514 0.008789 0.022684
0 0.404785 0.193762 0.008789 0.024575
0 0.384277 0.228733 0.008789 0.026465
0 0.386230 0.152174 0.008789 0.024575
0 0.367188 0.102079 0.007812 0.022684
0 0.372559 0.186200 0.008789 0.024575
0 0.357422 0.133270 0.007812 0.024575
0 0.358398 0.035917 0.009766 0.018904
0 0.344727 0.193762 0.007812 0.024575
0 0.421875 0.379017 0.007812 0.020794
0 0.403320 0.376181 0.007812 0.022684
0 0.394531 0.329868 0.007812 0.020794
0 0.369141 0.326087 0.007812 0.020794
0 0.368164 0.390359 0.007812 0.020794
0 0.337402 0.371456 0.008789 0.024575
0 0.340332 0.323251 0.008789 0.018904
0 0.309570 0.366730 0.009766 0.026465
0 0.285156 0.365784 0.009766 0.020794
0 0.290527 0.329868 0.008789 0.020794
0 0.306641 0.318526 0.007812 0.020794
0 0.316895 0.261815 0.008789 0.017013
0 0.346191 0.261815 0.008789 0.020794
0 0.289062 0.276938 0.007812 0.017013
0 0.332031 0.143667 0.007812 0.018904
0 0.336914 0.106805 0.007812 0.017013
0 0.326660 0.058601 0.008789 0.018904
0 0.306152 0.090737 0.008789 0.018904
0 0.294922 0.036862 0.007812 0.020794
0 0.267578 0.043478 0.007812 0.022684
0 0.277832 0.099244 0.008789 0.020794
0 0.301758 0.134216 0.009766 0.022684
0 0.320801 0.202268 0.008789 0.022684
0 0.295898 0.210775 0.007812 0.020794
0 0.272949 0.128544 0.008789 0.022684
0 0.244629 0.133270 0.008789 0.024575
0 0.245605 0.089792 0.008789 0.020794
0 0.240234 0.052930 0.007812 0.018904
0 0.213379 0.133270 0.008789 0.024575
0 0.214355 0.082231 0.008789 0.020794
0 0.214355 0.049149 0.008789 0.018904
0 0.186523 0.035917 0.007812 0.022684
0 0.238770 0.204159 0.008789 0.018904
0 0.266113 0.206049 0.008789 0.018904
0 0.201660 0.182420 0.008789 0.020794
0 0.186035 0.132325 0.008789 0.022684
0 0.171875 0.184310 0.007812 0.024575
0 0.157227 0.134216 0.007812 0.022684
0 0.160156 0.089792 0.007812 0.020794
0 0.186523 0.079395 0.007812 0.018904
0 0.159180 0.042533 0.007812 0.020794
0 0.249512 0.379017 0.008789 0.020794
0 0.260254 0.325142 0.008789 0.018904
0 0.224121 0.356333 0.008789 0.020794
0 0.206543 0.344991 0.008789 0.020794
0 0.193848 0.371456 0.008789 0.020794
0 0.170410 0.350662 0.008789 0.024575
0 0.162598 0.317580 0.008789 0.022684
0 0.189453 0.273157 0.007812 0.020794
0 0.213867 0.267486 0.007812 0.017013
0 0.230957 0.278828 0.006836 0.017013
0 0.186035 0.355388 0.008789 0.018904
0 0.143066 0.350662 0.008789 0.024575
0 0.135254 0.308129 0.006836 0.022684
0 0.144531 0.260870 0.007812 0.022684
0 0.170410 0.262760 0.008789 0.022684
0 0.119141 0.384688 0.007812 0.024575
0 0.145508 0.185255 0.009766 0.022684
0 0.122559 0.184310 0.008789 0.020794
0 0.123535 0.140832 0.008789 0.020794
0 0.129395 0.078450 0.008789 0.024575
0 0.102539 0.136106 0.007812 0.022684
0 0.114746 0.265595 0.008789 0.024575
0 0.086426 0.263705 0.008789 0.024575
0 0.108398 0.316635 0.007812 0.024575
0 0.104492 0.391304 0.009766 0.022684
0 0.068359 0.354442 0.007812 0.024575
0 0.056152 0.347826 0.006836 0.018904
0 0.057129 0.293951 0.008789 0.020794
0 0.064453 0.258979 0.007812 0.022684
0 0.040527 0.258979 0.008789 0.022684
0 0.041504 0.288280 0.008789 0.024575
0 0.011230 0.354442 0.008789 0.024575
0 0.713379 0.189036 0.008789 0.026465
0 0.746094 0.190926 0.007812 0.022684
0 0.753906 0.086011 0.007812 0.020794
0 0.725586 0.085066 0.007812 0.022684
0 0.718750 0.057656 0.007812 0.020794
0 0.698242 0.144612 0.009766 0.024575
0 0.683105 0.048204 0.006836 0.020794
0 0.670410 0.076560 0.008789 0.020794
0 0.670410 0.141777 0.008789 0.022684
0 0.688965 0.203214 0.008789 0.024575
0 0.663086 0.191871 0.007812 0.020794
0 0.643555 0.151229 0.007812 0.022684
0 0.644043 0.096408 0.008789 0.015123
0 0.639160 0.200378 0.008789 0.022684
0 0.617188 0.193762 0.007812 0.024575
0 0.634277 0.239130 0.008789 0.020794
0 0.616699 0.146503 0.008789 0.020794
0 0.620117 0.081285 0.007812 0.026465
0 0.746094 0.064272 0.007812 0.015123
0 0.811035 0.724953 0.008789 0.024575
