0 0.832031 0.371157 0.015625 0.027818
0 0.712891 0.365300 0.017578 0.033675
0 0.555664 0.346266 0.015625 0.030747
0 0.751465 0.393119 0.008789 0.019034
0 0.501953 0.378477 0.017578 0.030747
0 0.209961 0.402635 0.015625 0.032211
0 0.785645 0.886530 0.041992 0.083455
0 0.511719 0.730600 0.009766 0.035139
0 0.429199 0.699854 0.014648 0.043924
0 0.311523 0.658126 0.009766 0.027818
0 0.244629 0.724744 0.016602 0.038067
0 0.141113 0.893119 0.043945 0.079063
0 0.173828 0.816984 0.013672 0.046852
0 0.096191 0.781845 0.016602 0.055637
0 0.258301 0.937042 0.018555 0.055637
0 0.374023 0.651537 0.007812 0.029283
