0 0.790039 0.380499 0.033203 0.048387
0 0.724121 0.398094 0.032227 0.048387
0 0.667480 0.475806 0.026367 0.042522
0 0.623047 0.587977 0.025391 0.038123
0 0.624023 0.392962 0.027344 0.046921
0 0.580566 0.376100 0.032227 0.054252
0 0.496582 0.398827 0.032227 0.049853
0 0.425293 0.412023 0.030273 0.049853
0 0.355469 0.428886 0.027344 0.045455
0 0.288086 0.486070 0.027344 0.045455
0 0.291992 0.413490 0.031250 0.052786
0 0.318848 0.640029 0.022461 0.036657
0 0.242188 0.451613 0.025391 0.043988
0 0.186523 0.443548 0.029297 0.048387
