0 0.104004 0.240997 0.047852 0.069252
0 0.233398 0.269391 0.046875 0.070637
0 0.356445 0.281163 0.044922 0.066482
0 0.458984 0.214681 0.046875 0.069252
0 0.596680 0.230609 0.046875 0.073407
0 0.659180 0.266620 0.044922 0.070637
0 0.638184 0.473684 0.045898 0.077562
0 0.520508 0.329640 0.044922 0.069252
0 0.421387 0.445983 0.049805 0.080332
0 0.245605 0.456371 0.047852 0.073407
0 0.804199 0.238227 0.045898 0.060942
0 0.808594 0.442521 0.046875 0.073407
0 0.853516 0.534626 0.033203 0.041551
0 0.909668 0.418975 0.038086 0.056787
