0 0.198242 0.544118 0.042969 0.079412
0 0.224609 0.337500 0.048828 0.083824
0 0.307129 0.180147 0.038086 0.069118
0 0.458008 0.146324 0.039062 0.069118
0 0.582031 0.158088 0.039062 0.075000
0 0.723633 0.207353 0.039062 0.067647
0 0.777344 0.335294 0.042969 0.082353
0 0.616211 0.347794 0.046875 0.083824
0 0.533691 0.457353 0.036133 0.061765
0 0.451660 0.369853 0.047852 0.072059
0 0.343750 0.525735 0.042969 0.069118
0 0.617676 0.561765 0.038086 0.061765
0 0.708008 0.495588 0.035156 0.050000
0 0.852051 0.477941 0.034180 0.052941
