0 0.110352 0.253765 0.046875 0.070783
0 0.253418 0.150602 0.041992 0.066265
0 0.398438 0.154367 0.039062 0.076807
0 0.536621 0.112952 0.041992 0.081325
0 0.672363 0.174699 0.038086 0.066265
0 0.794434 0.216867 0.036133 0.069277
0 0.885742 0.310241 0.035156 0.057229
0 0.900879 0.438253 0.043945 0.075301
0 0.808105 0.536145 0.040039 0.066265
0 0.683594 0.517319 0.042969 0.070783
0 0.152832 0.410392 0.045898 0.070783
0 0.274414 0.509036 0.046875 0.078313
0 0.417969 0.533133 0.041016 0.063253
0 0.540527 0.542169 0.038086 0.063253
