0 0.078613 0.453507 0.024414 0.042414
0 0.134766 0.415171 0.021484 0.044046
0 0.151367 0.354812 0.025391 0.047308
0 0.208984 0.384992 0.023438 0.048940
0 0.279297 0.394780 0.025391 0.045677
0 0.257324 0.327080 0.024414 0.040783
0 0.338379 0.352365 0.020508 0.042414
0 0.356445 0.316476 0.021484 0.039152
0 0.387695 0.314845 0.021484 0.039152
0 0.457031 0.278140 0.021484 0.044046
0 0.396484 0.473083 0.021484 0.039152
0 0.348633 0.479608 0.019531 0.039152
0 0.306152 0.466558 0.020508 0.039152
0 0.449707 0.568515 0.024414 0.047308
0 0.291504 0.663132 0.028320 0.050571
0 0.499023 0.334421 0.021484 0.039152
0 0.511230 0.294454 0.016602 0.037520
0 0.553711 0.287113 0.021484 0.039152
0 0.576172 0.295269 0.019531 0.032626
0 0.607422 0.275693 0.019531 0.042414
0 0.642578 0.269984 0.021484 0.044046
0 0.708008 0.283034 0.019531 0.037520
0 0.691895 0.260196 0.022461 0.037520
0 0.737305 0.243883 0.019531 0.034258
0 0.758301 0.296900 0.018555 0.039152
0 0.804199 0.252039 0.016602 0.030995
0 0.859863 0.283850 0.018555 0.039152
0 0.910156 0.214519 0.021484 0.044046
0 0.891113 0.423328 0.030273 0.050571
0 0.964355 0.400489 0.030273 0.053834
0 0.759277 0.495106 0.022461 0.047308
0 0.680664 0.504078 0.021484 0.042414
0 0.597168 0.530179 0.022461 0.042414
0 0.541504 0.550571 0.024414 0.047308
0 0.829590 0.382545 0.022461 0.044046
