0 0.174316 0.277452 0.034180 0.062958
0 0.247070 0.270132 0.033203 0.057101
0 0.334473 0.271596 0.034180 0.060029
0 0.394531 0.172767 0.037109 0.061493
0 0.442383 0.234993 0.035156 0.060029
0 0.520508 0.232064 0.035156 0.062958
0 0.590332 0.199854 0.038086 0.065886
0 0.660156 0.142753 0.044922 0.068814
0 0.774902 0.218887 0.041992 0.068814
0 0.701172 0.259151 0.039062 0.067350
0 0.649414 0.319180 0.039062 0.058565
0 0.523926 0.426061 0.041992 0.061493
0 0.425293 0.453880 0.038086 0.061493
0 0.432617 0.552709 0.029297 0.045388
0 0.304199 0.516105 0.040039 0.068814
