0 0.265625 0.184018 0.054688 0.083578
0 0.122559 0.146628 0.057617 0.087977
0 0.329590 0.376100 0.053711 0.086510
0 0.893555 0.100440 0.048828 0.086510
0 0.820801 0.134897 0.051758 0.087977
0 0.693848 0.168622 0.045898 0.076246
0 0.655273 0.156891 0.035156 0.058651
0 0.591797 0.145894 0.042969 0.074780
0 0.504883 0.167155 0.037109 0.061584
0 0.593750 0.531525 0.056641 0.104106
0 0.505371 0.456012 0.053711 0.114370
0 0.450195 0.512463 0.048828 0.074780
0 0.437500 0.279326 0.039062 0.065982
0 0.426758 0.173021 0.039062 0.070381
0 0.314941 0.080645 0.047852 0.082111
0 0.345215 0.134164 0.034180 0.068915
