0 0.889648 0.255963 0.039062 0.078899
0 0.821777 0.240367 0.038086 0.073394
0 0.744141 0.335780 0.035156 0.073394
0 0.680664 0.268807 0.029297 0.053211
0 0.694824 0.147706 0.036133 0.067890
0 0.618652 0.222936 0.038086 0.078899
0 0.543945 0.111927 0.041016 0.084404
0 0.793945 0.650459 0.035156 0.071560
0 0.556152 0.624771 0.032227 0.067890
0 0.477051 0.249541 0.041992 0.088073
0 0.371582 0.189908 0.038086 0.082569
0 0.380859 0.566972 0.035156 0.077064
0 0.233398 0.403670 0.033203 0.073394
0 0.118164 0.285321 0.031250 0.056881
0 0.183594 0.165138 0.037109 0.077064
0 0.311035 0.219266 0.034180 0.078899
0 0.057617 0.234862 0.041016 0.077064
