0 0.070312 0.504438 0.023438 0.041420
0 0.098145 0.485207 0.020508 0.035503
0 0.163574 0.508136 0.022461 0.036982
0 0.144043 0.444527 0.022461 0.036982
0 0.179688 0.394970 0.019531 0.038462
0 0.114258 0.375000 0.023438 0.042899
0 0.208984 0.457101 0.023438 0.044379
0 0.237305 0.482988 0.023438 0.036982
0 0.284668 0.450444 0.024414 0.039941
0 0.326172 0.511834 0.023438 0.038462
0 0.355469 0.462278 0.021484 0.036982
0 0.398926 0.475592 0.022461 0.042899
0 0.421875 0.488905 0.013672 0.028107
0 0.438477 0.478550 0.017578 0.036982
0 0.467285 0.480769 0.020508 0.038462
0 0.532715 0.473373 0.024414 0.038462
0 0.513184 0.437130 0.020508 0.036982
0 0.444824 0.417160 0.020508 0.035503
0 0.420410 0.422337 0.022461 0.036982
0 0.623047 0.373521 0.023438 0.039941
0 0.686035 0.385355 0.020508 0.036982
0 0.739258 0.384615 0.023438 0.038462
0 0.664551 0.482988 0.020508 0.034024
0 0.696777 0.468195 0.026367 0.042899
0 0.749023 0.468935 0.021484 0.035503
0 0.796875 0.490385 0.023438 0.039941
0 0.879395 0.466716 0.024414 0.045858
0 0.845215 0.468935 0.024414 0.041420
0 0.918945 0.446006 0.023438 0.042899
0 0.954590 0.508876 0.022461 0.041420
0 0.930664 0.368343 0.023438 0.041420
0 0.878906 0.389053 0.021484 0.038462
0 0.841309 0.322485 0.022461 0.041420
0 0.770020 0.286982 0.022461 0.035503
0 0.789551 0.384615 0.012695 0.035503
0 0.728516 0.323964 0.021484 0.038462
0 0.260254 0.302515 0.018555 0.034024
0 0.209961 0.302515 0.021484 0.034024
0 0.377441 0.328402 0.020508 0.035503
0 0.431152 0.319527 0.020508 0.038462
0 0.481445 0.306953 0.019531 0.031065
0 0.478027 0.382396 0.022461 0.036982
0 0.512207 0.395710 0.018555 0.031065
0 0.537598 0.391272 0.020508 0.034024
0 0.565918 0.394970 0.018555 0.035503
0 0.608887 0.471893 0.022461 0.038462
0 0.602539 0.426775 0.023438 0.036982
0 0.702637 0.282544 0.020508 0.035503
0 0.666504 0.314349 0.020508 0.039941
0 0.634766 0.297337 0.019531 0.035503
0 0.650391 0.270710 0.019531 0.035503
0 0.602539 0.326183 0.021484 0.034024
0 0.561035 0.314349 0.020508 0.034024
0 0.531738 0.302515 0.022461 0.034024
0 0.582031 0.259615 0.021484 0.034024
0 0.538574 0.245562 0.020508 0.035503
0 0.571777 0.234467 0.014648 0.028107
0 0.562988 0.236686 0.018555 0.032544
0 0.513672 0.267012 0.017578 0.028107
0 0.491699 0.274408 0.018555 0.028107
0 0.451660 0.264053 0.018555 0.034024
0 0.391602 0.266272 0.017578 0.032544
0 0.424316 0.244083 0.018555 0.032544
0 0.440918 0.225592 0.012695 0.028107
0 0.474121 0.230030 0.018555 0.034024
0 0.736816 0.269231 0.020508 0.035503
0 0.372070 0.417160 0.021484 0.035503
0 0.321777 0.423817 0.020508 0.036982
0 0.247070 0.423077 0.021484 0.035503
0 0.137207 0.353550 0.020508 0.035503
0 0.176758 0.346893 0.021484 0.034024
0 0.226074 0.343935 0.020508 0.034024
0 0.262695 0.368343 0.021484 0.035503
0 0.319824 0.318787 0.022461 0.039941
0 0.281738 0.303994 0.020508 0.036982
0 0.414062 0.228550 0.019531 0.042899
0 0.327637 0.268491 0.020508 0.045858
