0 0.832520 0.345513 0.038086 0.057692
0 0.782227 0.304487 0.039062 0.050000
0 0.774414 0.382051 0.035156 0.053846
0 0.631348 0.458333 0.038086 0.055128
0 0.702148 0.322436 0.037109 0.060256
0 0.600586 0.352564 0.035156 0.051282
0 0.538086 0.398718 0.035156 0.051282
0 0.485352 0.357692 0.031250 0.043590
0 0.433105 0.367308 0.038086 0.055128
0 0.416992 0.317308 0.033203 0.042308
0 0.355469 0.308974 0.035156 0.053846
0 0.343262 0.484615 0.036133 0.051282
0 0.282715 0.434615 0.038086 0.053846
0 0.251953 0.326923 0.037109 0.053846
0 0.201660 0.380128 0.036133 0.055128
0 0.106934 0.365385 0.038086 0.053846
