0 0.409180 0.616625 0.015625 0.019851
0 0.462402 0.610422 0.014648 0.017370
0 0.513184 0.615385 0.012695 0.019851
0 0.600098 0.620347 0.010742 0.014888
0 0.640625 0.595533 0.013672 0.017370
0 0.675781 0.609801 0.011719 0.016129
0 0.703613 0.557072 0.008789 0.014888
0 0.671875 0.555831 0.011719 0.014888
0 0.643066 0.544665 0.010742 0.014888
0 0.607422 0.550248 0.011719 0.016129
0 0.537598 0.538462 0.010742 0.014888
0 0.504883 0.521092 0.011719 0.014888
0 0.480957 0.527916 0.012695 0.016129
0 0.438477 0.541563 0.009766 0.016129
0 0.402344 0.548387 0.009766 0.014888
0 0.404297 0.522953 0.009766 0.013648
0 0.374023 0.523573 0.011719 0.017370
0 0.335938 0.538462 0.011719 0.014888
0 0.297363 0.534739 0.010742 0.014888
0 0.260742 0.532258 0.013672 0.017370
0 0.533203 0.510546 0.013672 0.013648
0 0.595703 0.521712 0.011719 0.016129
0 0.776855 0.432382 0.008789 0.011166
0 0.752930 0.434243 0.007812 0.009926
0 0.732422 0.426799 0.005859 0.009926
0 0.700684 0.423697 0.006836 0.008685
0 0.603516 0.426179 0.005859 0.008685
0 0.626953 0.422457 0.005859 0.008685
0 0.822754 0.389578 0.006836 0.009926
0 0.658691 0.419975 0.006836 0.011166
0 0.682129 0.417494 0.006836 0.008685
0 0.556152 0.479529 0.008789 0.013648
0 0.156250 0.459677 0.011719 0.013648
0 0.557129 0.446030 0.008789 0.013648
0 0.573730 0.446030 0.008789 0.011166
0 0.606934 0.480149 0.008789 0.009926
0 0.602051 0.449132 0.008789 0.009926
0 0.565430 0.419355 0.007812 0.009926
0 0.545410 0.415012 0.004883 0.008685
0 0.509766 0.415633 0.005859 0.007444
0 0.254395 0.415012 0.006836 0.011166
0 0.212891 0.418734 0.007812 0.011166
0 0.195312 0.403226 0.005859 0.009926
0 0.222656 0.395161 0.007812 0.008685
0 0.248047 0.392060 0.007812 0.009926
0 0.277344 0.387097 0.005859 0.009926
0 0.304688 0.392680 0.005859 0.011166
0 0.333496 0.418734 0.006836 0.008685
0 0.361328 0.413151 0.007812 0.009926
0 0.384277 0.410670 0.006836 0.012407
0 0.825195 0.431762 0.009766 0.012407
0 0.833008 0.406328 0.007812 0.011166
0 0.337402 0.458437 0.008789 0.008685
0 0.330566 0.445409 0.008789 0.009926
0 0.363770 0.445409 0.006836 0.012407
0 0.389160 0.447270 0.008789 0.011166
0 0.414062 0.442308 0.007812 0.011166
0 0.434082 0.437345 0.008789 0.011166
0 0.459473 0.441067 0.008789 0.013648
0 0.476074 0.451613 0.006836 0.009926
0 0.524902 0.480769 0.010742 0.016129
0 0.479980 0.495658 0.006836 0.013648
0 0.450684 0.476427 0.008789 0.012407
0 0.422852 0.478908 0.009766 0.014888
0 0.398926 0.500620 0.010742 0.013648
0 0.357422 0.480149 0.009766 0.014888
0 0.329102 0.477667 0.009766 0.014888
0 0.290527 0.482010 0.010742 0.013648
0 0.925781 0.547767 0.015625 0.021092
0 0.920898 0.505583 0.013672 0.018610
0 0.867188 0.572581 0.013672 0.016129
0 0.123047 0.441687 0.013672 0.014888
0 0.169434 0.429280 0.008789 0.009926
0 0.229980 0.446030 0.008789 0.013648
0 0.263184 0.445409 0.008789 0.012407
0 0.291992 0.460298 0.007812 0.009926
0 0.272949 0.461538 0.006836 0.009926
0 0.315430 0.447270 0.007812 0.011166
0 0.148438 0.562035 0.015625 0.014888
0 0.169922 0.542804 0.015625 0.021092
0 0.209961 0.527916 0.017578 0.021092
0 0.239746 0.553970 0.014648 0.018610
0 0.124023 0.487593 0.015625 0.017370
0 0.173340 0.482630 0.012695 0.014888
0 0.211426 0.489454 0.012695 0.016129
0 0.255371 0.485732 0.010742 0.016129
0 0.192871 0.449752 0.010742 0.013648
0 0.504395 0.454715 0.006836 0.011166
0 0.532715 0.442308 0.008789 0.011166
0 0.802734 0.560794 0.013672 0.017370
0 0.744629 0.547767 0.012695 0.016129
0 0.875000 0.506824 0.013672 0.016129
0 0.844238 0.508065 0.010742 0.013648
0 0.809570 0.508065 0.009766 0.013648
0 0.763672 0.493176 0.009766 0.016129
0 0.865723 0.477667 0.008789 0.009926
0 0.857422 0.458437 0.009766 0.013648
0 0.805664 0.462779 0.009766 0.014888
0 0.821777 0.454715 0.010742 0.013648
0 0.788574 0.470844 0.008789 0.011166
0 0.764648 0.455335 0.009766 0.012407
0 0.734863 0.454094 0.008789 0.012407
0 0.709961 0.454094 0.007812 0.009926
0 0.689453 0.450372 0.007812 0.012407
0 0.645508 0.491935 0.009766 0.013648
0 0.064453 0.545906 0.023438 0.022333
0 0.105957 0.547146 0.018555 0.019851
0 0.324219 0.392060 0.005859 0.009926
0 0.354492 0.390819 0.005859 0.009926
0 0.374512 0.384615 0.004883 0.007444
0 0.390137 0.392680 0.004883 0.011166
0 0.408691 0.395782 0.006836 0.009926
0 0.420410 0.405087 0.006836 0.011166
0 0.425781 0.388958 0.005859 0.011166
0 0.445801 0.392060 0.006836 0.012407
0 0.461426 0.391439 0.006836 0.011166
0 0.440918 0.418114 0.006836 0.009926
0 0.459961 0.408809 0.005859 0.011166
0 0.349609 0.352978 0.005859 0.008685
0 0.387207 0.357940 0.004883 0.008685
0 0.325684 0.343672 0.006836 0.009926
0 0.293945 0.344293 0.007812 0.011166
0 0.266113 0.349876 0.006836 0.009926
0 0.250977 0.334988 0.005859 0.009926
0 0.245117 0.348635 0.005859 0.009926
0 0.226562 0.348015 0.005859 0.008685
0 0.288086 0.370968 0.005859 0.009926
0 0.276367 0.413151 0.007812 0.009926
0 0.428223 0.307692 0.004883 0.009926
0 0.453613 0.316377 0.004883 0.007444
0 0.368652 0.335608 0.006836 0.011166
0 0.498535 0.391439 0.006836 0.011166
0 0.516113 0.390819 0.006836 0.012407
0 0.483887 0.388958 0.006836 0.008685
0 0.521484 0.358561 0.005859 0.007444
0 0.546875 0.356079 0.003906 0.009926
0 0.538574 0.392060 0.006836 0.009926
0 0.573242 0.386476 0.005859 0.008685
0 0.558105 0.330025 0.004883 0.007444
0 0.573242 0.328784 0.005859 0.009926
0 0.526367 0.333747 0.005859 0.009926
0 0.774414 0.397643 0.005859 0.008685
0 0.773926 0.380893 0.004883 0.009926
0 0.797363 0.391439 0.006836 0.011166
0 0.751465 0.387717 0.006836 0.008685
0 0.731445 0.403846 0.005859 0.011166
0 0.714844 0.384615 0.005859 0.009926
0 0.742188 0.367246 0.005859 0.009926
0 0.729980 0.345533 0.004883 0.008685
0 0.620117 0.401365 0.005859 0.008685
0 0.626465 0.393921 0.004883 0.008685
0 0.674805 0.398883 0.005859 0.011166
0 0.589844 0.366005 0.005859 0.007444
0 0.602539 0.375310 0.005859 0.008685
0 0.639160 0.378412 0.004883 0.007444
0 0.665527 0.365385 0.004883 0.008685
0 0.691895 0.362903 0.004883 0.008685
0 0.611328 0.359801 0.003906 0.007444
0 0.609375 0.346154 0.003906 0.007444
0 0.625000 0.346154 0.003906 0.007444
0 0.653320 0.356700 0.003906 0.006203
0 0.666992 0.349876 0.003906 0.007444
0 0.684082 0.349256 0.004883 0.008685
0 0.666016 0.384615 0.005859 0.007444
0 0.811035 0.408809 0.006836 0.011166
0 0.748047 0.411911 0.005859 0.007444
0 0.689453 0.383375 0.005859 0.007444
0 0.691895 0.398883 0.004883 0.008685
0 0.705078 0.356700 0.005859 0.008685
0 0.479980 0.311414 0.004883 0.007444
0 0.604492 0.317618 0.003906 0.007444
0 0.594727 0.316377 0.003906 0.007444
0 0.443848 0.517990 0.014648 0.018610
0 0.798340 0.406328 0.008789 0.011166
0 0.527832 0.420596 0.006836 0.009926
0 0.490723 0.417494 0.008789 0.011166
