0 0.337402 0.343992 0.020508 0.044574
0 0.323730 0.297481 0.018555 0.036822
0 0.305664 0.351744 0.019531 0.044574
0 0.290039 0.242248 0.011719 0.031008
0 0.273438 0.266473 0.021484 0.048450
0 0.237305 0.299419 0.019531 0.048450
0 0.257812 0.208333 0.011719 0.032946
0 0.244629 0.227713 0.014648 0.040698
0 0.223633 0.210271 0.017578 0.040698
0 0.189941 0.199612 0.018555 0.046512
0 0.199219 0.319767 0.021484 0.050388
0 0.262207 0.516473 0.022461 0.052326
0 0.153320 0.318798 0.021484 0.048450
0 0.116211 0.284884 0.023438 0.054264
0 0.078125 0.277132 0.025391 0.058140
0 0.028320 0.278101 0.027344 0.067829
0 0.276367 0.699612 0.021484 0.038760
0 0.523438 0.339147 0.021484 0.050388
0 0.543457 0.275194 0.020508 0.050388
0 0.523438 0.274225 0.017578 0.036822
0 0.498047 0.315891 0.015625 0.042636
0 0.499023 0.499031 0.015625 0.032946
0 0.470215 0.341085 0.018555 0.046512
0 0.437012 0.546512 0.020508 0.054264
0 0.477051 0.653101 0.018555 0.046512
0 0.386230 0.581395 0.020508 0.042636
0 0.377930 0.378876 0.015625 0.036822
0 0.410645 0.329457 0.018555 0.046512
0 0.439941 0.345930 0.014648 0.040698
0 0.440430 0.286822 0.019531 0.046512
0 0.418945 0.272287 0.017578 0.036822
0 0.396973 0.293605 0.014648 0.040698
0 0.377441 0.306202 0.020508 0.042636
0 0.347656 0.238372 0.019531 0.042636
0 0.941895 0.349806 0.026367 0.063953
0 0.908203 0.522287 0.019531 0.040698
0 0.874023 0.463178 0.029297 0.062016
0 0.868652 0.547481 0.022461 0.040698
0 0.816406 0.350775 0.021484 0.058140
0 0.855469 0.318798 0.011719 0.032946
0 0.757812 0.369186 0.023438 0.056202
0 0.766113 0.312984 0.020508 0.044574
0 0.733887 0.281977 0.022461 0.052326
0 0.707031 0.370155 0.021484 0.058140
0 0.681641 0.296512 0.021484 0.054264
0 0.678223 0.416667 0.020508 0.046512
0 0.668457 0.548450 0.024414 0.058140
0 0.623535 0.459302 0.020508 0.050388
0 0.631836 0.336240 0.019531 0.048450
0 0.602539 0.343992 0.021484 0.048450
0 0.578125 0.289729 0.017578 0.040698
