0 0.419922 0.172287 0.027344 0.045455
0 0.490723 0.180352 0.026367 0.049853
0 0.542480 0.182551 0.026367 0.045455
0 0.572266 0.267595 0.033203 0.060117
0 0.524414 0.263196 0.029297 0.057185
0 0.632812 0.288856 0.031250 0.052786
0 0.483887 0.361437 0.034180 0.063050
0 0.474609 0.286657 0.029297 0.054252
0 0.396484 0.244135 0.025391 0.042522
0 0.383789 0.313050 0.031250 0.048387
0 0.361816 0.273460 0.022461 0.045455
0 0.333008 0.322581 0.031250 0.052786
0 0.270996 0.317449 0.030273 0.054252
0 0.283691 0.393695 0.036133 0.065982
0 0.671875 0.283724 0.035156 0.060117
0 0.744141 0.327713 0.035156 0.057185
0 0.779785 0.275660 0.038086 0.058651
0 0.821777 0.242669 0.045898 0.068915
0 0.916016 0.244868 0.050781 0.076246
0 0.387695 0.549120 0.035156 0.051320
0 0.499512 0.546921 0.038086 0.061584
0 0.603516 0.510264 0.031250 0.061584
0 0.743652 0.596041 0.034180 0.083578
0 0.200195 0.316716 0.035156 0.058651
0 0.216309 0.494868 0.038086 0.068915
0 0.137207 0.398094 0.038086 0.065982
0 0.131836 0.663490 0.041016 0.071848
0 0.048828 0.383431 0.039062 0.057185
