0 0.010254 0.609398 0.010742 0.017621
0 0.035156 0.619677 0.009766 0.020558
0 0.047363 0.607930 0.010742 0.017621
0 0.064453 0.624816 0.009766 0.016153
0 0.072266 0.610866 0.009766 0.020558
0 0.086426 0.624816 0.008789 0.016153
0 0.106445 0.621145 0.011719 0.020558
0 0.119629 0.607195 0.006836 0.016153
0 0.093750 0.610132 0.005859 0.013216
0 0.130859 0.613803 0.007812 0.017621
0 0.140625 0.614537 0.009766 0.019090
0 0.163574 0.615272 0.010742 0.020558
0 0.692383 0.604993 0.007812 0.014684
0 0.688965 0.620411 0.008789 0.016153
0 0.703613 0.621880 0.008789 0.016153
0 0.462402 0.596916 0.010742 0.019090
0 0.418945 0.604258 0.009766 0.016153
0 0.855469 0.591777 0.009766 0.017621
0 0.866211 0.596916 0.009766 0.016153
0 0.875000 0.603524 0.009766 0.014684
0 0.888672 0.602056 0.009766 0.017621
0 0.885742 0.588106 0.007812 0.013216
0 0.902832 0.583700 0.008789 0.016153
0 0.910645 0.599119 0.008789 0.014684
0 0.914551 0.583700 0.006836 0.013216
0 0.969238 0.591043 0.010742 0.019090
0 0.985352 0.585903 0.007812 0.011747
0 0.932129 0.599119 0.008789 0.017621
0 0.402344 0.607930 0.009766 0.017621
0 0.195312 0.607930 0.009766 0.017621
0 0.187012 0.624816 0.008789 0.013216
0 0.210938 0.599853 0.009766 0.019090
0 0.242676 0.596916 0.010742 0.019090
0 0.261230 0.608664 0.006836 0.013216
0 0.225586 0.611601 0.007812 0.010279
0 0.273926 0.604258 0.008789 0.013216
0 0.775391 0.298825 0.039062 0.063142
0 0.318848 0.615272 0.010742 0.017621
0 0.359375 0.604258 0.009766 0.019090
0 0.336914 0.602056 0.007812 0.017621
0 0.378906 0.601322 0.007812 0.019090
0 0.409180 0.613069 0.007812 0.019090
0 0.449707 0.646843 0.006836 0.013216
0 0.448730 0.618943 0.008789 0.016153
0 0.476562 0.591043 0.009766 0.016153
0 0.509277 0.598385 0.010742 0.019090
0 0.532227 0.590308 0.009766 0.017621
0 0.565918 0.593245 0.008789 0.014684
0 0.587891 0.593245 0.009766 0.014684
0 0.605469 0.597651 0.007812 0.014684
0 0.622070 0.596916 0.007812 0.016153
0 0.640625 0.597651 0.007812 0.017621
0 0.651855 0.602790 0.010742 0.019090
0 0.657715 0.596182 0.008789 0.017621
0 0.679199 0.588840 0.010742 0.017621
0 0.672363 0.609398 0.008789 0.014684
0 0.673828 0.624082 0.007812 0.017621
