0 0.340820 0.510981 0.027344 0.046852
0 0.385254 0.538799 0.010742 0.017570
0 0.650879 0.541728 0.024414 0.043924
0 0.928711 0.561493 0.025391 0.048316
0 0.945801 0.554173 0.008789 0.016105
0 0.991699 0.550512 0.008789 0.014641
0 0.796387 0.440703 0.022461 0.043924
0 0.929199 0.200586 0.024414 0.046852
0 0.659180 0.201318 0.023438 0.042460
0 0.491211 0.402635 0.025391 0.043924
0 0.354980 0.160322 0.022461 0.042460
0 0.204102 0.372621 0.023438 0.039531
0 0.146484 0.521230 0.007812 0.014641
0 0.118164 0.520498 0.013672 0.027818
0 0.095215 0.594436 0.018555 0.029283
0 0.130371 0.532211 0.006836 0.010249
0 0.010742 0.528551 0.013672 0.026354
0 0.073730 0.527818 0.006836 0.013177
0 0.308594 0.481698 0.005859 0.008785
0 0.855957 0.566618 0.006836 0.014641
0 0.509766 0.264275 0.042969 0.089312
