0 0.134277 0.543382 0.032227 0.054412
0 0.186035 0.558088 0.030273 0.048529
0 0.265137 0.522059 0.020508 0.038235
0 0.357422 0.522794 0.031250 0.054412
0 0.131348 0.769118 0.040039 0.097059
0 0.074219 0.802941 0.062500 0.114706
0 0.422363 0.629412 0.024414 0.044118
0 0.461426 0.630147 0.024414 0.042647
0 0.477051 0.775735 0.036133 0.098529
0 0.574219 0.592647 0.039062 0.061765
0 0.563477 0.719853 0.082031 0.145588
0 0.524414 0.633088 0.013672 0.027941
0 0.621094 0.647059 0.019531 0.041176
0 0.646973 0.670588 0.026367 0.044118
0 0.656250 0.628676 0.021484 0.036765
0 0.681641 0.589706 0.023438 0.052941
0 0.725098 0.588971 0.012695 0.022059
0 0.700195 0.688971 0.060547 0.107353
0 0.861816 0.614706 0.047852 0.079412
0 0.186523 0.696324 0.025391 0.045588
0 0.266602 0.772059 0.097656 0.176471
0 0.725586 0.892647 0.111328 0.214706
0 0.713867 0.369118 0.044922 0.058824
0 0.842285 0.283824 0.040039 0.064706
0 0.946289 0.479412 0.029297 0.088235
