0 0.170410 0.465492 0.038086 0.058737
0 0.240234 0.480176 0.035156 0.046990
0 0.360840 0.419236 0.038086 0.077827
0 0.493164 0.453744 0.042969 0.044053
0 0.617676 0.455213 0.028320 0.055800
0 0.659180 0.463289 0.039062 0.066079
0 0.794434 0.403818 0.034180 0.061674
0 0.829590 0.515419 0.036133 0.055800
0 0.928223 0.409692 0.022461 0.055800
0 0.953613 0.472100 0.036133 0.054332
0 0.056152 0.143172 0.034180 0.045521
0 0.172852 0.160059 0.025391 0.035242
0 0.273438 0.124816 0.025391 0.041116
0 0.420898 0.121145 0.023438 0.048458
0 0.522461 0.132893 0.021484 0.030837
0 0.625977 0.121145 0.021484 0.042584
0 0.733887 0.157856 0.022461 0.045521
0 0.831543 0.160059 0.020508 0.020558
0 0.926270 0.154919 0.020508 0.036711
