0 0.108887 0.114537 0.038086 0.067548
0 0.212402 0.132893 0.036133 0.057269
0 0.208008 0.069750 0.027344 0.048458
0 0.308594 0.046256 0.029297 0.048458
0 0.345215 0.119677 0.026367 0.057269
0 0.404297 0.143172 0.027344 0.054332
0 0.407715 0.069750 0.026367 0.051395
0 0.497559 0.246696 0.024414 0.049927
0 0.583008 0.138032 0.023438 0.049927
0 0.626465 0.173275 0.020508 0.038179
0 0.622070 0.052863 0.019531 0.038179
0 0.673828 0.101322 0.015625 0.038179
0 0.705078 0.143172 0.017578 0.039648
0 0.676758 0.178414 0.021484 0.042584
0 0.774414 0.135830 0.041016 0.074890
0 0.815430 0.104993 0.015625 0.030837
0 0.909180 0.068282 0.019531 0.060206
0 0.596680 0.103524 0.019531 0.036711
