0 0.095703 0.904832 0.083984 0.181552
0 0.343750 0.932650 0.087891 0.134700
0 0.325684 0.687408 0.041992 0.109810
0 0.251465 0.633968 0.040039 0.064422
0 0.407227 0.550512 0.033203 0.052709
0 0.546387 0.571010 0.040039 0.081991
0 0.525391 0.543192 0.031250 0.070278
0 0.592773 0.470717 0.025391 0.048316
0 0.631836 0.512445 0.019531 0.040996
0 0.666992 0.588580 0.035156 0.055637
0 0.691406 0.676428 0.042969 0.064422
0 0.690918 0.784773 0.043945 0.090776
0 0.632324 0.833821 0.051758 0.124451
0 0.793457 0.906296 0.063477 0.120059
0 0.785645 0.565154 0.034180 0.052709
0 0.737305 0.539531 0.021484 0.057101
0 0.317383 0.551245 0.025391 0.057101
0 0.150879 0.533675 0.032227 0.051245
0 0.209961 0.398243 0.015625 0.029283
0 0.232910 0.347731 0.014648 0.027818
0 0.325195 0.383602 0.019531 0.029283
0 0.361816 0.420937 0.022461 0.039531
0 0.458984 0.412884 0.013672 0.023426
0 0.510742 0.379941 0.017578 0.033675
0 0.277832 0.480234 0.024414 0.032211
0 0.428711 0.350659 0.015625 0.024890
0 0.500000 0.352855 0.011719 0.020498
0 0.476562 0.675695 0.046875 0.092240
0 0.416016 0.637628 0.039062 0.071742
0 0.875977 0.661054 0.054688 0.106881
0 0.934082 0.568082 0.043945 0.076135
0 0.818848 0.438507 0.024414 0.042460
0 0.852539 0.413616 0.025391 0.039531
0 0.876953 0.397511 0.021484 0.033675
0 0.930176 0.384334 0.022461 0.033675
0 0.925781 0.432650 0.025391 0.045388
0 0.809570 0.389458 0.019531 0.035139
0 0.787109 0.378477 0.017578 0.030747
0 0.834961 0.329429 0.009766 0.017570
0 0.851562 0.342606 0.013672 0.023426
0 0.957520 0.338946 0.014648 0.019034
0 0.987305 0.338946 0.015625 0.024890
0 0.778809 0.320644 0.012695 0.020498
0 0.668457 0.422401 0.020508 0.033675
0 0.728027 0.420937 0.014648 0.024890
0 0.725586 0.352855 0.011719 0.023426
0 0.763672 0.418009 0.019531 0.030747
0 0.744629 0.458272 0.020508 0.029283
0 0.722656 0.321376 0.011719 0.016105
0 0.659668 0.350659 0.016602 0.027818
0 0.642090 0.338946 0.012695 0.019034
0 0.581543 0.397511 0.018555 0.027818
0 0.572266 0.388726 0.017578 0.039531
0 0.600586 0.338946 0.013672 0.027818
0 0.619629 0.325037 0.008789 0.014641
0 0.930664 0.344802 0.011719 0.019034
0 0.307129 0.368960 0.012695 0.020498
0 0.507812 0.424597 0.015625 0.032211
0 0.479980 0.412152 0.012695 0.024890
0 0.156250 0.423865 0.015625 0.027818
0 0.142578 0.349195 0.013672 0.019034
0 0.167480 0.364568 0.012695 0.026354
