0 0.653809 0.334724 0.045898 0.072993
0 0.843750 0.492179 0.039062 0.056309
0 0.873047 0.484359 0.027344 0.042753
0 0.978027 0.481230 0.034180 0.042753
0 0.749512 0.499479 0.032227 0.039625
0 0.490234 0.462982 0.029297 0.054223
0 0.512695 0.455683 0.039062 0.056309
0 0.415039 0.559437 0.009766 0.017727
0 0.421387 0.574557 0.016602 0.022941
0 0.390137 0.591241 0.016602 0.016684
0 0.386230 0.570386 0.010742 0.016684
0 0.279785 0.550052 0.018555 0.019812
0 0.315918 0.555787 0.018555 0.022941
0 0.283203 0.584984 0.015625 0.018770
0 0.291016 0.637122 0.009766 0.018770
0 0.167969 0.416058 0.052734 0.066736
0 0.045410 0.602190 0.014648 0.015641
0 0.065430 0.569343 0.013672 0.018770
0 0.082520 0.556309 0.016602 0.017727
0 0.007812 0.560480 0.015625 0.019812
