0 0.017090 0.701318 0.008789 0.020498
0 0.072266 0.623719 0.009766 0.017570
0 0.091309 0.687408 0.010742 0.019034
0 0.085449 0.701318 0.010742 0.020498
0 0.358398 0.792826 0.009766 0.016105
0 0.323242 0.679356 0.011719 0.026354
0 0.412109 0.665447 0.011719 0.019034
0 0.463867 0.609078 0.017578 0.029283
0 0.497559 0.604685 0.008789 0.011713
0 0.495605 0.631772 0.010742 0.019034
0 0.510254 0.661054 0.012695 0.019034
0 0.528809 0.649341 0.010742 0.019034
0 0.521484 0.639824 0.009766 0.014641
0 0.725098 0.631040 0.010742 0.014641
0 0.742676 0.645681 0.010742 0.017570
0 0.750977 0.672035 0.011719 0.020498
0 0.753418 0.636896 0.008789 0.017570
0 0.763184 0.644217 0.010742 0.017570
0 0.770996 0.612738 0.012695 0.019034
0 0.788086 0.635432 0.011719 0.017570
0 0.776367 0.669107 0.007812 0.014641
0 0.786133 0.666911 0.011719 0.021962
0 0.798340 0.664714 0.012695 0.020498
0 0.808594 0.614934 0.011719 0.020498
0 0.810547 0.575403 0.007812 0.014641
0 0.823730 0.635432 0.010742 0.017570
0 0.838867 0.662518 0.013672 0.027818
0 0.845703 0.640556 0.009766 0.013177
0 0.872559 0.620791 0.010742 0.020498
0 0.888672 0.653734 0.013672 0.021962
0 0.854980 0.668375 0.012695 0.019034
0 0.903809 0.630307 0.010742 0.019034
0 0.891113 0.621523 0.010742 0.016105
0 0.899414 0.608346 0.009766 0.016105
0 0.920410 0.625183 0.008789 0.014641
0 0.941895 0.660322 0.008789 0.017570
0 0.955078 0.636164 0.009766 0.016105
0 0.959961 0.673499 0.009766 0.017570
0 0.932617 0.609078 0.009766 0.014641
0 0.947266 0.606149 0.007812 0.011713
0 0.980957 0.643485 0.010742 0.016105
