0 0.052734 0.051270 0.021484 0.028320
0 0.104004 0.057129 0.018555 0.020508
0 0.126465 0.062988 0.016602 0.018555
0 0.287109 0.075195 0.019531 0.023438
0 0.205566 0.062012 0.018555 0.028320
0 0.443848 0.051270 0.012695 0.012695
0 0.536133 0.093750 0.031250 0.037109
0 0.625977 0.069824 0.080078 0.127930
0 0.579102 0.039062 0.029297 0.025391
0 0.682617 0.038574 0.005859 0.006836
0 0.699707 0.048828 0.020508 0.025391
0 0.805176 0.061035 0.024414 0.030273
0 0.072266 0.213867 0.023438 0.023438
0 0.168457 0.210449 0.006836 0.010742
0 0.171387 0.257324 0.008789 0.012695
0 0.193359 0.262695 0.009766 0.011719
0 0.226562 0.261719 0.009766 0.013672
0 0.250488 0.260742 0.008789 0.011719
0 0.274414 0.261230 0.009766 0.010742
0 0.296387 0.268555 0.010742 0.011719
0 0.369629 0.208008 0.010742 0.019531
0 0.319336 0.203125 0.005859 0.009766
0 0.308105 0.218262 0.010742 0.010742
0 0.318359 0.220703 0.009766 0.015625
0 0.285645 0.215332 0.008789 0.010742
0 0.263184 0.216309 0.008789 0.008789
0 0.253906 0.215332 0.009766 0.008789
0 0.232422 0.216797 0.009766 0.011719
0 0.205078 0.217285 0.009766 0.008789
0 0.402344 0.217773 0.011719 0.013672
0 0.436035 0.220703 0.012695 0.009766
0 0.459961 0.209473 0.009766 0.016602
0 0.494141 0.208984 0.009766 0.019531
0 0.580566 0.292969 0.077148 0.078125
0 0.769043 0.254883 0.069336 0.089844
0 0.943848 0.272949 0.071289 0.110352
0 0.380859 0.358887 0.019531 0.030273
0 0.460938 0.359375 0.011719 0.017578
0 0.567871 0.355469 0.014648 0.023438
0 0.737305 0.389160 0.037109 0.051758
0 0.917480 0.399902 0.020508 0.030273
0 0.895508 0.359863 0.015625 0.016602
0 0.921875 0.551758 0.033203 0.039062
0 0.842773 0.590332 0.021484 0.026367
0 0.728516 0.557617 0.029297 0.042969
0 0.553711 0.538086 0.007812 0.007812
0 0.633789 0.547363 0.007812 0.006836
0 0.417969 0.548828 0.009766 0.011719
0 0.458984 0.594727 0.007812 0.007812
0 0.489258 0.593750 0.005859 0.007812
0 0.397949 0.596680 0.008789 0.009766
0 0.359375 0.601562 0.009766 0.007812
0 0.372559 0.607422 0.006836 0.007812
0 0.340820 0.601074 0.005859 0.006836
0 0.271973 0.530762 0.014648 0.018555
0 0.092773 0.522461 0.013672 0.017578
0 0.034180 0.723145 0.021484 0.030273
0 0.121094 0.713379 0.023438 0.032227
0 0.152832 0.729004 0.018555 0.016602
0 0.246582 0.710449 0.014648 0.016602
0 0.424316 0.696289 0.020508 0.023438
0 0.489258 0.714844 0.017578 0.021484
0 0.337891 0.692383 0.011719 0.019531
0 0.889160 0.874023 0.008789 0.011719
0 0.959473 0.921875 0.006836 0.007812
0 0.843262 0.902344 0.008789 0.009766
0 0.524902 0.850098 0.006836 0.008789
0 0.428711 0.873047 0.017578 0.013672
0 0.175293 0.889648 0.008789 0.007812
