0 0.155273 0.063820 0.050781 0.060461
0 0.063477 0.083493 0.015625 0.028791
0 0.409668 0.061900 0.043945 0.047025
0 0.449707 0.084933 0.010742 0.039347
0 0.495117 0.060940 0.035156 0.047025
0 0.542969 0.082054 0.035156 0.048944
0 0.671387 0.057582 0.041992 0.047985
0 0.752441 0.052783 0.030273 0.038388
0 0.791992 0.071017 0.039062 0.049904
0 0.870605 0.066219 0.010742 0.017274
0 0.927246 0.066219 0.040039 0.047985
0 0.100098 0.576775 0.036133 0.044146
0 0.244629 0.575336 0.036133 0.045106
0 0.380371 0.582534 0.038086 0.036468
0 0.640625 0.589731 0.046875 0.037428
0 0.879883 0.569578 0.035156 0.043186
