0 0.699707 0.946615 0.020508 0.036458
0 0.731445 0.899740 0.015625 0.028646
0 0.718262 0.897135 0.010742 0.028646
0 0.751465 0.867839 0.010742 0.022135
0 0.683105 0.841797 0.006836 0.011719
0 0.628418 0.841797 0.004883 0.009115
0 0.769043 0.899740 0.010742 0.023438
0 0.875977 0.940755 0.013672 0.032552
0 0.426270 0.859375 0.006836 0.015625
0 0.545410 0.835938 0.004883 0.007812
0 0.591309 0.833333 0.004883 0.010417
0 0.395020 0.915365 0.018555 0.031250
0 0.414551 0.920573 0.014648 0.026042
0 0.522461 0.820964 0.003906 0.009115
0 0.482910 0.921224 0.016602 0.022135
0 0.490234 0.882812 0.013672 0.023438
0 0.543457 0.912109 0.016602 0.027344
0 0.542969 0.888021 0.013672 0.018229
0 0.594238 0.872396 0.010742 0.020833
0 0.617676 0.890625 0.014648 0.023438
0 0.645996 0.847656 0.010742 0.020833
0 0.668457 0.845052 0.006836 0.010417
0 0.691406 0.883464 0.011719 0.024740
0 0.717285 0.863932 0.008789 0.019531
0 0.658203 0.942708 0.017578 0.023438
0 0.572754 0.832031 0.008789 0.010417
