0 0.683105 0.934846 0.063477 0.124451
0 0.514648 0.911420 0.046875 0.095168
0 0.036133 0.768668 0.042969 0.073206
0 0.044434 0.672035 0.028320 0.058565
0 0.067383 0.679356 0.019531 0.026354
0 0.070801 0.622987 0.016602 0.030747
0 0.042480 0.622987 0.012695 0.021962
0 0.081055 0.617862 0.009766 0.017570
0 0.105957 0.615666 0.008789 0.013177
0 0.125000 0.654466 0.013672 0.023426
0 0.106934 0.661054 0.010742 0.024890
0 0.128418 0.710102 0.030273 0.055637
0 0.162598 0.686676 0.040039 0.067350
0 0.146973 0.642753 0.020508 0.029283
0 0.127441 0.614202 0.008789 0.013177
0 0.148438 0.620791 0.007812 0.011713
0 0.168945 0.634700 0.007812 0.013177
0 0.203125 0.692533 0.021484 0.035139
0 0.201172 0.653001 0.015625 0.026354
0 0.214844 0.858712 0.054688 0.095168
0 0.321777 0.789898 0.034180 0.057101
0 0.286133 0.713763 0.031250 0.054173
0 0.340332 0.710835 0.024414 0.048316
0 0.307129 0.678624 0.016602 0.027818
0 0.270508 0.653001 0.017578 0.035139
0 0.294922 0.658126 0.017578 0.027818
0 0.371582 0.663982 0.016602 0.036603
0 0.385254 0.660322 0.012695 0.023426
0 0.272461 0.617130 0.007812 0.013177
0 0.298340 0.614202 0.004883 0.010249
0 0.449219 0.741581 0.035156 0.074671
0 0.415527 0.672035 0.018555 0.038067
0 0.385742 0.622987 0.005859 0.010249
0 0.337402 0.622987 0.008789 0.013177
0 0.345703 0.618594 0.005859 0.010249
0 0.429199 0.800878 0.016602 0.046852
0 0.540527 0.785505 0.034180 0.048316
0 0.509766 0.740849 0.031250 0.049780
0 0.527344 0.704246 0.017578 0.032211
0 0.558594 0.731332 0.021484 0.036603
0 0.545898 0.653001 0.009766 0.020498
0 0.560547 0.631772 0.007812 0.013177
0 0.474121 0.647877 0.010742 0.021962
0 0.611816 0.690337 0.016602 0.036603
0 0.635742 0.748170 0.027344 0.058565
0 0.596191 0.751830 0.022461 0.045388
0 0.670898 0.751098 0.017578 0.046852
0 0.680664 0.677892 0.011719 0.029283
0 0.750000 0.789165 0.023438 0.043924
0 0.695312 0.860176 0.025391 0.045388
0 0.726074 0.719619 0.022461 0.033675
0 0.794434 0.668375 0.016602 0.039531
0 0.750488 0.693265 0.016602 0.021962
0 0.756836 0.644217 0.009766 0.017570
0 0.719238 0.639092 0.008789 0.016105
0 0.932129 0.896779 0.065430 0.080527
0 0.944824 0.640556 0.006836 0.010249
0 0.803223 0.732064 0.022461 0.040996
0 0.871094 0.762079 0.021484 0.039531
0 0.895020 0.742313 0.022461 0.038067
0 0.979004 0.771596 0.024414 0.052709
0 0.949219 0.721816 0.021484 0.035139
0 0.842285 0.702782 0.018555 0.035139
0 0.966309 0.633236 0.006836 0.010249
0 0.976562 0.628843 0.005859 0.010249
