0 0.067871 0.594017 0.016602 0.034188
0 0.253418 0.476496 0.014648 0.024217
0 0.469727 0.567664 0.015625 0.029915
0 0.511719 0.573362 0.019531 0.032764
0 0.484863 0.423789 0.016602 0.027066
0 0.566406 0.680199 0.019531 0.049858
0 0.537598 0.634615 0.018555 0.049858
0 0.608398 0.499288 0.009766 0.018519
0 0.767090 0.415242 0.004883 0.009972
0 0.709961 0.475783 0.005859 0.011396
0 0.142090 0.467236 0.004883 0.011396
0 0.153809 0.467236 0.004883 0.011396
0 0.371582 0.517094 0.006836 0.011396
0 0.457031 0.529915 0.005859 0.005698
