0 0.019531 0.421875 0.015625 0.052083
0 0.049805 0.438151 0.035156 0.048177
0 0.107422 0.444010 0.021484 0.036458
0 0.220215 0.457031 0.028320 0.041667
0 0.277344 0.452474 0.023438 0.037760
0 0.391602 0.478516 0.025391 0.053385
0 0.330566 0.488932 0.006836 0.011719
0 0.480469 0.432292 0.009766 0.015625
0 0.528809 0.419922 0.008789 0.014323
0 0.694336 0.442057 0.015625 0.024740
0 0.773926 0.472005 0.026367 0.048177
0 0.849609 0.434245 0.027344 0.035156
0 0.962891 0.434896 0.031250 0.057292
0 0.763672 0.426432 0.009766 0.016927
0 0.134277 0.417318 0.004883 0.009115
0 0.175781 0.403646 0.005859 0.010417
0 0.192871 0.405599 0.002930 0.006510
0 0.738281 0.450521 0.009766 0.018229
0 0.374512 0.513672 0.008789 0.014323
0 0.509277 0.421224 0.006836 0.009115
0 0.489746 0.417969 0.006836 0.013021
0 0.566895 0.428385 0.006836 0.010417
