0 0.196289 0.658854 0.021484 0.078125
0 0.220703 0.644531 0.027344 0.078125
0 0.260742 0.636719 0.021484 0.039062
0 0.492676 0.594401 0.032227 0.045573
0 0.407715 0.549479 0.010742 0.018229
0 0.340820 0.544922 0.009766 0.016927
0 0.765625 0.781250 0.035156 0.059896
0 0.687012 0.465495 0.018555 0.035156
0 0.783203 0.558594 0.013672 0.018229
0 0.864746 0.382812 0.006836 0.010417
0 0.489746 0.495443 0.016602 0.022135
0 0.620117 0.524089 0.009766 0.016927
0 0.476074 0.390625 0.004883 0.007812
0 0.497070 0.411458 0.007812 0.013021
0 0.556641 0.387370 0.003906 0.006510
0 0.531738 0.442057 0.004883 0.009115
0 0.531738 0.386068 0.002930 0.006510
0 0.562988 0.513672 0.006836 0.014323
0 0.534668 0.458333 0.004883 0.007812
0 0.485840 0.449219 0.008789 0.013021
0 0.899902 0.371745 0.006836 0.009115
0 0.939453 0.382812 0.007812 0.013021
0 0.412109 0.440104 0.005859 0.013021
0 0.336426 0.496094 0.004883 0.007812
0 0.910645 0.375000 0.006836 0.007812
0 0.491699 0.391927 0.004883 0.007812
0 0.513184 0.388021 0.004883 0.007812
