0 0.030762 0.609375 0.018555 0.039062
0 0.053223 0.647135 0.024414 0.039062
0 0.025879 0.677734 0.016602 0.037760
0 0.093750 0.607422 0.021484 0.037760
0 0.198730 0.647786 0.026367 0.040365
0 0.259277 0.686198 0.024414 0.033854
0 0.368164 0.759766 0.017578 0.027344
0 0.332031 0.625651 0.009766 0.016927
0 0.252930 0.631510 0.009766 0.018229
0 0.395996 0.623047 0.010742 0.014323
0 0.677734 0.619792 0.011719 0.018229
0 0.501953 0.617839 0.011719 0.014323
0 0.534668 0.906901 0.020508 0.029948
0 0.474609 0.633464 0.007812 0.014323
0 0.730469 0.654948 0.015625 0.020833
0 0.894043 0.776042 0.022461 0.070312
0 0.930176 0.806641 0.016602 0.035156
0 0.765625 0.895833 0.042969 0.080729
0 0.718262 0.607422 0.010742 0.014323
0 0.910156 0.611328 0.009766 0.011719
0 0.926758 0.698568 0.013672 0.019531
0 0.786133 0.701172 0.021484 0.027344
0 0.861816 0.600260 0.008789 0.015625
0 0.769531 0.585286 0.007812 0.014323
0 0.538086 0.712891 0.013672 0.016927
0 0.525391 0.618490 0.005859 0.010417
0 0.422852 0.638672 0.009766 0.014323
0 0.627930 0.740234 0.015625 0.016927
0 0.412598 0.764974 0.010742 0.022135
0 0.303223 0.588542 0.006836 0.010417
0 0.165527 0.638672 0.016602 0.035156
0 0.458984 0.888672 0.013672 0.029948
0 0.603516 0.596354 0.007812 0.015625
0 0.011230 0.631510 0.022461 0.031250
0 0.224609 0.579427 0.007812 0.010417
0 0.184082 0.581380 0.006836 0.009115
0 0.456543 0.618490 0.006836 0.010417
0 0.570801 0.572917 0.006836 0.010417
0 0.586426 0.751302 0.016602 0.020833
0 0.884277 0.598958 0.010742 0.018229
