0 0.238281 0.184647 0.029297 0.062241
0 0.218262 0.248963 0.030273 0.055325
0 0.244629 0.290456 0.038086 0.077455
0 0.276367 0.336100 0.044922 0.080221
0 0.307129 0.230290 0.026367 0.051176
0 0.340820 0.229599 0.033203 0.058091
0 0.369141 0.261411 0.037109 0.058091
0 0.408203 0.271093 0.027344 0.060858
0 0.448242 0.335408 0.037109 0.076072
0 0.494629 0.296680 0.024414 0.065007
0 0.482422 0.259336 0.019531 0.056708
0 0.449219 0.190871 0.013672 0.024896
0 0.478516 0.196404 0.011719 0.022130
0 0.308105 0.194329 0.018555 0.031812
0 0.258301 0.246196 0.024414 0.044260
0 0.434082 0.210927 0.010742 0.026279
0 0.534180 0.210235 0.017578 0.038728
0 0.535645 0.265560 0.024414 0.041494
0 0.577637 0.286307 0.041992 0.085754
0 0.628906 0.385892 0.070312 0.118949
0 0.698730 0.272476 0.022461 0.063624
0 0.735840 0.275934 0.020508 0.048409
0 0.722656 0.360996 0.037109 0.049793
0 0.684570 0.408714 0.029297 0.070539
0 0.828125 0.379668 0.021484 0.065007
0 0.876465 0.449516 0.061523 0.135546
0 0.354492 0.548409 0.056641 0.045643
0 0.357910 0.693638 0.055664 0.131397
0 0.044922 0.677040 0.087891 0.103734
0 0.327148 0.153527 0.011719 0.016598
0 0.375977 0.177732 0.013672 0.020747
0 0.902344 0.376902 0.025391 0.053942
