0 0.952637 0.107190 0.006836 0.011984
0 0.965332 0.110519 0.006836 0.013316
0 0.986816 0.097870 0.006836 0.014647
0 0.869629 0.113848 0.006836 0.011984
0 0.929199 0.104527 0.004883 0.009321
0 0.936035 0.113182 0.006836 0.010652
0 0.733398 0.090546 0.005859 0.013316
0 0.756836 0.096538 0.007812 0.014647
0 0.661621 0.121172 0.002930 0.007989
0 0.693359 0.132490 0.003906 0.006658
0 0.679688 0.121838 0.005859 0.006658
0 0.445801 0.120506 0.004883 0.009321
0 0.420410 0.119174 0.004883 0.009321
0 0.407715 0.125832 0.004883 0.006658
0 0.393066 0.119840 0.004883 0.007989
0 0.386719 0.118509 0.003906 0.007989
0 0.358398 0.117843 0.003906 0.006658
0 0.347168 0.129827 0.002930 0.006658
0 0.328613 0.117177 0.004883 0.007989
0 0.333984 0.188415 0.005859 0.011984
0 0.376465 0.208389 0.004883 0.014647
0 0.333008 0.245672 0.007812 0.011984
0 0.241699 0.113182 0.004883 0.005326
0 0.320312 0.126498 0.003906 0.007989
0 0.239746 0.158455 0.004883 0.007989
0 0.275391 0.190413 0.005859 0.010652
0 0.285156 0.183089 0.005859 0.011984
0 0.300781 0.161119 0.005859 0.010652
0 0.306641 0.219041 0.005859 0.011984
0 0.307129 0.264314 0.004883 0.009321
0 0.295898 0.252996 0.005859 0.010652
0 0.171387 0.113848 0.004883 0.009321
0 0.185059 0.123169 0.004883 0.009321
0 0.165039 0.117843 0.005859 0.009321
0 0.373535 0.287617 0.006836 0.010652
0 0.483887 0.358189 0.006836 0.013316
0 0.503418 0.348868 0.006836 0.013316
0 0.518555 0.384820 0.005859 0.013316
0 0.608887 0.492011 0.006836 0.011984
0 0.616699 0.507324 0.006836 0.013316
0 0.622070 0.554594 0.007812 0.014647
0 0.508301 0.498668 0.004883 0.009321
0 0.671387 0.617843 0.006836 0.010652
0 0.692383 0.628495 0.005859 0.013316
0 0.583984 0.456059 0.003906 0.011984
0 0.548340 0.420107 0.004883 0.011984
0 0.740234 0.551265 0.003906 0.007989
0 0.838379 0.633822 0.004883 0.010652
0 0.696777 0.669108 0.008789 0.014647
0 0.839355 0.711052 0.008789 0.015979
0 0.943359 0.698402 0.007812 0.017310
0 0.238281 0.442743 0.003906 0.009321
0 0.258789 0.454061 0.003906 0.007989
0 0.050293 0.585885 0.004883 0.010652
0 0.100586 0.552597 0.005859 0.007989
0 0.125977 0.536618 0.005859 0.010652
0 0.337402 0.755659 0.006836 0.014647
0 0.408203 0.802264 0.005859 0.014647
0 0.506836 0.841545 0.007812 0.015979
0 0.632324 0.896138 0.004883 0.010652
0 0.397461 0.717044 0.003906 0.006658
0 0.064453 0.119174 0.005859 0.009321
0 0.044434 0.117177 0.004883 0.010652
0 0.924805 0.838216 0.007812 0.017310
0 0.955566 0.866844 0.012695 0.021305
0 0.402344 0.117843 0.003906 0.006658
0 0.269531 0.424101 0.003906 0.003995
0 0.218750 0.421438 0.003906 0.006658
0 0.200195 0.422104 0.003906 0.007989
0 0.183105 0.423435 0.004883 0.007989
0 0.274902 0.120506 0.004883 0.006658
0 0.249023 0.124501 0.003906 0.009321
0 0.212402 0.121172 0.006836 0.013316
0 0.781738 0.709055 0.008789 0.009321
0 0.727051 0.680426 0.006836 0.013316
0 0.171875 0.645140 0.007812 0.009321
0 0.145020 0.628495 0.004883 0.010652
0 0.258789 0.682423 0.005859 0.011984
0 0.255859 0.719707 0.007812 0.014647
0 0.641602 0.005992 0.007812 0.011984
