0 0.110840 0.116319 0.032227 0.055556
0 0.227051 0.238715 0.059570 0.133681
0 0.092773 0.302951 0.078125 0.175347
0 0.140137 0.810764 0.102539 0.197917
0 0.689453 0.130208 0.048828 0.093750
0 0.724121 0.339410 0.059570 0.192708
0 0.828613 0.345486 0.034180 0.131944
0 0.680176 0.296875 0.045898 0.142361
0 0.590820 0.158854 0.033203 0.088542
0 0.087891 0.587674 0.050781 0.185764
0 0.146484 0.093750 0.027344 0.059028
0 0.534668 0.485243 0.079102 0.147569
0 0.807129 0.216146 0.038086 0.098958
0 0.939453 0.179688 0.025391 0.074653
0 0.346680 0.065972 0.019531 0.038194
0 0.219238 0.062500 0.016602 0.034722
0 0.183105 0.618924 0.073242 0.116319
0 0.851074 0.388021 0.032227 0.112847
0 0.244629 0.092882 0.018555 0.057292
0 0.551758 0.282118 0.048828 0.147569
