0 0.007812 0.454427 0.003906 0.010417
0 0.014648 0.462891 0.003906 0.009115
0 0.139648 0.454427 0.007812 0.018229
0 0.153320 0.466146 0.011719 0.020833
0 0.180664 0.493490 0.007812 0.026042
0 0.191406 0.452474 0.007812 0.014323
0 0.082520 0.516276 0.010742 0.027344
0 0.062500 0.479818 0.011719 0.019531
0 0.103027 0.576172 0.032227 0.048177
0 0.129883 0.618490 0.025391 0.049479
0 0.308594 0.416667 0.007812 0.013021
0 0.252441 0.526042 0.018555 0.033854
0 0.318359 0.575521 0.019531 0.031250
0 0.344238 0.485677 0.012695 0.031250
0 0.340820 0.433594 0.007812 0.013021
0 0.479004 0.443359 0.010742 0.011719
0 0.531250 0.475911 0.009766 0.022135
0 0.605957 0.471354 0.014648 0.023438
0 0.622559 0.457031 0.008789 0.026042
0 0.613770 0.423177 0.008789 0.013021
0 0.501465 0.569661 0.024414 0.035156
0 0.526855 0.733073 0.032227 0.020833
0 0.657715 0.408203 0.006836 0.011719
0 0.721191 0.441406 0.012695 0.023438
0 0.835449 0.465495 0.010742 0.024740
0 0.849609 0.416016 0.005859 0.009115
