0 0.357422 0.131772 0.007812 0.017570
0 0.375977 0.140556 0.005859 0.014641
0 0.429199 0.136164 0.006836 0.014641
0 0.467773 0.135432 0.005859 0.016105
0 0.489746 0.135432 0.006836 0.019034
0 0.446289 0.136896 0.005859 0.016105
0 0.534180 0.145681 0.007812 0.016105
0 0.599121 0.136896 0.008789 0.016105
0 0.637207 0.153734 0.008789 0.017570
0 0.662598 0.139824 0.004883 0.013177
0 0.704102 0.142020 0.005859 0.011713
0 0.739746 0.140556 0.004883 0.014641
0 0.783691 0.131772 0.006836 0.017570
0 0.877441 0.150073 0.004883 0.013177
0 0.902832 0.143485 0.008789 0.017570
0 0.085938 0.155930 0.007812 0.016105
0 0.036621 0.208638 0.030273 0.051245
0 0.094727 0.199854 0.019531 0.036603
0 0.149902 0.293558 0.028320 0.062958
0 0.204590 0.289898 0.014648 0.035139
0 0.293457 0.412152 0.016602 0.048316
0 0.428711 0.453148 0.017578 0.024890
0 0.553711 0.526354 0.007812 0.016105
0 0.582520 0.513177 0.006836 0.013177
0 0.586914 0.549780 0.005859 0.010249
0 0.638184 0.545388 0.004883 0.013177
0 0.685059 0.546852 0.004883 0.013177
0 0.807617 0.778184 0.007812 0.021962
0 0.792969 0.866764 0.013672 0.029283
0 0.893066 0.519034 0.006836 0.013177
0 0.846680 0.515373 0.005859 0.011713
0 0.851562 0.559297 0.007812 0.014641
0 0.860352 0.581259 0.003906 0.014641
0 0.880371 0.642753 0.008789 0.017570
0 0.971191 0.567350 0.006836 0.013177
0 0.984375 0.585652 0.007812 0.014641
0 0.969238 0.606149 0.006836 0.014641
0 0.636230 0.612738 0.018555 0.039531
0 0.569336 0.687408 0.017578 0.042460
0 0.783691 0.681552 0.006836 0.019034
0 0.758789 0.592972 0.005859 0.011713
0 0.720703 0.587848 0.005859 0.013177
0 0.912109 0.814056 0.011719 0.023426
0 0.908691 0.866032 0.016602 0.030747
0 0.961426 0.138360 0.008789 0.013177
0 0.991211 0.142753 0.005859 0.013177
0 0.528320 0.521962 0.003906 0.010249
0 0.521484 0.631772 0.011719 0.033675
0 0.188477 0.136896 0.007812 0.013177
0 0.257812 0.126647 0.007812 0.019034
0 0.607422 0.144949 0.005859 0.011713
0 0.766113 0.539531 0.004883 0.010249
0 0.782227 0.560029 0.003906 0.010249
0 0.810547 0.613470 0.005859 0.011713
