0 0.354004 0.491634 0.036133 0.059202
0 0.194824 0.431145 0.041992 0.066924
0 0.126953 0.323037 0.033203 0.051480
0 0.015625 0.388674 0.027344 0.041184
0 0.205566 0.348777 0.028320 0.043758
0 0.311523 0.309524 0.025391 0.047619
0 0.452148 0.356499 0.027344 0.043758
0 0.343750 0.355212 0.029297 0.048906
0 0.512695 0.554698 0.025391 0.046332
0 0.548828 0.513514 0.025391 0.043758
0 0.637207 0.511583 0.030273 0.039897
0 0.513672 0.371943 0.023438 0.033462
0 0.552246 0.383526 0.022461 0.033462
0 0.605469 0.373874 0.023438 0.032175
0 0.636719 0.391248 0.023438 0.033462
0 0.703125 0.371943 0.021484 0.030888
0 0.650391 0.400901 0.017578 0.032175
0 0.795898 0.510296 0.019531 0.029601
0 0.859863 0.503861 0.020508 0.032175
0 0.850586 0.433719 0.019531 0.030888
0 0.896973 0.442085 0.022461 0.032175
0 0.936035 0.440798 0.022461 0.034749
0 0.778320 0.485199 0.023438 0.033462
0 0.791504 0.451094 0.024414 0.029601
0 0.773438 0.450450 0.021484 0.030888
0 0.733398 0.415058 0.019531 0.032175
0 0.584473 0.388674 0.016602 0.028314
