0 0.746094 0.211914 0.013672 0.012370
0 0.868164 0.147461 0.009766 0.008464
0 0.743652 0.177734 0.010742 0.007812
0 0.817383 0.184570 0.009766 0.008464
0 0.872559 0.176758 0.008789 0.008464
0 0.576172 0.201823 0.013672 0.011719
0 0.620605 0.202148 0.010742 0.009766
0 0.702148 0.217773 0.011719 0.012370
0 0.765137 0.221029 0.010742 0.012370
0 0.829102 0.257812 0.019531 0.019531
0 0.841309 0.290365 0.020508 0.020833
0 0.568359 0.235677 0.019531 0.016927
0 0.746094 0.300456 0.021484 0.018880
0 0.368164 0.270182 0.019531 0.018229
0 0.561523 0.344076 0.041016 0.029297
0 0.229004 0.307617 0.079102 0.060547
0 0.886719 0.222982 0.011719 0.013672
