0 0.076172 0.345703 0.041016 0.063802
0 0.118652 0.333984 0.030273 0.048177
0 0.205078 0.345703 0.037109 0.058594
0 0.281738 0.358724 0.032227 0.048177
0 0.328613 0.365234 0.026367 0.040365
0 0.388184 0.351562 0.030273 0.057292
0 0.409668 0.375651 0.016602 0.035156
0 0.443359 0.401042 0.025391 0.039062
0 0.502930 0.391276 0.023438 0.040365
0 0.555176 0.402344 0.022461 0.036458
0 0.615234 0.377604 0.025391 0.033854
0 0.656250 0.371745 0.023438 0.037760
0 0.949707 0.352214 0.030273 0.050781
0 0.783691 0.373698 0.012695 0.059896
0 0.476562 0.376953 0.019531 0.029948
