0 0.220215 0.567251 0.028320 0.061404
0 0.123535 0.698099 0.008789 0.021930
0 0.412598 0.625731 0.008789 0.014620
0 0.457520 0.633772 0.006836 0.016082
0 0.496094 0.616228 0.007812 0.019006
0 0.503906 0.683480 0.007812 0.016082
0 0.533203 0.689327 0.009766 0.019006
0 0.448242 0.695906 0.007812 0.017544
0 0.586426 0.607456 0.018555 0.039474
0 0.656250 0.632310 0.015625 0.030702
0 0.698242 0.654240 0.015625 0.030702
0 0.726562 0.606725 0.019531 0.038012
0 0.775879 0.621345 0.016602 0.035088
0 0.814941 0.627924 0.016602 0.027778
0 0.885254 0.703947 0.012695 0.024854
0 0.954102 0.744883 0.009766 0.019006
0 0.077148 0.694444 0.011719 0.020468
0 0.021973 0.673977 0.004883 0.008772
0 0.482910 0.609649 0.006836 0.011696
0 0.452148 0.679825 0.005859 0.011696
0 0.458496 0.671784 0.006836 0.013158
0 0.923340 0.726608 0.008789 0.020468
0 0.899902 0.716374 0.006836 0.014620
0 0.909180 0.714181 0.005859 0.013158
