0 0.102539 0.441298 0.017578 0.029006
0 0.118652 0.433702 0.014648 0.030387
0 0.135742 0.425414 0.021484 0.035912
0 0.159180 0.413674 0.023438 0.037293
0 0.190430 0.397790 0.027344 0.046961
0 0.223633 0.378453 0.029297 0.046961
0 0.268555 0.362569 0.031250 0.051105
0 0.313965 0.330110 0.036133 0.058011
0 0.381348 0.367403 0.030273 0.049724
0 0.527344 0.196133 0.058594 0.082873
0 0.855957 0.237569 0.049805 0.082873
0 0.996582 0.545580 0.006836 0.011050
0 0.776367 0.561464 0.007812 0.015193
0 0.068359 0.471685 0.017578 0.026243
0 0.060547 0.477901 0.011719 0.019337
0 0.046875 0.486878 0.007812 0.015193
0 0.042480 0.491022 0.008789 0.015193
