0 0.083496 0.330078 0.040039 0.061198
0 0.260254 0.311198 0.045898 0.072917
0 0.395508 0.339193 0.035156 0.055990
0 0.424316 0.305990 0.010742 0.018229
0 0.307617 0.366536 0.009766 0.016927
0 0.322754 0.395182 0.016602 0.027344
0 0.358398 0.381510 0.015625 0.028646
0 0.451172 0.352214 0.029297 0.048177
0 0.518555 0.276693 0.009766 0.016927
0 0.467285 0.347005 0.006836 0.016927
0 0.550781 0.365234 0.009766 0.016927
0 0.534668 0.363281 0.008789 0.015625
0 0.521484 0.389323 0.019531 0.028646
0 0.500977 0.335938 0.007812 0.020833
0 0.523926 0.339844 0.008789 0.018229
0 0.569336 0.322917 0.007812 0.020833
0 0.628418 0.328125 0.040039 0.072917
0 0.668457 0.293620 0.008789 0.019531
0 0.673828 0.315755 0.009766 0.022135
0 0.653809 0.342448 0.008789 0.020833
0 0.702148 0.304036 0.009766 0.022135
0 0.708984 0.318359 0.011719 0.022135
0 0.749023 0.285807 0.015625 0.027344
0 0.740723 0.333333 0.016602 0.028646
0 0.761719 0.339193 0.017578 0.027344
0 0.738770 0.371745 0.014648 0.022135
0 0.815430 0.330078 0.037109 0.058594
0 0.872070 0.331380 0.013672 0.029948
0 0.888672 0.287109 0.013672 0.024740
0 0.904785 0.353516 0.024414 0.040365
0 0.938965 0.359375 0.024414 0.044271
0 0.960449 0.332682 0.012695 0.024740
0 0.052734 0.387370 0.013672 0.022135
0 0.007324 0.375000 0.010742 0.020833
0 0.040039 0.374349 0.011719 0.014323
0 0.496582 0.311849 0.010742 0.019531
0 0.470703 0.380208 0.009766 0.015625
0 0.504395 0.392578 0.008789 0.016927
0 0.483398 0.367839 0.009766 0.014323
0 0.217285 0.346354 0.006836 0.013021
0 0.192871 0.352865 0.004883 0.010417
