0 0.243652 0.329091 0.073242 0.129697
0 0.046875 0.554545 0.029297 0.056970
0 0.260254 0.576970 0.022461 0.063030
0 0.330566 0.545455 0.026367 0.043636
0 0.313965 0.669697 0.032227 0.100606
0 0.388672 0.557576 0.021484 0.058182
0 0.450195 0.626667 0.025391 0.050909
0 0.109863 0.594545 0.020508 0.056970
0 0.514160 0.548485 0.024414 0.054545
0 0.554688 0.520606 0.011719 0.035152
0 0.644531 0.546667 0.023438 0.041212
0 0.646973 0.578788 0.020508 0.049697
0 0.738281 0.552121 0.031250 0.054545
0 0.812012 0.541818 0.026367 0.050909
0 0.698730 0.549697 0.020508 0.042424
0 0.946289 0.563636 0.021484 0.060606
0 0.929199 0.593939 0.016602 0.058182
0 0.474121 0.593939 0.038086 0.087273
0 0.652344 0.735758 0.037109 0.121212
0 0.808105 0.700606 0.038086 0.077576
0 0.927246 0.325455 0.012695 0.030303
0 0.520508 0.618788 0.019531 0.052121
