0 0.101562 0.291789 0.052734 0.096774
0 0.176270 0.298387 0.049805 0.083578
0 0.283203 0.337977 0.046875 0.095308
0 0.367676 0.296921 0.049805 0.086510
0 0.471680 0.323314 0.044922 0.109971
0 0.495605 0.274194 0.038086 0.064516
0 0.556641 0.347507 0.041016 0.085044
0 0.614746 0.364370 0.038086 0.068915
0 0.668945 0.335777 0.037109 0.067449
0 0.727539 0.296921 0.042969 0.080645
0 0.796875 0.325513 0.037109 0.064516
0 0.844238 0.362170 0.032227 0.067449
0 0.882812 0.357038 0.029297 0.065982
0 0.937988 0.348240 0.038086 0.065982
0 0.320312 0.269795 0.025391 0.070381
0 0.412598 0.317449 0.045898 0.068915
0 0.760254 0.346774 0.034180 0.068915
