0 0.057129 0.564642 0.006836 0.017134
0 0.077148 0.597352 0.023438 0.045171
0 0.027832 0.564642 0.008789 0.017134
0 0.154785 0.618380 0.020508 0.043614
0 0.233887 0.677570 0.016602 0.040498
0 0.252441 0.663551 0.014648 0.028037
0 0.263672 0.616044 0.017578 0.032710
0 0.316406 0.609034 0.017578 0.034268
0 0.303711 0.675234 0.017578 0.032710
0 0.337891 0.670561 0.013672 0.029595
0 0.373535 0.605140 0.014648 0.032710
0 0.403320 0.605140 0.015625 0.032710
0 0.385742 0.680685 0.017578 0.040498
0 0.417969 0.657321 0.015625 0.031153
0 0.333984 0.789720 0.019531 0.043614
0 0.461914 0.618380 0.015625 0.028037
0 0.499512 0.623832 0.014648 0.029595
0 0.531250 0.619159 0.015625 0.032710
0 0.557129 0.640966 0.016602 0.029595
0 0.469727 0.695483 0.015625 0.032710
0 0.472168 0.788162 0.020508 0.043614
0 0.552734 0.687695 0.017578 0.038941
0 0.609863 0.629283 0.014648 0.021807
0 0.630371 0.704829 0.018555 0.032710
0 0.646484 0.616822 0.021484 0.031153
0 0.722168 0.637850 0.020508 0.035826
0 0.783691 0.663551 0.018555 0.031153
0 0.842285 0.655763 0.018555 0.037383
0 0.230957 0.588006 0.006836 0.010903
0 0.242676 0.584112 0.006836 0.012461
