0 0.036621 0.637755 0.008789 0.016035
0 0.083496 0.647230 0.008789 0.017493
0 0.259766 0.622449 0.007812 0.014577
0 0.295410 0.591108 0.006836 0.016035
0 0.371582 0.619534 0.006836 0.014577
0 0.660645 0.842566 0.016602 0.034985
0 0.541992 0.725948 0.011719 0.020408
0 0.612305 0.677843 0.007812 0.020408
0 0.632324 0.684402 0.012695 0.021866
0 0.524414 0.681487 0.009766 0.018950
0 0.429688 0.688047 0.009766 0.017493
0 0.508301 0.635569 0.008789 0.014577
0 0.667480 0.607872 0.006836 0.011662
0 0.645508 0.599854 0.005859 0.010204
0 0.557617 0.596939 0.005859 0.010204
0 0.649414 0.639942 0.007812 0.011662
0 0.696777 0.642857 0.006836 0.014577
0 0.737305 0.637755 0.007812 0.010204
0 0.522949 0.509475 0.002930 0.007289
0 0.458984 0.680029 0.007812 0.018950
0 0.295898 0.709913 0.005859 0.017493
0 0.778320 0.652332 0.005859 0.013120
0 0.552246 0.629009 0.006836 0.013120
0 0.717285 0.521866 0.004883 0.008746
0 0.258301 0.663265 0.008789 0.017493
0 0.285645 0.637026 0.006836 0.011662
0 0.298828 0.641399 0.007812 0.014577
0 0.325195 0.681487 0.007812 0.016035
0 0.396973 0.612974 0.006836 0.013120
0 0.470703 0.636297 0.005859 0.013120
0 0.486816 0.591837 0.006836 0.014577
0 0.114258 0.611516 0.007812 0.013120
0 0.979004 0.742711 0.014648 0.024781
