0 0.111816 0.238932 0.104492 0.209635
0 0.433594 0.202474 0.123047 0.175781
0 0.658203 0.186849 0.109375 0.220052
0 0.921387 0.371745 0.098633 0.180990
0 0.226074 0.824870 0.047852 0.069010
0 0.191406 0.731120 0.029297 0.058594
0 0.211426 0.670573 0.032227 0.059896
0 0.311035 0.485026 0.026367 0.050781
0 0.273438 0.251953 0.023438 0.042969
0 0.334473 0.302083 0.022461 0.044271
0 0.244629 0.296875 0.022461 0.039062
0 0.185547 0.255208 0.023438 0.039062
0 0.235840 0.207031 0.022461 0.039062
0 0.259277 0.130208 0.026367 0.044271
0 0.305176 0.225260 0.020508 0.044271
0 0.315918 0.128906 0.022461 0.041667
0 0.506348 0.191406 0.024414 0.046875
0 0.544922 0.130208 0.021484 0.041667
0 0.284180 0.160807 0.021484 0.042969
0 0.172852 0.134766 0.021484 0.032552
0 0.156738 0.041016 0.020508 0.037760
0 0.119629 0.112630 0.028320 0.048177
0 0.079102 0.035156 0.021484 0.031250
0 0.267090 0.067057 0.018555 0.035156
0 0.199219 0.047526 0.023438 0.037760
0 0.145508 0.086589 0.023438 0.040365
0 0.008789 0.065755 0.017578 0.048177
0 0.068848 0.089844 0.030273 0.052083
0 0.017090 0.264974 0.030273 0.050781
0 0.104492 0.074219 0.025391 0.046875
0 0.237305 0.082031 0.023438 0.046875
0 0.215332 0.458333 0.036133 0.059896
0 0.919434 0.835938 0.051758 0.085938
0 0.857422 0.805990 0.041016 0.070312
0 0.877441 0.703776 0.034180 0.069010
0 0.949707 0.703125 0.034180 0.072917
0 0.979492 0.813802 0.037109 0.067708
0 0.991211 0.648438 0.017578 0.057292
0 0.982910 0.509766 0.026367 0.050781
0 0.919434 0.239583 0.032227 0.062500
0 0.883301 0.267578 0.030273 0.066406
0 0.836914 0.221354 0.025391 0.049479
0 0.881836 0.212891 0.031250 0.050781
0 0.819336 0.336589 0.031250 0.069010
0 0.989258 0.272135 0.021484 0.049479
0 0.878418 0.126953 0.024414 0.042969
0 0.920898 0.093099 0.019531 0.037760
0 0.939941 0.130208 0.022461 0.039062
0 0.925781 0.192057 0.019531 0.032552
0 0.813477 0.062500 0.021484 0.033854
0 0.790039 0.110677 0.019531 0.031250
0 0.811523 0.171224 0.019531 0.029948
0 0.720215 0.042318 0.016602 0.029948
0 0.760254 0.022786 0.018555 0.029948
0 0.562500 0.021484 0.025391 0.042969
0 0.507324 0.029297 0.026367 0.040365
0 0.585449 0.060547 0.024414 0.042969
0 0.750488 0.161458 0.022461 0.041667
0 0.773926 0.067057 0.026367 0.040365
0 0.908691 0.034505 0.018555 0.037760
0 0.881836 0.098958 0.023438 0.036458
0 0.862305 0.010417 0.017578 0.020833
0 0.967285 0.025391 0.018555 0.027344
0 0.946777 0.074219 0.018555 0.031250
0 0.959961 0.049479 0.015625 0.031250
0 0.211426 0.618490 0.032227 0.059896
0 0.029297 0.014323 0.031250 0.028646
0 0.741211 0.076823 0.021484 0.036458
0 0.713867 0.121745 0.023438 0.050781
0 0.820312 0.123698 0.023438 0.039062
