0 0.956055 0.246340 0.056641 0.053441
0 0.826172 0.256589 0.068359 0.047584
0 0.614746 0.523426 0.143555 0.105417
0 0.421875 0.482430 0.099609 0.103953
0 0.310059 0.420937 0.098633 0.057101
0 0.181641 0.400073 0.066406 0.053441
0 0.347656 0.286603 0.041016 0.031479
0 0.482422 0.294290 0.046875 0.038067
0 0.097656 0.288799 0.050781 0.051977
0 0.139648 0.244876 0.027344 0.025622
0 0.172852 0.214495 0.021484 0.016105
0 0.761230 0.261713 0.022461 0.019766
0 0.875000 0.255490 0.025391 0.024890
0 0.586914 0.250732 0.015625 0.019766
0 0.756348 0.198755 0.010742 0.010981
0 0.686035 0.158858 0.008789 0.007321
0 0.728516 0.145681 0.011719 0.008785
0 0.698730 0.142753 0.010742 0.008785
0 0.629883 0.157760 0.009766 0.006589
0 0.603516 0.200586 0.013672 0.011713
0 0.553223 0.258053 0.012695 0.012445
0 0.524414 0.232430 0.015625 0.015373
0 0.337891 0.228404 0.017578 0.017570
0 0.414551 0.196559 0.008789 0.009517
0 0.418457 0.172035 0.010742 0.010249
0 0.393555 0.172401 0.007812 0.008053
0 0.463379 0.178624 0.010742 0.010249
0 0.465332 0.249634 0.014648 0.011713
0 0.501465 0.249268 0.012695 0.010981
0 0.494141 0.231698 0.011719 0.010981
0 0.447266 0.231698 0.009766 0.010981
0 0.439941 0.229136 0.008789 0.011713
0 0.405762 0.227306 0.010742 0.010981
0 0.456055 0.199122 0.011719 0.011713
0 0.386719 0.197291 0.009766 0.010981
0 0.352539 0.199854 0.009766 0.010249
0 0.466797 0.224012 0.009766 0.007321
0 0.479492 0.146047 0.009766 0.009517
0 0.211426 0.148609 0.010742 0.010249
0 0.219238 0.127379 0.012695 0.008785
0 0.312988 0.118960 0.010742 0.009517
0 0.355469 0.114202 0.009766 0.008785
0 0.253418 0.101757 0.008789 0.005857
0 0.279297 0.098463 0.011719 0.008053
0 0.240723 0.092606 0.010742 0.009517
0 0.156250 0.092606 0.011719 0.008053
0 0.195312 0.186676 0.013672 0.011713
0 0.176270 0.149707 0.010742 0.008053
0 0.578125 0.239019 0.009766 0.010981
0 0.562012 0.230234 0.008789 0.008053
0 0.492676 0.185212 0.008789 0.008785
0 0.571289 0.198755 0.007812 0.008053
0 0.505371 0.147145 0.006836 0.005857
0 0.514648 0.131772 0.007812 0.007321
0 0.470703 0.164714 0.005859 0.005857
0 0.510742 0.167277 0.005859 0.006589
0 0.538574 0.167277 0.004883 0.006589
0 0.605469 0.140922 0.007812 0.006589
0 0.627441 0.140556 0.008789 0.007321
0 0.666504 0.143485 0.008789 0.007321
0 0.716797 0.169473 0.011719 0.006589
0 0.791504 0.198023 0.010742 0.008053
0 0.702637 0.215959 0.008789 0.007321
0 0.620605 0.228038 0.008789 0.006589
0 0.412109 0.145681 0.009766 0.007321
0 0.336426 0.174963 0.010742 0.008785
0 0.361328 0.155564 0.007812 0.008053
0 0.398438 0.130673 0.007812 0.008053
0 0.399414 0.141654 0.007812 0.006589
0 0.407715 0.125183 0.004883 0.005857
0 0.386230 0.106515 0.008789 0.009517
0 0.353027 0.103953 0.008789 0.005857
0 0.328613 0.102123 0.008789 0.006589
0 0.396484 0.094436 0.007812 0.007321
0 0.429199 0.106515 0.008789 0.008053
0 0.367188 0.139092 0.007812 0.008785
0 0.315430 0.257687 0.029297 0.021962
0 0.422852 0.256955 0.021484 0.019034
0 0.400391 0.247804 0.019531 0.022694
0 0.986816 0.386530 0.026367 0.071742
0 0.646484 0.325769 0.039062 0.038067
0 0.687988 0.282943 0.016602 0.015373
0 0.686035 0.245974 0.010742 0.013177
0 0.619141 0.245608 0.015625 0.012445
0 0.718262 0.195095 0.010742 0.008053
0 0.687012 0.193631 0.008789 0.009517
0 0.636719 0.227306 0.011719 0.009517
0 0.885254 0.223280 0.010742 0.010249
0 0.350098 0.125183 0.008789 0.007321
0 0.479492 0.113836 0.005859 0.006589
0 0.472168 0.128843 0.008789 0.007321
0 0.443848 0.133968 0.006836 0.005857
0 0.333496 0.157394 0.010742 0.010249
0 0.277344 0.135798 0.009766 0.009517
0 0.284180 0.116032 0.007812 0.008053
0 0.241211 0.120791 0.009766 0.007321
0 0.253906 0.119327 0.009766 0.007321
0 0.301270 0.191069 0.012695 0.011713
0 0.313965 0.224012 0.012695 0.010249
0 0.395508 0.223280 0.009766 0.013177
0 0.413086 0.206808 0.009766 0.008053
0 0.396484 0.104685 0.005859 0.007321
0 0.418457 0.132504 0.008789 0.010249
0 0.443848 0.158126 0.010742 0.008785
0 0.439941 0.188507 0.008789 0.009517
0 0.491211 0.165081 0.007812 0.008053
0 0.277832 0.168009 0.036133 0.032943
0 0.209473 0.118228 0.006836 0.009517
0 0.246094 0.141654 0.013672 0.010981
0 0.188477 0.131040 0.011719 0.008785
0 0.187988 0.116032 0.010742 0.008053
0 0.254883 0.082723 0.007812 0.008785
0 0.308594 0.084187 0.007812 0.008785
0 0.330078 0.087116 0.011719 0.008785
0 0.350586 0.076867 0.011719 0.007321
0 0.372070 0.094436 0.007812 0.008785
0 0.419434 0.095900 0.008789 0.008785
0 0.201172 0.078331 0.009766 0.007321
0 0.176758 0.080527 0.011719 0.013177
0 0.020020 0.228038 0.016602 0.013909
0 0.038574 0.220717 0.012695 0.013909
0 0.057129 0.242313 0.024414 0.017570
0 0.106445 0.213763 0.013672 0.013177
0 0.161133 0.224012 0.015625 0.014641
0 0.193848 0.261713 0.020508 0.025622
0 0.084473 0.191069 0.012695 0.011713
0 0.061035 0.191069 0.012695 0.011713
0 0.077637 0.164714 0.012695 0.011713
0 0.043945 0.162884 0.011719 0.012445
0 0.014648 0.148609 0.011719 0.011713
0 0.112793 0.144583 0.012695 0.009517
0 0.146484 0.130673 0.009766 0.009517
0 0.079590 0.116398 0.008789 0.010249
0 0.057617 0.089312 0.009766 0.010249
0 0.103516 0.092972 0.009766 0.008785
0 0.129883 0.075403 0.011719 0.010249
0 0.038086 0.113836 0.009766 0.008053
0 0.094727 0.243777 0.011719 0.014641
0 0.104004 0.067350 0.008789 0.007321
0 0.081055 0.052709 0.007812 0.005857
0 0.114258 0.057833 0.009766 0.005857
0 0.174316 0.045388 0.004883 0.005857
0 0.192383 0.043192 0.007812 0.005857
0 0.027344 0.068082 0.009766 0.007321
0 0.021484 0.049780 0.011719 0.010249
0 0.044434 0.050146 0.008789 0.008053
0 0.034180 0.045022 0.007812 0.008053
0 0.056152 0.043924 0.008789 0.007321
0 0.090332 0.046120 0.008789 0.007321
0 0.140625 0.103587 0.007812 0.010981
0 0.120117 0.110176 0.009766 0.010981
0 0.221680 0.095900 0.007812 0.008785
0 0.230957 0.078697 0.008789 0.012445
0 0.223633 0.068814 0.009766 0.008785
0 0.254395 0.050512 0.010742 0.010249
0 0.233887 0.037701 0.014648 0.013909
0 0.290527 0.051611 0.006836 0.005124
0 0.312500 0.057467 0.007812 0.006589
0 0.453125 0.096633 0.005859 0.005857
0 0.400879 0.064056 0.006836 0.006589
0 0.428711 0.078697 0.007812 0.006589
0 0.377930 0.074305 0.005859 0.006589
0 0.414062 0.083089 0.005859 0.008053
0 0.387207 0.068448 0.006836 0.008053
0 0.333984 0.071376 0.009766 0.008053
0 0.611328 0.121889 0.009766 0.006589
0 0.692871 0.107247 0.008789 0.006589
0 0.591309 0.124451 0.004883 0.005857
0 0.654297 0.116032 0.007812 0.006589
0 0.587402 0.098097 0.006836 0.005857
0 0.623535 0.097365 0.006836 0.005857
0 0.646484 0.087848 0.009766 0.007321
0 0.662109 0.081991 0.007812 0.007321
0 0.527832 0.085286 0.006836 0.006589
0 0.520020 0.079063 0.006836 0.005857
0 0.935547 0.166545 0.007812 0.006589
0 0.962402 0.146779 0.006836 0.005124
0 0.975586 0.132504 0.005859 0.005857
0 0.977539 0.178624 0.007812 0.007321
0 0.917969 0.127745 0.005859 0.005124
0 0.940430 0.129575 0.007812 0.005857
0 0.969238 0.114568 0.008789 0.006589
0 0.988770 0.152635 0.006836 0.006589
0 0.989746 0.128843 0.008789 0.007321
0 0.927734 0.143485 0.009766 0.007321
0 0.907715 0.119693 0.010742 0.008053
0 0.933594 0.123353 0.011719 0.008053
0 0.944824 0.116398 0.010742 0.008785
0 0.979492 0.114202 0.007812 0.010249
0 0.993164 0.098829 0.009766 0.007321
0 0.994141 0.071010 0.007812 0.007321
0 0.917480 0.076135 0.010742 0.007321
0 0.974609 0.067716 0.009766 0.006589
0 0.952148 0.081625 0.007812 0.008053
0 0.887695 0.084553 0.007812 0.006589
0 0.877930 0.072474 0.007812 0.008785
0 0.890137 0.066984 0.008789 0.009517
0 0.903809 0.065154 0.008789 0.005857
0 0.942383 0.085652 0.009766 0.008785
0 0.910156 0.090044 0.009766 0.010249
0 0.932129 0.106149 0.008789 0.007321
0 0.921875 0.064422 0.007812 0.008785
0 0.847656 0.047950 0.011719 0.009517
0 0.876953 0.031479 0.009766 0.008785
0 0.867676 0.049780 0.010742 0.007321
0 0.857910 0.060029 0.010742 0.008785
0 0.927734 0.039898 0.011719 0.008053
0 0.973633 0.051977 0.009766 0.008785
0 0.952637 0.017204 0.006836 0.008053
0 0.943848 0.011347 0.008789 0.009517
0 0.931641 0.022694 0.011719 0.008785
0 0.914551 0.031113 0.008789 0.008053
0 0.849609 0.030747 0.009766 0.005857
0 0.871582 0.008785 0.006836 0.005857
0 0.851562 0.006955 0.007812 0.005124
0 0.838379 0.009517 0.006836 0.005857
0 0.832031 0.016837 0.007812 0.005857
0 0.833984 0.024890 0.009766 0.007321
0 0.810547 0.015007 0.007812 0.005124
0 0.816895 0.004758 0.008789 0.005124
0 0.798828 0.005490 0.007812 0.006589
0 0.950195 0.057467 0.009766 0.009517
0 0.885254 0.035871 0.008789 0.010249
0 0.968750 0.037701 0.007812 0.006589
0 0.945312 0.028917 0.009766 0.009517
0 0.965332 0.015373 0.008789 0.011713
0 0.989258 0.036969 0.007812 0.006589
0 0.977539 0.015007 0.011719 0.010981
0 0.900879 0.016471 0.010742 0.010981
0 0.869629 0.021230 0.012695 0.007321
0 0.850098 0.017204 0.010742 0.008053
0 0.897949 0.040630 0.010742 0.008053
0 0.910645 0.043924 0.008789 0.008785
0 0.911133 0.024524 0.009766 0.010981
0 0.754883 0.061859 0.009766 0.008053
0 0.702148 0.061859 0.009766 0.008053
0 0.714355 0.039898 0.012695 0.010981
0 0.731445 0.042460 0.009766 0.010249
0 0.737793 0.022694 0.010742 0.011713
0 0.674805 0.012811 0.007812 0.005124
0 0.637695 0.025256 0.009766 0.006589
0 0.681152 0.046852 0.008789 0.007321
0 0.656738 0.039165 0.008789 0.008053
0 0.675781 0.037701 0.009766 0.008053
0 0.636230 0.061127 0.008789 0.010981
0 0.602051 0.062592 0.012695 0.010981
0 0.623535 0.056369 0.010742 0.007321
0 0.616211 0.040996 0.009766 0.007321
0 0.607422 0.027086 0.007812 0.007321
0 0.606445 0.018302 0.007812 0.005857
0 0.620605 0.024890 0.006836 0.007321
0 0.630859 0.013909 0.007812 0.007321
0 0.765137 0.057833 0.008789 0.008785
0 0.775391 0.063690 0.009766 0.008785
0 0.666992 0.060761 0.007812 0.007321
0 0.659180 0.071010 0.007812 0.007321
0 0.682129 0.061493 0.008789 0.010249
0 0.699707 0.014641 0.010742 0.010249
0 0.687012 0.028551 0.008789 0.005857
0 0.693359 0.036969 0.009766 0.006589
0 0.712891 0.020498 0.007812 0.008785
0 0.652832 0.005124 0.010742 0.007321
0 0.431641 0.018302 0.007812 0.005857
0 0.446777 0.015739 0.010742 0.006589
0 0.484375 0.030747 0.009766 0.005857
0 0.500488 0.034041 0.008789 0.006589
0 0.534668 0.056003 0.008789 0.008053
0 0.524902 0.042826 0.008789 0.006589
0 0.536621 0.071010 0.012695 0.008785
0 0.573730 0.070278 0.010742 0.010249
0 0.549805 0.088580 0.009766 0.011713
0 0.580566 0.049414 0.010742 0.010981
0 0.550293 0.045388 0.010742 0.010249
0 0.587402 0.036237 0.010742 0.009517
0 0.580078 0.017936 0.009766 0.006589
0 0.562500 0.017204 0.009766 0.010981
0 0.541016 0.015007 0.009766 0.006589
0 0.476562 0.046852 0.011719 0.008785
0 0.449707 0.031113 0.008789 0.006589
0 0.491699 0.007321 0.008789 0.008785
0 0.475098 0.009883 0.010742 0.006589
0 0.426758 0.005857 0.005859 0.004392
0 0.491699 0.017570 0.008789 0.007321
0 0.500977 0.016837 0.007812 0.007321
0 0.474609 0.017570 0.009766 0.007321
0 0.415039 0.007687 0.009766 0.008053
0 0.404297 0.048682 0.007812 0.006589
0 0.373047 0.050512 0.009766 0.007321
0 0.377930 0.027818 0.007812 0.005857
0 0.361328 0.023792 0.007812 0.006589
0 0.353027 0.034041 0.008789 0.006589
0 0.323730 0.024158 0.008789 0.008785
0 0.340820 0.024524 0.007812 0.008053
0 0.348145 0.015739 0.010742 0.008053
0 0.319336 0.004758 0.005859 0.006589
0 0.337402 0.037335 0.008789 0.005857
0 0.322266 0.040264 0.009766 0.007321
0 0.268555 0.031479 0.009766 0.008785
0 0.223633 0.023426 0.015625 0.008785
0 0.206055 0.035871 0.011719 0.010249
0 0.248047 0.010981 0.011719 0.008785
0 0.298828 0.012079 0.009766 0.008053
0 0.266602 0.018302 0.011719 0.008785
0 0.310547 0.042094 0.009766 0.008053
0 0.219727 0.045022 0.009766 0.008053
0 0.235840 0.013543 0.008789 0.008053
0 0.262207 0.008785 0.008789 0.007321
0 0.270020 0.008785 0.010742 0.008785
0 0.283691 0.010249 0.008789 0.008785
0 0.191406 0.026720 0.009766 0.006589
0 0.145508 0.022694 0.009766 0.007321
0 0.161621 0.013543 0.008789 0.009517
0 0.117676 0.039165 0.010742 0.009517
0 0.107422 0.028551 0.011719 0.008785
0 0.082031 0.020132 0.009766 0.009517
0 0.009277 0.015007 0.010742 0.008053
0 0.054688 0.016471 0.007812 0.006589
0 0.014160 0.028184 0.010742 0.009517
0 0.014648 0.071742 0.009766 0.010249
0 0.035156 0.084919 0.015625 0.010249
0 0.166016 0.030015 0.011719 0.010249
0 0.003418 0.071376 0.006836 0.009517
0 0.052246 0.031479 0.012695 0.007321
0 0.069336 0.039898 0.009766 0.008053
0 0.122559 0.010981 0.008789 0.007321
0 0.105469 0.005124 0.011719 0.010249
0 0.141113 0.162884 0.012695 0.012445
0 0.662598 0.264641 0.024414 0.024158
