0 0.025391 0.276693 0.015625 0.027344
0 0.075684 0.297526 0.032227 0.045573
0 0.119629 0.311198 0.016602 0.026042
0 0.162598 0.254557 0.018555 0.024740
0 0.184082 0.283203 0.014648 0.027344
0 0.274902 0.272786 0.012695 0.024740
0 0.362793 0.287109 0.024414 0.040365
0 0.331055 0.380859 0.017578 0.035156
0 0.387695 0.274740 0.013672 0.023438
0 0.143066 0.248698 0.014648 0.018229
0 0.441406 0.378255 0.023438 0.037760
0 0.543457 0.320312 0.038086 0.078125
0 0.528320 0.339193 0.019531 0.037760
0 0.493164 0.272786 0.009766 0.016927
0 0.650391 0.328125 0.009766 0.018229
0 0.905273 0.343099 0.027344 0.040365
0 0.960938 0.299479 0.019531 0.028646
0 0.746582 0.289714 0.006836 0.016927
0 0.690918 0.335938 0.018555 0.028646
0 0.726074 0.341146 0.010742 0.018229
0 0.773438 0.313151 0.017578 0.024740
0 0.818359 0.372396 0.027344 0.033854
0 0.693848 0.280599 0.014648 0.022135
0 0.643066 0.279948 0.004883 0.010417
0 0.862793 0.333333 0.020508 0.031250
0 0.921387 0.288411 0.004883 0.009115
