0 0.948242 0.190714 0.025391 0.055714
0 0.814453 0.185000 0.033203 0.067143
0 0.722168 0.156429 0.024414 0.050000
0 0.900391 0.232143 0.017578 0.035714
0 0.545898 0.187857 0.027344 0.064286
0 0.447266 0.177143 0.031250 0.051429
0 0.409180 0.217857 0.039062 0.075714
0 0.480469 0.305714 0.029297 0.048571
0 0.213867 0.178571 0.031250 0.054286
0 0.158691 0.232143 0.030273 0.061429
0 0.141602 0.119286 0.027344 0.064286
0 0.181152 0.237143 0.026367 0.054286
0 0.304688 0.233571 0.035156 0.055714
0 0.050293 0.130714 0.030273 0.052857
0 0.235352 0.150714 0.021484 0.050000
0 0.676270 0.283571 0.018555 0.041429
