0 0.350098 0.350604 0.061523 0.138169
0 0.567383 0.381693 0.023438 0.055268
0 0.819824 0.630397 0.071289 0.134715
0 0.684570 0.353195 0.019531 0.039724
0 0.836914 0.395509 0.023438 0.055268
0 0.941406 0.468048 0.039062 0.072539
0 0.957031 0.336788 0.019531 0.044905
0 0.033203 0.536269 0.066406 0.136442
0 0.637695 0.563040 0.025391 0.082902
0 0.307129 0.399827 0.026367 0.077720
0 0.656250 0.355786 0.019531 0.037997
0 0.534180 0.368739 0.021484 0.039724
0 0.445801 0.386874 0.028320 0.065630
0 0.873535 0.285838 0.010742 0.022453
0 0.850586 0.227979 0.009766 0.017271
0 0.937012 0.261658 0.010742 0.022453
