0 0.024902 0.378418 0.016602 0.020508
0 0.166016 0.393555 0.017578 0.021484
0 0.269043 0.333984 0.020508 0.025391
0 0.309082 0.402344 0.012695 0.015625
0 0.062500 0.510254 0.037109 0.040039
0 0.142578 0.562012 0.037109 0.041992
0 0.122070 0.519043 0.033203 0.040039
0 0.212891 0.511230 0.031250 0.034180
0 0.291992 0.533691 0.029297 0.032227
0 0.325195 0.450195 0.011719 0.017578
0 0.413574 0.450684 0.016602 0.018555
0 0.380859 0.433105 0.009766 0.010742
0 0.469238 0.439453 0.010742 0.011719
0 0.494629 0.450684 0.008789 0.010742
0 0.537109 0.406738 0.017578 0.020508
0 0.611816 0.397461 0.014648 0.017578
0 0.573242 0.519043 0.021484 0.024414
0 0.531738 0.521484 0.016602 0.025391
0 0.491211 0.522949 0.021484 0.030273
0 0.372559 0.540039 0.022461 0.025391
0 0.766113 0.459961 0.010742 0.011719
0 0.705566 0.398438 0.014648 0.013672
0 0.861816 0.516602 0.018555 0.017578
0 0.883789 0.554199 0.017578 0.020508
0 0.831055 0.521973 0.015625 0.018555
0 0.843750 0.570312 0.021484 0.017578
0 0.804199 0.562988 0.024414 0.024414
0 0.962402 0.552734 0.020508 0.017578
0 0.910645 0.563965 0.016602 0.020508
0 0.956055 0.659180 0.027344 0.031250
0 0.975098 0.640625 0.018555 0.023438
0 0.911133 0.657227 0.031250 0.033203
0 0.863770 0.665527 0.028320 0.032227
0 0.814453 0.666992 0.035156 0.035156
0 0.929688 0.541992 0.013672 0.015625
0 0.765625 0.525391 0.017578 0.019531
0 0.770508 0.570312 0.019531 0.021484
0 0.736816 0.522949 0.018555 0.018555
0 0.703125 0.523438 0.019531 0.021484
0 0.660156 0.527344 0.021484 0.023438
0 0.635742 0.550781 0.035156 0.037109
0 0.669922 0.583984 0.023438 0.025391
0 0.693359 0.565430 0.021484 0.027344
0 0.709961 0.708008 0.037109 0.037109
0 0.643066 0.690918 0.038086 0.040039
0 0.537109 0.745117 0.039062 0.042969
0 0.523926 0.577637 0.032227 0.032227
0 0.430176 0.544434 0.020508 0.026367
0 0.583008 0.453125 0.007812 0.011719
0 0.457031 0.750000 0.042969 0.058594
0 0.432617 0.583496 0.035156 0.043945
0 0.358887 0.592285 0.034180 0.041992
0 0.366211 0.780273 0.048828 0.054688
0 0.036621 0.615723 0.049805 0.061523
0 0.615723 0.527832 0.026367 0.034180
0 0.717773 0.558105 0.027344 0.036133
0 0.744141 0.449219 0.009766 0.011719
0 0.269531 0.581543 0.041016 0.047852
