0 0.394043 0.074803 0.016602 0.026247
0 0.446777 0.150262 0.024414 0.056430
0 0.360840 0.267060 0.090820 0.114173
0 0.285645 0.118110 0.030273 0.055118
0 0.097168 0.206037 0.079102 0.118110
0 0.073730 0.568898 0.112305 0.232283
0 0.656738 0.074803 0.010742 0.018373
0 0.956055 0.125984 0.037109 0.052493
0 0.839355 0.105643 0.018555 0.030184
0 0.796875 0.112861 0.029297 0.052493
0 0.721191 0.294619 0.092773 0.171916
0 0.891113 0.580709 0.110352 0.224409
0 0.763672 0.088583 0.011719 0.022310
0 0.601074 0.141732 0.032227 0.057743
0 0.550293 0.103018 0.028320 0.040682
0 0.664551 0.097769 0.012695 0.017060
0 0.473633 0.077428 0.015625 0.026247
0 0.220215 0.033465 0.010742 0.019685
0 0.526367 0.099081 0.011719 0.024934
0 0.345215 0.070866 0.014648 0.020997
0 0.916016 0.088583 0.011719 0.019685
0 0.924805 0.068898 0.011719 0.019685
