0 0.593262 0.137800 0.051758 0.111252
0 0.031738 0.410240 0.041992 0.077118
0 0.210449 0.444374 0.030273 0.049305
0 0.199219 0.496839 0.039062 0.058154
0 0.250977 0.507585 0.039062 0.074589
0 0.305664 0.462073 0.035156 0.061947
0 0.426270 0.449431 0.020508 0.046776
0 0.451660 0.499368 0.032227 0.063211
0 0.838867 0.439949 0.044922 0.075853
0 0.791504 0.489254 0.030273 0.065740
0 0.935059 0.511378 0.038086 0.061947
0 0.941895 0.446271 0.030273 0.048040
0 0.487305 0.486726 0.037109 0.058154
0 0.882812 0.477244 0.033203 0.056890
0 0.087402 0.508850 0.038086 0.064475
