0 0.073242 0.384000 0.050781 0.092800
0 0.128418 0.465600 0.036133 0.080000
0 0.163574 0.454400 0.030273 0.067200
0 0.206055 0.499200 0.033203 0.080000
0 0.252930 0.508000 0.037109 0.075200
0 0.329590 0.496000 0.034180 0.067200
0 0.285156 0.483200 0.033203 0.067200
0 0.136719 0.720000 0.046875 0.089600
0 0.205566 0.656800 0.043945 0.088000
0 0.416016 0.495200 0.039062 0.075200
0 0.368164 0.454400 0.033203 0.070400
0 0.449219 0.440800 0.037109 0.072000
0 0.502441 0.472000 0.038086 0.083200
0 0.513184 0.395200 0.034180 0.064000
0 0.559082 0.458400 0.032227 0.078400
0 0.592285 0.498400 0.034180 0.068800
0 0.659180 0.507200 0.037109 0.070400
0 0.612793 0.428000 0.030273 0.062400
0 0.688965 0.445600 0.028320 0.072000
0 0.800293 0.448800 0.036133 0.091200
0 0.883789 0.485600 0.039062 0.084800
0 0.951172 0.418400 0.041016 0.094400
0 0.859375 0.625600 0.046875 0.112000
0 0.793945 0.707200 0.044922 0.105600
0 0.745117 0.493600 0.027344 0.059200
0 0.754883 0.646400 0.035156 0.096000
0 0.854004 0.479200 0.030273 0.091200
0 0.420410 0.425600 0.026367 0.054400
