0 0.759766 0.629222 0.062500 0.110132
0 0.608398 0.687225 0.046875 0.091043
0 0.548340 0.613069 0.026367 0.060206
0 0.649414 0.549927 0.029297 0.054332
0 0.679688 0.514684 0.021484 0.045521
0 0.673340 0.482379 0.016602 0.024963
0 0.541992 0.527900 0.019531 0.036711
0 0.417969 0.647577 0.039062 0.073421
0 0.489258 0.476505 0.017578 0.033774
0 0.518555 0.466960 0.015625 0.026432
0 0.540039 0.447871 0.011719 0.023495
0 0.497559 0.433186 0.010742 0.020558
0 0.425781 0.448605 0.015625 0.033774
0 0.407227 0.506608 0.019531 0.044053
0 0.369629 0.415565 0.010742 0.023495
0 0.342773 0.453744 0.013672 0.029369
0 0.339355 0.426579 0.010742 0.019090
0 0.325684 0.419236 0.010742 0.022026
0 0.456055 0.448605 0.009766 0.024963
0 0.467285 0.423642 0.008789 0.016153
0 0.453125 0.417768 0.005859 0.019090
0 0.445312 0.397210 0.007812 0.013216
0 0.282227 0.480910 0.021484 0.042584
0 0.270020 0.549192 0.030273 0.046990
0 0.199219 0.514684 0.021484 0.051395
0 0.228027 0.443465 0.016602 0.029369
0 0.250488 0.433921 0.014648 0.027900
0 0.208496 0.381791 0.008789 0.023495
0 0.082520 0.696769 0.061523 0.110132
0 0.246094 0.638767 0.033203 0.070485
0 0.121582 0.558003 0.030273 0.055800
0 0.168945 0.428047 0.015625 0.030837
0 0.096680 0.417768 0.015625 0.030837
0 0.100098 0.360499 0.012695 0.022026
0 0.132812 0.342144 0.011719 0.020558
0 0.202637 0.339941 0.006836 0.016153
0 0.051758 0.317181 0.009766 0.020558
0 0.016602 0.356828 0.015625 0.029369
0 0.023438 0.190896 0.015625 0.026432
0 0.049805 0.210720 0.009766 0.019090
0 0.083496 0.221733 0.012695 0.017621
0 0.145020 0.203377 0.010742 0.022026
0 0.118164 0.228341 0.007812 0.019090
0 0.099121 0.232746 0.008789 0.016153
0 0.211914 0.235683 0.011719 0.016153
0 0.230957 0.229075 0.008789 0.017621
0 0.252441 0.239354 0.016602 0.026432
0 0.183105 0.240822 0.010742 0.020558
0 0.266113 0.229809 0.010742 0.019090
0 0.299316 0.260646 0.010742 0.019090
0 0.286133 0.248899 0.007812 0.016153
0 0.320801 0.256241 0.006836 0.013216
0 0.309570 0.271659 0.005859 0.008811
0 0.363281 0.265051 0.007812 0.013216
0 0.348633 0.284875 0.007812 0.020558
0 0.372559 0.273128 0.006836 0.011747
0 0.401367 0.274596 0.007812 0.017621
0 0.422363 0.283407 0.006836 0.014684
0 0.406738 0.267988 0.006836 0.013216
0 0.392090 0.303965 0.008789 0.020558
0 0.462891 0.305433 0.009766 0.020558
0 0.470703 0.280470 0.005859 0.011747
0 0.485352 0.295154 0.007812 0.014684
0 0.517578 0.296623 0.011719 0.020558
0 0.548828 0.310573 0.009766 0.019090
0 0.541992 0.306902 0.005859 0.014684
0 0.539062 0.292952 0.005859 0.013216
0 0.504883 0.297357 0.009766 0.019090
0 0.493164 0.306902 0.009766 0.017621
0 0.662109 0.309104 0.009766 0.022026
0 0.672852 0.325991 0.005859 0.011747
0 0.617188 0.300294 0.007812 0.019090
0 0.623535 0.390602 0.010742 0.020558
0 0.593262 0.416300 0.008789 0.019090
0 0.012695 0.471366 0.015625 0.038179
