0 0.020508 0.523933 0.031250 0.049159
0 0.045898 0.523933 0.021484 0.033635
0 0.216309 0.421087 0.032227 0.055627
0 0.360352 0.459250 0.089844 0.199224
0 0.431641 0.551746 0.029297 0.037516
0 0.509277 0.522639 0.012695 0.015524
0 0.532715 0.529107 0.014648 0.028461
0 0.578613 0.531048 0.010742 0.024580
0 0.593750 0.527814 0.007812 0.015524
0 0.644531 0.553040 0.021484 0.034929
0 0.627930 0.690168 0.046875 0.086675
0 0.466309 0.673351 0.040039 0.065977
0 0.511230 0.755498 0.030273 0.046572
0 0.671387 0.556921 0.014648 0.029754
0 0.695801 0.540750 0.014648 0.023286
0 0.707031 0.592497 0.025391 0.043984
0 0.688477 0.655886 0.019531 0.054334
0 0.770020 0.527814 0.018555 0.031048
0 0.808594 0.538163 0.011719 0.031048
0 0.822266 0.530401 0.011719 0.023286
0 0.836914 0.531695 0.009766 0.018111
0 0.876465 0.544631 0.026367 0.036223
0 0.948730 0.565330 0.022461 0.043984
0 0.558594 0.977361 0.054688 0.045278
0 0.858887 0.883571 0.067383 0.137128
