0 0.071289 0.564516 0.039062 0.055718
0 0.194824 0.559384 0.036133 0.048387
0 0.069824 0.429619 0.036133 0.055718
0 0.152832 0.438416 0.028320 0.043988
0 0.203613 0.433284 0.028320 0.054252
0 0.271973 0.450147 0.028320 0.049853
0 0.346191 0.513930 0.028320 0.048387
0 0.436035 0.501466 0.034180 0.067449
0 0.470703 0.482405 0.027344 0.049853
0 0.435547 0.454545 0.031250 0.049853
0 0.508789 0.423754 0.025391 0.049853
0 0.563477 0.428152 0.027344 0.049853
0 0.363281 0.401026 0.027344 0.042522
0 0.466309 0.379032 0.016602 0.039589
0 0.500977 0.344575 0.019531 0.038123
0 0.408203 0.356305 0.019531 0.038123
0 0.437500 0.299120 0.015625 0.035191
0 0.457031 0.311584 0.013672 0.027859
0 0.482422 0.327713 0.013672 0.030792
0 0.544922 0.299853 0.017578 0.033724
0 0.574707 0.286657 0.014648 0.027859
0 0.583984 0.412023 0.015625 0.043988
0 0.421875 0.280792 0.011719 0.024927
0 0.286621 0.205279 0.010742 0.017595
0 0.350586 0.230205 0.007812 0.014663
0 0.658691 0.517595 0.022461 0.052786
0 0.742676 0.547654 0.034180 0.057185
0 0.824219 0.521994 0.027344 0.052786
0 0.971680 0.533724 0.033203 0.052786
0 0.925293 0.504399 0.016602 0.038123
0 0.775879 0.279326 0.018555 0.036657
0 0.915039 0.321114 0.021484 0.032258
0 0.930664 0.310850 0.015625 0.032258
0 0.946777 0.379032 0.024414 0.042522
0 0.939453 0.281525 0.009766 0.020528
0 0.943359 0.201613 0.009766 0.016129
0 0.696777 0.221408 0.010742 0.020528
0 0.730469 0.189883 0.009766 0.019062
0 0.709473 0.202346 0.010742 0.017595
0 0.709961 0.164956 0.007812 0.013196
0 0.174316 0.512463 0.032227 0.060117
0 0.334961 0.434751 0.021484 0.042522
0 0.143066 0.377566 0.020508 0.036657
0 0.991699 0.336510 0.014648 0.030792
0 0.994629 0.375367 0.010742 0.035191
0 0.659668 0.577713 0.020508 0.038123
0 0.509766 0.285191 0.015625 0.024927
0 0.580566 0.346774 0.022461 0.036657
