0 0.025879 0.442365 0.008789 0.016467
0 0.079102 0.443114 0.005859 0.014970
0 0.054688 0.440868 0.005859 0.010479
0 0.101074 0.439371 0.014648 0.031437
0 0.132812 0.467066 0.019531 0.038922
0 0.282227 0.456587 0.015625 0.026946
0 0.301270 0.457335 0.016602 0.031437
0 0.330078 0.469311 0.013672 0.025449
0 0.218262 0.525449 0.010742 0.026946
0 0.394531 0.452096 0.015625 0.029940
0 0.367188 0.441617 0.011719 0.020958
0 0.420898 0.463323 0.013672 0.028443
0 0.472168 0.451347 0.014648 0.028443
0 0.495117 0.458832 0.013672 0.028443
0 0.449219 0.459581 0.011719 0.020958
0 0.542480 0.458084 0.016602 0.026946
0 0.512695 0.446856 0.013672 0.028443
0 0.612793 0.450599 0.010742 0.023952
0 0.600586 0.491018 0.013672 0.020958
0 0.655762 0.465569 0.014648 0.032934
0 0.653320 0.437126 0.009766 0.014970
0 0.669434 0.451347 0.012695 0.022455
0 0.702637 0.467066 0.014648 0.026946
0 0.722168 0.434132 0.014648 0.026946
0 0.773438 0.444611 0.013672 0.023952
0 0.780762 0.482036 0.012695 0.023952
0 0.817871 0.473802 0.012695 0.022455
0 0.891602 0.465569 0.015625 0.029940
0 0.914062 0.458832 0.003906 0.007485
0 0.918945 0.450599 0.003906 0.005988
0 0.976074 0.449102 0.004883 0.008982
0 0.987793 0.461078 0.004883 0.008982
0 0.955078 0.458832 0.003906 0.010479
