0 0.113770 0.512153 0.006836 0.013889
0 0.137207 0.498264 0.004883 0.013889
0 0.153320 0.494792 0.005859 0.013889
0 0.172363 0.493924 0.006836 0.015625
0 0.182617 0.484375 0.005859 0.013889
0 0.191406 0.466146 0.005859 0.012153
0 0.223633 0.445312 0.005859 0.015625
0 0.228027 0.485243 0.006836 0.015625
0 0.207520 0.488715 0.006836 0.015625
0 0.190430 0.501736 0.003906 0.010417
0 0.176270 0.519965 0.006836 0.019097
0 0.161621 0.538194 0.006836 0.017361
0 0.197754 0.559896 0.008789 0.019097
0 0.227051 0.519965 0.006836 0.019097
0 0.250977 0.514757 0.005859 0.012153
0 0.270508 0.552951 0.007812 0.019097
0 0.284180 0.552083 0.007812 0.017361
0 0.273926 0.536458 0.006836 0.017361
0 0.285156 0.527778 0.005859 0.017361
0 0.296875 0.508681 0.005859 0.017361
0 0.232910 0.514757 0.004883 0.015625
0 0.240723 0.480035 0.006836 0.015625
0 0.258301 0.493056 0.004883 0.013889
0 0.284180 0.486111 0.005859 0.017361
0 0.328125 0.463542 0.005859 0.013889
0 0.304688 0.552951 0.009766 0.026042
0 0.276367 0.644097 0.009766 0.020833
0 0.250488 0.630208 0.008789 0.020833
0 0.287109 0.611979 0.007812 0.019097
0 0.313477 0.614583 0.009766 0.020833
0 0.320312 0.587674 0.007812 0.019097
0 0.336426 0.683160 0.012695 0.029514
0 0.336426 0.616319 0.008789 0.017361
0 0.174316 0.596354 0.008789 0.015625
0 0.382812 0.568576 0.009766 0.022569
0 0.385742 0.596354 0.009766 0.026042
0 0.375000 0.552083 0.007812 0.017361
0 0.344727 0.560764 0.007812 0.017361
0 0.333008 0.539062 0.007812 0.015625
0 0.377441 0.521701 0.006836 0.019097
0 0.398438 0.529514 0.005859 0.017361
0 0.409180 0.527778 0.007812 0.017361
0 0.414551 0.522569 0.006836 0.017361
0 0.353516 0.519965 0.007812 0.015625
0 0.440430 0.492188 0.007812 0.015625
0 0.426758 0.554688 0.005859 0.012153
0 0.397949 0.596354 0.008789 0.019097
0 0.428223 0.581597 0.008789 0.020833
0 0.439941 0.574653 0.008789 0.020833
0 0.439453 0.605903 0.007812 0.017361
0 0.426270 0.628472 0.008789 0.017361
0 0.406738 0.635417 0.008789 0.020833
0 0.418945 0.662326 0.013672 0.029514
0 0.439453 0.665799 0.011719 0.029514
0 0.449219 0.638889 0.007812 0.024306
0 0.455078 0.596354 0.007812 0.022569
0 0.454102 0.572917 0.007812 0.017361
0 0.456543 0.546875 0.008789 0.024306
0 0.441895 0.573785 0.008789 0.019097
0 0.287109 0.651910 0.009766 0.015625
0 0.204102 0.597222 0.005859 0.017361
0 0.345703 0.641493 0.009766 0.026042
0 0.382324 0.712674 0.010742 0.029514
0 0.441895 0.761285 0.010742 0.032986
0 0.468750 0.629340 0.011719 0.026042
0 0.449219 0.713542 0.013672 0.031250
0 0.502930 0.806424 0.015625 0.036458
0 0.492676 0.512153 0.006836 0.017361
0 0.480469 0.498264 0.005859 0.013889
0 0.465332 0.530382 0.006836 0.015625
0 0.469238 0.480903 0.004883 0.020833
0 0.516113 0.523438 0.006836 0.019097
0 0.515137 0.555556 0.006836 0.020833
0 0.489746 0.576389 0.012695 0.017361
0 0.530273 0.568576 0.009766 0.019097
0 0.542969 0.623264 0.007812 0.024306
0 0.520996 0.702257 0.008789 0.032986
0 0.552246 0.603299 0.006836 0.022569
0 0.568848 0.613715 0.012695 0.022569
0 0.541016 0.501736 0.005859 0.017361
0 0.617188 0.605903 0.009766 0.017361
0 0.631348 0.585069 0.008789 0.020833
0 0.635742 0.552083 0.007812 0.020833
0 0.600586 0.545139 0.007812 0.013889
0 0.614258 0.561632 0.007812 0.019097
0 0.637695 0.495660 0.005859 0.015625
0 0.607910 0.473090 0.004883 0.012153
0 0.582031 0.478299 0.007812 0.015625
0 0.591797 0.589410 0.009766 0.022569
0 0.540527 0.647569 0.008789 0.020833
0 0.529785 0.651042 0.006836 0.020833
0 0.508301 0.572917 0.008789 0.017361
0 0.556152 0.786458 0.014648 0.034722
0 0.579102 0.780382 0.011719 0.029514
0 0.580078 0.604167 0.007812 0.024306
0 0.545898 0.531250 0.005859 0.017361
0 0.587891 0.552951 0.007812 0.015625
0 0.528320 0.621528 0.007812 0.020833
0 0.690430 0.545139 0.007812 0.017361
0 0.729492 0.578993 0.009766 0.022569
0 0.722168 0.537326 0.006836 0.019097
0 0.706055 0.572917 0.005859 0.020833
0 0.687988 0.586806 0.008789 0.020833
0 0.673828 0.546007 0.007812 0.019097
0 0.668945 0.557292 0.007812 0.017361
0 0.759277 0.525174 0.006836 0.019097
0 0.750000 0.541667 0.007812 0.020833
0 0.748535 0.568576 0.006836 0.019097
0 0.727539 0.671875 0.007812 0.027778
0 0.735840 0.733507 0.010742 0.022569
0 0.756836 0.766493 0.013672 0.036458
0 0.761230 0.703125 0.012695 0.017361
0 0.703613 0.757812 0.008789 0.022569
0 0.731445 0.836806 0.013672 0.034722
0 0.607422 0.717882 0.013672 0.032986
0 0.607910 0.636285 0.008789 0.022569
0 0.602539 0.676215 0.007812 0.026042
0 0.595703 0.620660 0.007812 0.022569
0 0.665039 0.691840 0.009766 0.026042
0 0.728027 0.714410 0.008789 0.029514
0 0.649414 0.616319 0.011719 0.024306
0 0.661133 0.560764 0.007812 0.017361
0 0.643555 0.572917 0.007812 0.020833
0 0.668457 0.592014 0.006836 0.017361
0 0.654785 0.577257 0.006836 0.015625
0 0.694336 0.512153 0.005859 0.017361
0 0.685547 0.497396 0.007812 0.012153
0 0.657227 0.512153 0.005859 0.013889
0 0.665039 0.512153 0.005859 0.013889
0 0.639648 0.531250 0.007812 0.010417
0 0.723145 0.479167 0.008789 0.024306
0 0.757324 0.466146 0.006836 0.012153
0 0.732422 0.600694 0.005859 0.020833
0 0.731934 0.636285 0.006836 0.015625
0 0.782715 0.621528 0.008789 0.024306
0 0.755859 0.491319 0.003906 0.010417
0 0.657227 0.479167 0.005859 0.013889
0 0.671875 0.434028 0.005859 0.013889
0 0.741699 0.564236 0.006836 0.017361
0 0.750488 0.519097 0.004883 0.010417
0 0.810547 0.468750 0.005859 0.013889
0 0.823242 0.501736 0.005859 0.017361
0 0.859375 0.538194 0.005859 0.017361
0 0.851074 0.532118 0.006836 0.015625
0 0.843262 0.533854 0.006836 0.015625
0 0.819824 0.534722 0.006836 0.017361
0 0.854980 0.605903 0.008789 0.024306
0 0.840332 0.618924 0.006836 0.029514
0 0.825684 0.618056 0.006836 0.020833
0 0.836914 0.564236 0.007812 0.020833
0 0.809082 0.519965 0.006836 0.012153
0 0.794922 0.513021 0.005859 0.012153
0 0.804199 0.495660 0.004883 0.012153
0 0.848633 0.640625 0.011719 0.027778
0 0.813477 0.616319 0.007812 0.017361
0 0.796875 0.636285 0.007812 0.019097
0 0.777832 0.657118 0.006836 0.022569
0 0.788574 0.489583 0.006836 0.013889
0 0.812500 0.493056 0.007812 0.013889
0 0.786133 0.480903 0.003906 0.013889
0 0.859863 0.500868 0.004883 0.012153
0 0.871582 0.495660 0.006836 0.015625
0 0.873047 0.515625 0.005859 0.013889
0 0.884277 0.506944 0.006836 0.013889
0 0.931641 0.506944 0.005859 0.010417
0 0.930664 0.543403 0.009766 0.020833
0 0.918945 0.517361 0.005859 0.013889
0 0.908691 0.513021 0.004883 0.015625
0 0.903320 0.519097 0.005859 0.013889
0 0.882812 0.557292 0.007812 0.017361
0 0.897461 0.631076 0.009766 0.022569
0 0.931152 0.631076 0.012695 0.029514
0 0.905762 0.594618 0.010742 0.026042
0 0.911133 0.565104 0.009766 0.019097
0 0.984375 0.526042 0.005859 0.017361
0 0.972656 0.559896 0.009766 0.022569
0 0.953613 0.526042 0.006836 0.013889
0 0.941895 0.604167 0.006836 0.013889
0 0.956543 0.601562 0.010742 0.022569
0 0.961914 0.596354 0.007812 0.019097
0 0.919922 0.628472 0.007812 0.020833
0 0.961914 0.644965 0.007812 0.019097
0 0.908691 0.684896 0.010742 0.026042
0 0.977051 0.653646 0.010742 0.022569
0 0.926758 0.671007 0.009766 0.026042
0 0.904297 0.653646 0.009766 0.026042
0 0.968750 0.628472 0.005859 0.013889
0 0.970215 0.596354 0.008789 0.026042
0 0.994629 0.646701 0.008789 0.022569
0 0.990723 0.723958 0.008789 0.020833
0 0.953125 0.691840 0.013672 0.026042
0 0.935547 0.710938 0.011719 0.032986
0 0.873535 0.693576 0.010742 0.029514
0 0.844238 0.708333 0.014648 0.031250
0 0.851074 0.749132 0.016602 0.026042
0 0.887695 0.775174 0.011719 0.036458
0 0.900879 0.736111 0.010742 0.024306
0 0.863770 0.894097 0.016602 0.031250
0 0.876953 0.854167 0.011719 0.034722
0 0.895996 0.815972 0.016602 0.034722
0 0.927734 0.865451 0.017578 0.039931
0 0.889160 0.875868 0.012695 0.029514
0 0.966309 0.864583 0.014648 0.041667
0 0.825195 0.728299 0.011719 0.032986
0 0.794922 0.766493 0.011719 0.029514
0 0.777832 0.828125 0.014648 0.034722
0 0.540527 0.709201 0.008789 0.015625
0 0.518066 0.466146 0.004883 0.012153
0 0.524902 0.461806 0.004883 0.013889
0 0.564941 0.430556 0.004883 0.013889
0 0.495605 0.435764 0.004883 0.013889
0 0.505859 0.427951 0.003906 0.012153
0 0.490723 0.398438 0.004883 0.015625
0 0.442871 0.461806 0.006836 0.020833
0 0.708496 0.616319 0.008789 0.017361
0 0.695312 0.636285 0.009766 0.019097
0 0.684082 0.441840 0.006836 0.012153
0 0.618652 0.456597 0.004883 0.010417
0 0.591797 0.458333 0.003906 0.010417
0 0.596680 0.487847 0.005859 0.013889
0 0.729004 0.444444 0.004883 0.010417
0 0.628418 0.401042 0.004883 0.010417
0 0.633789 0.409722 0.003906 0.010417
0 0.629883 0.427951 0.005859 0.008681
0 0.643555 0.432292 0.003906 0.010417
0 0.688965 0.777778 0.008789 0.020833
0 0.996094 0.565104 0.007812 0.022569
0 0.877930 0.603299 0.007812 0.015625
0 0.171875 0.473958 0.007812 0.013889
0 0.646973 0.874132 0.016602 0.036458
0 0.608887 0.904514 0.016602 0.034722
0 0.948730 0.961806 0.012695 0.031250
0 0.996094 0.905382 0.007812 0.032986
0 0.955078 0.934028 0.009766 0.034722
