0 0.027344 0.299414 0.048828 0.074671
0 0.148438 0.174963 0.019531 0.024890
0 0.165527 0.147145 0.008789 0.019034
0 0.194824 0.158858 0.012695 0.021962
0 0.246582 0.158126 0.008789 0.017570
0 0.320801 0.210835 0.014648 0.046852
0 0.343262 0.176428 0.010742 0.021962
0 0.418945 0.344802 0.064453 0.109810
0 0.361328 0.274524 0.023438 0.045388
0 0.070801 0.155930 0.010742 0.024890
0 0.264160 0.167643 0.010742 0.021962
0 0.388184 0.200586 0.012695 0.017570
0 0.541504 0.201318 0.010742 0.021962
0 0.447266 0.187408 0.005859 0.020498
0 0.431641 0.187408 0.013672 0.023426
0 0.493652 0.173499 0.006836 0.016105
0 0.666992 0.245974 0.029297 0.046852
0 0.721680 0.220351 0.013672 0.019034
0 0.744141 0.234993 0.007812 0.019034
0 0.829102 0.267204 0.009766 0.030747
0 0.900391 0.237921 0.007812 0.019034
0 0.916016 0.226940 0.005859 0.011713
0 0.746582 0.199854 0.004883 0.010249
0 0.770020 0.202050 0.006836 0.011713
0 0.553223 0.182284 0.006836 0.013177
0 0.567383 0.182284 0.005859 0.010249
0 0.586426 0.184480 0.006836 0.011713
0 0.991211 0.218155 0.007812 0.014641
