0 0.810059 0.796875 0.040039 0.057292
0 0.755371 0.753255 0.040039 0.066406
0 0.385254 0.533203 0.073242 0.118490
0 0.369629 0.963542 0.086914 0.072917
0 0.170898 0.987630 0.085938 0.024740
0 0.072266 0.981771 0.101562 0.036458
0 0.145996 0.945312 0.071289 0.101562
0 0.057617 0.933594 0.083984 0.125000
0 0.254883 0.974609 0.052734 0.050781
0 0.321289 0.964844 0.062500 0.070312
0 0.354492 0.903646 0.050781 0.078125
0 0.233398 0.884766 0.041016 0.063802
0 0.168457 0.855469 0.038086 0.062500
0 0.081055 0.763672 0.035156 0.048177
0 0.553711 0.956380 0.085938 0.087240
0 0.554199 0.951172 0.079102 0.097656
0 0.791504 0.950521 0.043945 0.067708
0 0.743652 0.972656 0.084961 0.054688
0 0.917969 0.984375 0.089844 0.031250
0 0.853516 0.980469 0.074219 0.039062
