0 0.802246 0.537936 0.055664 0.107739
0 0.680176 0.538695 0.030273 0.054628
0 0.626465 0.455235 0.022461 0.039454
0 0.388672 0.563733 0.031250 0.053111
0 0.141602 0.572079 0.025391 0.045524
0 0.958984 0.238998 0.011719 0.025797
0 0.943848 0.213961 0.006836 0.015175
0 0.910156 0.230653 0.007812 0.015175
0 0.886719 0.249621 0.009766 0.019727
0 0.885742 0.295144 0.009766 0.019727
0 0.835938 0.298938 0.009766 0.024279
0 0.816406 0.299697 0.009766 0.022762
0 0.776855 0.283005 0.012695 0.016692
0 0.692383 0.298179 0.009766 0.019727
0 0.662109 0.336874 0.011719 0.024279
0 0.708984 0.290592 0.009766 0.019727
0 0.660156 0.272382 0.009766 0.022762
0 0.658203 0.385432 0.019531 0.030349
0 0.552246 0.344461 0.014648 0.030349
0 0.592773 0.339150 0.013672 0.025797
0 0.504395 0.326252 0.014648 0.024279
0 0.327637 0.353566 0.008789 0.018209
0 0.416016 0.355842 0.011719 0.022762
0 0.391113 0.378604 0.014648 0.025797
0 0.354980 0.400607 0.012695 0.024279
0 0.319824 0.380880 0.012695 0.024279
0 0.248535 0.355083 0.010742 0.018209
0 0.226562 0.346737 0.009766 0.016692
0 0.236816 0.357360 0.006836 0.016692
0 0.236328 0.407436 0.011719 0.025797
0 0.195801 0.410470 0.012695 0.025797
0 0.193359 0.362671 0.009766 0.018209
0 0.165039 0.364947 0.007812 0.016692
0 0.056152 0.430956 0.010742 0.021244
0 0.058594 0.367982 0.007812 0.016692
