0 0.711426 0.168489 0.061523 0.069036
0 0.455078 0.222488 0.074219 0.060834
0 0.380371 0.301094 0.055664 0.058100
0 0.197266 0.319549 0.048828 0.040328
0 0.057129 0.209843 0.083008 0.066986
0 0.160645 0.366029 0.038086 0.029392
0 0.652832 0.456254 0.024414 0.022556
0 0.597168 0.467874 0.026367 0.023923
0 0.547852 0.469241 0.025391 0.022556
0 0.628418 0.737867 0.034180 0.034860
0 0.535156 0.704716 0.015625 0.013671
0 0.563477 0.701982 0.013672 0.012303
0 0.508789 0.705742 0.013672 0.012987
0 0.623535 0.395420 0.026367 0.030759
