0 0.956055 0.589316 0.033203 0.063439
0 0.877441 0.526711 0.030273 0.048414
0 0.912598 0.485810 0.028320 0.056761
0 0.949707 0.434057 0.016602 0.036728
0 0.799316 0.823873 0.045898 0.085142
0 0.838867 0.681135 0.031250 0.063439
0 0.671875 0.599332 0.025391 0.053422
0 0.833984 0.388982 0.017578 0.040067
0 0.626953 0.904841 0.048828 0.076795
0 0.634277 0.722871 0.043945 0.076795
0 0.630859 0.656928 0.033203 0.051753
0 0.514648 0.632721 0.033203 0.063439
0 0.517090 0.779633 0.038086 0.076795
0 0.375000 0.861436 0.050781 0.100167
0 0.324707 0.721202 0.040039 0.086811
0 0.338379 0.657763 0.032227 0.070117
0 0.371094 0.627713 0.031250 0.056761
0 0.074707 0.839733 0.041992 0.086811
0 0.114258 0.688648 0.031250 0.065109
0 0.132812 0.580134 0.031250 0.068447
0 0.986816 0.411519 0.014648 0.035058
0 0.993164 0.383139 0.013672 0.031720
0 0.891602 0.407346 0.015625 0.030050
0 0.885254 0.462437 0.018555 0.033389
0 0.853027 0.391486 0.014648 0.028381
0 0.860840 0.373957 0.012695 0.026711
0 0.919434 0.373122 0.014648 0.028381
0 0.934570 0.356427 0.015625 0.028381
0 0.874512 0.350584 0.014648 0.026711
0 0.906250 0.350584 0.013672 0.026711
0 0.891602 0.373122 0.013672 0.028381
0 0.977539 0.306344 0.011719 0.021703
0 0.812500 0.405676 0.015625 0.033389
0 0.786621 0.402337 0.014648 0.026711
0 0.755371 0.400668 0.016602 0.026711
0 0.717285 0.419866 0.016602 0.028381
0 0.743164 0.389816 0.015625 0.031720
0 0.837891 0.355593 0.017578 0.033389
0 0.844238 0.377295 0.018555 0.033389
0 0.804199 0.367279 0.016602 0.026711
0 0.711426 0.368948 0.016602 0.026711
0 0.727051 0.358932 0.012695 0.023372
0 0.755371 0.366444 0.018555 0.031720
0 0.806152 0.351419 0.018555 0.028381
0 0.783203 0.351419 0.015625 0.028381
0 0.753418 0.333055 0.014648 0.021703
0 0.797852 0.285476 0.009766 0.016694
0 0.699707 0.283806 0.010742 0.023372
0 0.684570 0.402337 0.015625 0.030050
0 0.626465 0.437396 0.016602 0.030050
0 0.630859 0.405676 0.017578 0.033389
0 0.688477 0.338063 0.013672 0.025042
0 0.602051 0.350584 0.014648 0.026711
0 0.595215 0.308013 0.012695 0.021703
0 0.649902 0.301336 0.012695 0.021703
0 0.602539 0.380634 0.015625 0.026711
0 0.643555 0.380634 0.013672 0.023372
0 0.642578 0.346411 0.013672 0.025042
0 0.665039 0.274624 0.009766 0.018364
0 0.728027 0.277963 0.006836 0.015025
0 0.566406 0.388982 0.015625 0.030050
0 0.560547 0.308848 0.009766 0.020033
0 0.551758 0.303005 0.013672 0.025042
0 0.621582 0.274624 0.008789 0.015025
0 0.579102 0.358932 0.011719 0.023372
0 0.553223 0.366444 0.012695 0.025042
0 0.556641 0.353088 0.013672 0.028381
0 0.524902 0.422371 0.016602 0.030050
0 0.484863 0.403172 0.010742 0.018364
0 0.508301 0.383139 0.014648 0.035058
0 0.488770 0.342237 0.012695 0.023372
0 0.463379 0.335559 0.012695 0.023372
0 0.431641 0.369783 0.013672 0.025042
0 0.416504 0.398998 0.014648 0.026711
0 0.526855 0.391486 0.016602 0.028381
0 0.511719 0.348080 0.011719 0.021703
0 0.519043 0.338898 0.008789 0.020033
0 0.447266 0.335559 0.011719 0.023372
0 0.511719 0.281302 0.007812 0.015025
0 0.414551 0.364775 0.014648 0.025042
0 0.391602 0.322204 0.011719 0.023372
0 0.438965 0.297997 0.008789 0.018364
0 0.359863 0.363940 0.012695 0.023372
0 0.255371 0.381469 0.012695 0.021703
0 0.255859 0.364775 0.011719 0.021703
0 0.274902 0.284641 0.010742 0.018364
0 0.330566 0.289649 0.008789 0.018364
0 0.315918 0.320534 0.008789 0.016694
0 0.247559 0.333890 0.010742 0.023372
0 0.237793 0.346411 0.010742 0.018364
0 0.243164 0.365609 0.011719 0.020033
0 0.344727 0.283806 0.009766 0.020033
0 0.152832 0.509182 0.020508 0.040067
0 0.141113 0.461603 0.022461 0.041736
0 0.023438 0.481636 0.021484 0.045075
0 0.040039 0.493322 0.021484 0.045075
0 0.149414 0.434891 0.019531 0.031720
0 0.144531 0.420701 0.021484 0.033389
0 0.101562 0.440735 0.019531 0.033389
0 0.048828 0.471619 0.021484 0.031720
0 0.040039 0.432387 0.019531 0.030050
0 0.055664 0.411519 0.017578 0.031720
0 0.094238 0.393155 0.014648 0.025042
0 0.096680 0.367279 0.015625 0.023372
0 0.035156 0.379800 0.015625 0.025042
0 0.012207 0.425710 0.012695 0.026711
0 0.197754 0.400668 0.014648 0.030050
0 0.161621 0.338898 0.014648 0.026711
0 0.180664 0.333055 0.013672 0.025042
0 0.210938 0.335559 0.013672 0.016694
0 0.053711 0.350584 0.011719 0.020033
0 0.045898 0.361436 0.011719 0.021703
0 0.019531 0.331386 0.011719 0.021703
0 0.104492 0.349750 0.011719 0.021703
0 0.093262 0.333055 0.010742 0.021703
0 0.027344 0.325543 0.011719 0.020033
0 0.016113 0.392321 0.016602 0.026711
0 0.235352 0.419866 0.017578 0.038397
0 0.286133 0.395659 0.015625 0.033389
0 0.172852 0.383973 0.013672 0.023372
0 0.171387 0.363940 0.012695 0.020033
0 0.158203 0.317195 0.011719 0.023372
0 0.296387 0.316361 0.010742 0.021703
0 0.325195 0.348080 0.013672 0.025042
0 0.144043 0.303840 0.010742 0.020033
0 0.151367 0.389816 0.013672 0.021703
0 0.200195 0.447412 0.017578 0.030050
0 0.171387 0.282137 0.008789 0.016694
0 0.299316 0.274624 0.008789 0.018364
0 0.240234 0.299666 0.009766 0.018364
0 0.450684 0.308013 0.008789 0.018364
0 0.461426 0.263773 0.008789 0.016694
0 0.399414 0.273790 0.009766 0.020033
0 0.517090 0.326377 0.010742 0.021703
0 0.500977 0.342237 0.009766 0.020033
0 0.502441 0.258765 0.008789 0.016694
0 0.458984 0.298831 0.009766 0.016694
0 0.419434 0.269616 0.008789 0.015025
0 0.427246 0.323873 0.012695 0.026711
0 0.472168 0.304674 0.008789 0.018364
0 0.481445 0.324708 0.009766 0.015025
0 0.488770 0.322204 0.010742 0.020033
0 0.502441 0.284641 0.010742 0.025042
0 0.348145 0.263773 0.010742 0.020033
0 0.951172 0.320534 0.009766 0.023372
0 0.981934 0.379800 0.016602 0.035058
0 0.983398 0.358097 0.013672 0.028381
0 0.995605 0.311352 0.008789 0.021703
0 0.918457 0.331386 0.010742 0.018364
0 0.937012 0.303005 0.010742 0.018364
0 0.978516 0.171119 0.005859 0.011686
0 0.811523 0.272955 0.007812 0.018364
0 0.746582 0.273790 0.008789 0.016694
0 0.797852 0.319699 0.009766 0.025042
0 0.699707 0.308848 0.008789 0.016694
0 0.722656 0.300501 0.009766 0.016694
0 0.768066 0.243740 0.006836 0.013356
0 0.775879 0.309683 0.008789 0.018364
0 0.766113 0.294658 0.010742 0.021703
0 0.441406 0.280467 0.009766 0.023372
0 0.298340 0.347245 0.012695 0.026711
0 0.857422 0.322204 0.011719 0.020033
0 0.890137 0.250417 0.006836 0.016694
0 0.857910 0.299666 0.012695 0.025042
0 0.948730 0.259599 0.008789 0.018364
0 0.959961 0.272955 0.009766 0.018364
0 0.879395 0.277129 0.008789 0.016694
0 0.838867 0.244574 0.007812 0.015025
0 0.948730 0.233723 0.004883 0.010017
0 0.597656 0.166945 0.009766 0.016694
0 0.529297 0.161102 0.009766 0.018364
0 0.440918 0.166110 0.006836 0.015025
0 0.629883 0.158598 0.007812 0.013356
0 0.688965 0.158598 0.008789 0.016694
0 0.957031 0.398164 0.019531 0.038397
0 0.928711 0.269616 0.007812 0.015025
0 0.914062 0.250417 0.005859 0.013356
0 0.936523 0.222037 0.005859 0.013356
0 0.220215 0.301336 0.008789 0.018364
0 0.247559 0.251252 0.008789 0.018364
0 0.933594 0.740401 0.037109 0.095159
0 0.680664 0.378130 0.015625 0.028381
0 0.663574 0.343072 0.014648 0.018364
0 0.656250 0.374791 0.013672 0.028381
0 0.635742 0.279633 0.011719 0.021703
0 0.718262 0.328881 0.012695 0.023372
0 0.352539 0.323038 0.011719 0.021703
0 0.400879 0.341402 0.012695 0.025042
0 0.350098 0.341402 0.010742 0.018364
0 0.323242 0.304674 0.009766 0.018364
0 0.306152 0.365609 0.012695 0.026711
0 0.051270 0.322204 0.010742 0.020033
0 0.066895 0.326377 0.010742 0.021703
0 0.114258 0.386477 0.013672 0.025042
0 0.070312 0.407346 0.015625 0.023372
0 0.121582 0.323873 0.012695 0.023372
0 0.137207 0.388147 0.014648 0.028381
0 0.230957 0.260434 0.006836 0.013356
0 0.093262 0.468280 0.020508 0.035058
0 0.189453 0.469950 0.017578 0.041736
0 0.078613 0.354758 0.012695 0.028381
0 0.283203 0.315526 0.007812 0.023372
0 0.203613 0.366444 0.012695 0.028381
0 0.275879 0.414023 0.018555 0.033389
0 0.269043 0.333055 0.008789 0.018364
0 0.473633 0.167780 0.009766 0.015025
0 0.559570 0.170284 0.007812 0.013356
0 0.735840 0.150250 0.006836 0.016694
0 0.458984 0.385643 0.019531 0.033389
0 0.735352 0.319699 0.011719 0.021703
0 0.655762 0.411519 0.014648 0.021703
0 0.571777 0.304674 0.008789 0.018364
0 0.545898 0.265442 0.007812 0.016694
0 0.334961 0.393155 0.015625 0.025042
0 0.131836 0.355593 0.011719 0.023372
0 0.386230 0.408180 0.018555 0.035058
0 0.008301 0.545910 0.016602 0.056761
