0 0.757324 0.571221 0.034180 0.058140
0 0.611328 0.539971 0.039062 0.077035
0 0.562500 0.593750 0.041016 0.065407
0 0.491699 0.585029 0.022461 0.039244
0 0.434082 0.561047 0.024414 0.037791
0 0.375000 0.566860 0.021484 0.029070
0 0.867676 0.569041 0.030273 0.039244
0 0.805664 0.564680 0.021484 0.033430
0 0.946777 0.577762 0.022461 0.042151
0 0.333496 0.587209 0.018555 0.034884
0 0.302246 0.585756 0.018555 0.031977
0 0.264648 0.565407 0.015625 0.037791
0 0.234863 0.582849 0.016602 0.029070
0 0.203125 0.589390 0.011719 0.021802
0 0.011230 0.597384 0.010742 0.014535
0 0.038574 0.590843 0.006836 0.013081
0 0.076172 0.586483 0.009766 0.015988
0 0.143066 0.595203 0.008789 0.018895
0 0.186035 0.585029 0.008789 0.021802
0 0.164551 0.591570 0.012695 0.014535
0 0.132324 0.591570 0.006836 0.017442
0 0.121582 0.589390 0.008789 0.018895
0 0.104980 0.592297 0.010742 0.018895
