0 0.955078 0.658126 0.054688 0.103953
0 0.977539 0.577599 0.029297 0.062958
0 0.991211 0.491215 0.015625 0.036603
0 0.978516 0.459736 0.013672 0.026354
0 0.931641 0.439971 0.013672 0.027818
0 0.925293 0.427526 0.008789 0.014641
0 0.942383 0.513177 0.017578 0.030747
0 0.955078 0.505124 0.011719 0.035139
0 0.938477 0.483895 0.011719 0.027818
0 0.935547 0.553441 0.021484 0.035139
0 0.882812 0.540996 0.021484 0.045388
0 0.889160 0.453880 0.010742 0.017570
0 0.918457 0.467057 0.010742 0.020498
0 0.905762 0.494876 0.010742 0.017570
0 0.889648 0.486823 0.009766 0.019034
0 0.848145 0.561493 0.018555 0.036603
0 0.768066 0.745242 0.032227 0.079063
0 0.741699 0.715227 0.036133 0.074671
0 0.796875 0.620059 0.037109 0.071742
0 0.803223 0.551245 0.030273 0.057101
0 0.761719 0.584919 0.017578 0.045388
0 0.727539 0.558565 0.019531 0.051245
0 0.649902 0.678624 0.053711 0.106881
0 0.705078 0.647145 0.035156 0.067350
0 0.631836 0.585652 0.037109 0.079063
0 0.536621 0.687408 0.049805 0.083455
0 0.461914 0.685212 0.048828 0.087848
0 0.380859 0.655198 0.048828 0.092240
0 0.316406 0.727672 0.039062 0.073206
0 0.303711 0.715959 0.033203 0.070278
0 0.269043 0.641288 0.041992 0.070278
0 0.221191 0.606881 0.024414 0.042460
0 0.220703 0.565154 0.019531 0.035139
0 0.063965 0.592972 0.034180 0.067350
0 0.143555 0.622987 0.021484 0.048316
0 0.062500 0.505124 0.013672 0.026354
0 0.179688 0.475110 0.011719 0.021962
0 0.137695 0.468521 0.011719 0.020498
0 0.117676 0.475110 0.012695 0.021962
0 0.126465 0.444363 0.008789 0.016105
0 0.213867 0.505124 0.019531 0.035139
0 0.248047 0.482430 0.013672 0.024890
0 0.242188 0.461933 0.009766 0.019034
0 0.254395 0.458272 0.010742 0.017570
0 0.268066 0.556369 0.022461 0.043924
0 0.244629 0.525622 0.012695 0.026354
0 0.243652 0.556369 0.014648 0.032211
0 0.324707 0.487555 0.010742 0.026354
0 0.286133 0.469253 0.013672 0.019034
0 0.278809 0.494876 0.010742 0.023426
0 0.308594 0.501464 0.009766 0.021962
0 0.492188 0.601025 0.029297 0.057101
0 0.470215 0.585652 0.024414 0.043924
0 0.474609 0.528551 0.019531 0.035139
0 0.465820 0.538799 0.019531 0.040996
0 0.422363 0.528551 0.018555 0.035139
0 0.403320 0.507321 0.017578 0.030747
0 0.509277 0.478770 0.012695 0.029283
0 0.531738 0.501464 0.016602 0.030747
0 0.406738 0.480966 0.012695 0.021962
0 0.577637 0.581259 0.028320 0.049780
0 0.562012 0.568814 0.020508 0.039531
0 0.684082 0.530015 0.022461 0.046852
0 0.640137 0.527086 0.020508 0.043924
0 0.606445 0.478770 0.011719 0.023426
0 0.590332 0.469985 0.010742 0.017570
0 0.602539 0.450952 0.007812 0.014641
0 0.611816 0.455344 0.006836 0.014641
0 0.568848 0.445095 0.010742 0.017570
0 0.581543 0.449488 0.008789 0.017570
0 0.710938 0.453880 0.009766 0.020498
0 0.682129 0.474378 0.010742 0.023426
0 0.584473 0.527086 0.010742 0.023426
0 0.566406 0.481698 0.009766 0.023426
0 0.519043 0.456808 0.008789 0.017570
0 0.754395 0.519034 0.014648 0.039531
0 0.760742 0.474378 0.009766 0.014641
0 0.319336 0.441435 0.009766 0.019034
0 0.302246 0.456808 0.010742 0.017570
0 0.292969 0.508053 0.011719 0.017570
0 0.210938 0.437042 0.007812 0.013177
0 0.403809 0.467057 0.012695 0.023426
0 0.414551 0.442167 0.008789 0.017570
0 0.428223 0.438507 0.008789 0.016105
