0 0.306152 0.076979 0.022461 0.042522
0 0.418457 0.134897 0.026367 0.043988
0 0.514160 0.196481 0.018555 0.041056
0 0.478027 0.298387 0.018555 0.033724
0 0.561035 0.280059 0.016602 0.035191
0 0.581543 0.213343 0.016602 0.027859
0 0.618164 0.292522 0.021484 0.039589
0 0.675781 0.302053 0.013672 0.023460
0 0.784180 0.456745 0.011719 0.021994
0 0.732422 0.401760 0.013672 0.023460
0 0.794434 0.453812 0.012695 0.024927
0 0.698242 0.404692 0.005859 0.014663
0 0.909180 0.336510 0.007812 0.010264
0 0.854004 0.348240 0.006836 0.010264
0 0.796387 0.651760 0.018555 0.042522
0 0.956543 0.684751 0.038086 0.079179
0 0.864258 0.653959 0.007812 0.011730
0 0.876465 0.653959 0.006836 0.011730
