0 0.825195 0.703079 0.023438 0.048387
0 0.919922 0.637097 0.019531 0.048387
0 0.969238 0.626833 0.014648 0.045455
0 0.988770 0.508065 0.022461 0.048387
0 0.896973 0.530792 0.024414 0.043988
0 0.797852 0.525660 0.021484 0.048387
0 0.718750 0.524927 0.021484 0.041056
0 0.709473 0.509531 0.016602 0.036657
0 0.698730 0.609971 0.016602 0.043988
0 0.770508 0.640762 0.013672 0.043988
0 0.818359 0.810850 0.033203 0.038123
0 0.794922 0.798387 0.019531 0.051320
0 0.681152 0.894428 0.032227 0.073314
0 0.578613 0.944282 0.051758 0.111437
0 0.353027 0.911290 0.055664 0.089443
0 0.430176 0.904692 0.038086 0.070381
0 0.543945 0.799853 0.033203 0.057185
0 0.418457 0.747801 0.024414 0.043988
0 0.463379 0.712610 0.024414 0.038123
0 0.446777 0.683284 0.024414 0.038123
0 0.490234 0.733138 0.021484 0.029326
0 0.468262 0.757331 0.020508 0.030792
0 0.375977 0.794721 0.023438 0.038123
0 0.358398 0.811584 0.021484 0.045455
0 0.318359 0.747801 0.025391 0.043988
0 0.158691 0.773460 0.020508 0.045455
0 0.069336 0.728006 0.019531 0.042522
0 0.124512 0.609238 0.018555 0.042522
0 0.188965 0.620968 0.022461 0.039589
0 0.257812 0.609971 0.021484 0.041056
0 0.304688 0.642962 0.019531 0.033724
0 0.395996 0.700880 0.024414 0.046921
0 0.257324 0.736804 0.024414 0.033724
0 0.168457 0.741202 0.024414 0.033724
0 0.116699 0.704545 0.018555 0.036657
0 0.115234 0.879032 0.033203 0.068915
0 0.226562 0.575513 0.021484 0.048387
0 0.331543 0.721408 0.024414 0.049853
0 0.178223 0.815982 0.016602 0.039589
0 0.329102 0.552786 0.017578 0.041056
0 0.357910 0.429619 0.022461 0.038123
0 0.386230 0.415689 0.022461 0.039589
0 0.453125 0.368768 0.019531 0.033724
0 0.486328 0.387830 0.021484 0.036657
0 0.491211 0.264663 0.021484 0.045455
0 0.552246 0.285924 0.018555 0.038123
0 0.548340 0.247067 0.014648 0.030792
0 0.559570 0.225073 0.019531 0.039589
0 0.473633 0.246334 0.019531 0.035191
0 0.409180 0.281525 0.021484 0.041056
0 0.385254 0.224340 0.020508 0.043988
0 0.383789 0.149560 0.021484 0.038123
0 0.416504 0.118035 0.018555 0.039589
0 0.289062 0.197214 0.021484 0.039589
0 0.208496 0.203079 0.020508 0.033724
0 0.199219 0.239003 0.017578 0.032258
0 0.216797 0.225806 0.013672 0.032258
0 0.269043 0.235337 0.018555 0.039589
0 0.317871 0.301320 0.022461 0.039589
0 0.237793 0.354106 0.018555 0.039589
0 0.305176 0.376833 0.020508 0.041056
0 0.195801 0.406891 0.024414 0.036657
0 0.123047 0.397361 0.019531 0.043988
0 0.100098 0.388563 0.020508 0.038123
0 0.224121 0.519062 0.020508 0.041056
0 0.194824 0.486070 0.020508 0.045455
0 0.103516 0.499267 0.021484 0.036657
0 0.012695 0.433284 0.019531 0.033724
0 0.047852 0.341642 0.019531 0.038123
0 0.029297 0.302053 0.011719 0.032258
0 0.100098 0.269062 0.020508 0.036657
0 0.122070 0.322581 0.017578 0.038123
0 0.119629 0.293988 0.018555 0.033724
0 0.148926 0.277859 0.014648 0.030792
0 0.194336 0.282991 0.017578 0.035191
0 0.286621 0.318182 0.018555 0.029326
0 0.453613 0.331378 0.020508 0.032258
0 0.395996 0.360704 0.014648 0.038123
0 0.526855 0.283724 0.010742 0.024927
0 0.269043 0.480205 0.022461 0.042522
0 0.016602 0.568182 0.021484 0.045455
0 0.070312 0.439883 0.009766 0.035191
0 0.323242 0.140029 0.019531 0.027859
0 0.889648 0.326979 0.023438 0.043988
0 0.906250 0.435484 0.025391 0.049853
0 0.966797 0.392962 0.025391 0.046921
0 0.850098 0.454545 0.022461 0.041056
0 0.799805 0.365103 0.023438 0.035191
0 0.772461 0.338710 0.019531 0.041056
0 0.700684 0.343842 0.020508 0.042522
0 0.642090 0.341642 0.020508 0.035191
0 0.616211 0.328446 0.019531 0.041056
0 0.572266 0.348974 0.023438 0.043988
0 0.604980 0.241202 0.022461 0.045455
0 0.626465 0.266129 0.018555 0.036657
0 0.767090 0.241202 0.022461 0.039589
0 0.826660 0.249267 0.016602 0.041056
0 0.723633 0.250733 0.013672 0.029326
0 0.700684 0.285191 0.014648 0.039589
0 0.693848 0.250733 0.018555 0.038123
0 0.642090 0.233138 0.018555 0.032258
0 0.871582 0.220674 0.018555 0.033724
0 0.918945 0.206012 0.011719 0.042522
0 0.976074 0.252933 0.018555 0.030792
0 0.996582 0.337243 0.006836 0.041056
0 0.734863 0.234604 0.022461 0.029326
