0 0.514648 0.417535 0.007812 0.019097
0 0.515137 0.473090 0.010742 0.026042
0 0.511719 0.522569 0.009766 0.024306
0 0.519531 0.514757 0.009766 0.029514
0 0.511719 0.557292 0.011719 0.034722
0 0.523926 0.608507 0.012695 0.029514
0 0.530762 0.372396 0.004883 0.015625
0 0.542480 0.364583 0.004883 0.013889
0 0.539551 0.340278 0.004883 0.010417
0 0.522949 0.363715 0.004883 0.012153
0 0.603027 0.354167 0.004883 0.013889
0 0.632812 0.357639 0.005859 0.013889
0 0.569336 0.348090 0.005859 0.012153
0 0.579590 0.353299 0.004883 0.012153
0 0.583008 0.349826 0.003906 0.012153
0 0.577637 0.378472 0.004883 0.010417
0 0.599609 0.414062 0.007812 0.019097
0 0.582520 0.325521 0.004883 0.012153
0 0.612305 0.315972 0.003906 0.010417
0 0.544922 0.488715 0.007812 0.026042
0 0.604004 0.510417 0.008789 0.024306
0 0.654297 0.494792 0.007812 0.020833
0 0.658691 0.601562 0.010742 0.026042
0 0.626953 0.578993 0.011719 0.029514
0 0.596191 0.567708 0.012695 0.027778
0 0.544922 0.519965 0.009766 0.029514
0 0.569336 0.580729 0.011719 0.032986
0 0.581055 0.631944 0.015625 0.034722
0 0.610840 0.645833 0.014648 0.034722
0 0.631836 0.682292 0.015625 0.038194
0 0.589355 0.716146 0.016602 0.043403
0 0.902832 0.524306 0.006836 0.020833
0 0.925781 0.567708 0.009766 0.024306
0 0.917480 0.588542 0.014648 0.034722
0 0.955078 0.493924 0.007812 0.015625
0 0.964844 0.489583 0.007812 0.020833
0 0.948730 0.543403 0.010742 0.024306
0 0.942383 0.618924 0.011719 0.026042
0 0.960449 0.669271 0.010742 0.026042
0 0.736328 0.645833 0.011719 0.031250
0 0.730469 0.811632 0.021484 0.053819
0 0.821289 0.895833 0.013672 0.034722
0 0.859375 0.872396 0.023438 0.053819
0 0.932129 0.878472 0.022461 0.055556
0 0.976074 0.867188 0.020508 0.039931
0 0.991211 0.493924 0.007812 0.019097
0 0.989746 0.563368 0.010742 0.015625
0 0.469238 0.782986 0.010742 0.041667
0 0.335449 0.987847 0.026367 0.024306
0 0.027344 0.266493 0.005859 0.012153
0 0.011719 0.317708 0.005859 0.013889
0 0.042480 0.322049 0.006836 0.015625
0 0.064453 0.329861 0.005859 0.013889
0 0.083008 0.348090 0.005859 0.012153
0 0.036621 0.349826 0.006836 0.015625
0 0.043945 0.395833 0.007812 0.017361
0 0.075684 0.414931 0.010742 0.024306
0 0.088379 0.388889 0.008789 0.020833
0 0.094727 0.315972 0.005859 0.013889
0 0.119141 0.289931 0.005859 0.010417
0 0.110352 0.276910 0.003906 0.008681
0 0.120117 0.276042 0.003906 0.010417
0 0.103516 0.276910 0.003906 0.008681
0 0.121582 0.351562 0.006836 0.015625
0 0.109863 0.349826 0.006836 0.015625
0 0.117188 0.448785 0.011719 0.022569
0 0.009277 0.509549 0.010742 0.029514
0 0.209473 0.541667 0.014648 0.031250
0 0.017578 0.743056 0.019531 0.041667
0 0.022949 0.797743 0.018555 0.050347
0 0.203125 0.474826 0.009766 0.019097
0 0.218262 0.452257 0.008789 0.015625
0 0.217773 0.406250 0.007812 0.020833
0 0.201660 0.425347 0.008789 0.017361
0 0.186523 0.401042 0.007812 0.020833
0 0.123047 0.473090 0.007812 0.026042
0 0.155273 0.383681 0.007812 0.020833
0 0.240723 0.452257 0.008789 0.019097
0 0.247559 0.385417 0.006836 0.020833
0 0.240234 0.351562 0.005859 0.015625
0 0.203125 0.349826 0.005859 0.015625
0 0.182129 0.355903 0.006836 0.013889
0 0.188477 0.322917 0.003906 0.010417
0 0.171875 0.318576 0.003906 0.008681
0 0.166016 0.316840 0.003906 0.012153
0 0.135742 0.314236 0.005859 0.013889
0 0.142578 0.309896 0.005859 0.012153
0 0.128906 0.348958 0.005859 0.017361
0 0.129395 0.331597 0.004883 0.010417
0 0.200684 0.278646 0.004883 0.012153
0 0.195312 0.280382 0.003906 0.012153
0 0.190430 0.276910 0.003906 0.012153
0 0.155273 0.304688 0.003906 0.008681
0 0.140625 0.275174 0.003906 0.012153
0 0.149414 0.294271 0.005859 0.012153
0 0.281738 0.302083 0.004883 0.010417
0 0.284180 0.334201 0.005859 0.012153
0 0.319336 0.347222 0.005859 0.013889
0 0.276855 0.270833 0.004883 0.010417
0 0.334473 0.375000 0.004883 0.017361
0 0.306641 0.395833 0.007812 0.017361
0 0.308594 0.461806 0.009766 0.024306
0 0.288086 0.333333 0.003906 0.013889
0 0.272461 0.384549 0.007812 0.019097
0 0.284668 0.394965 0.006836 0.019097
0 0.259766 0.415799 0.007812 0.015625
0 0.313965 0.414931 0.008789 0.020833
0 0.340820 0.440104 0.007812 0.019097
0 0.290039 0.428819 0.007812 0.017361
0 0.276855 0.436632 0.008789 0.022569
0 0.274414 0.475694 0.009766 0.020833
0 0.264160 0.495660 0.010742 0.029514
0 0.255371 0.477431 0.010742 0.024306
0 0.305664 0.575521 0.013672 0.036458
0 0.362305 0.581597 0.011719 0.034722
0 0.335449 0.613715 0.012695 0.032986
0 0.232910 0.625000 0.010742 0.031250
0 0.259766 0.736979 0.019531 0.043403
0 0.260254 0.815104 0.022461 0.050347
0 0.395508 0.653646 0.013672 0.036458
0 0.372559 0.703993 0.016602 0.036458
0 0.429688 0.720486 0.017578 0.041667
0 0.419434 0.555556 0.012695 0.031250
0 0.382812 0.519097 0.011719 0.027778
0 0.339844 0.513021 0.007812 0.029514
0 0.395508 0.505208 0.007812 0.020833
0 0.423340 0.522569 0.012695 0.024306
0 0.471191 0.601562 0.014648 0.036458
0 0.481445 0.616319 0.015625 0.038194
0 0.457031 0.483507 0.009766 0.019097
0 0.440918 0.514757 0.010742 0.019097
0 0.434570 0.413194 0.007812 0.020833
0 0.454590 0.405382 0.006836 0.019097
0 0.462402 0.444444 0.006836 0.020833
0 0.495117 0.495660 0.009766 0.026042
0 0.500000 0.447049 0.007812 0.019097
0 0.498535 0.421875 0.008789 0.017361
0 0.511230 0.371528 0.004883 0.013889
0 0.489258 0.373264 0.005859 0.013889
0 0.486328 0.401042 0.005859 0.020833
0 0.426758 0.369792 0.005859 0.013889
0 0.410156 0.368056 0.005859 0.013889
0 0.400879 0.360243 0.006836 0.015625
0 0.441406 0.368056 0.005859 0.017361
0 0.467285 0.353299 0.004883 0.012153
0 0.445312 0.309028 0.003906 0.010417
0 0.460938 0.334201 0.003906 0.012153
0 0.476074 0.314236 0.002930 0.006944
0 0.497070 0.359375 0.003906 0.010417
0 0.486328 0.303819 0.003906 0.010417
0 0.440918 0.297743 0.004883 0.012153
0 0.484863 0.290799 0.002930 0.008681
0 0.516602 0.322049 0.005859 0.012153
0 0.526367 0.322049 0.003906 0.008681
0 0.524414 0.339410 0.005859 0.012153
0 0.518066 0.399306 0.006836 0.013889
0 0.620605 0.772569 0.016602 0.038194
0 0.673340 0.721354 0.014648 0.036458
0 0.498047 0.813368 0.021484 0.053819
0 0.596191 0.901042 0.018555 0.055556
0 0.647949 0.875000 0.018555 0.052083
0 0.644043 0.978299 0.028320 0.043403
0 0.649414 0.364583 0.003906 0.010417
0 0.671875 0.363715 0.005859 0.015625
0 0.740723 0.401910 0.004883 0.012153
0 0.727051 0.406250 0.004883 0.017361
0 0.627930 0.442708 0.007812 0.017361
0 0.670898 0.447049 0.005859 0.015625
0 0.669922 0.505208 0.005859 0.017361
0 0.681641 0.525174 0.009766 0.022569
0 0.675293 0.552951 0.010742 0.026042
0 0.700195 0.530382 0.009766 0.022569
0 0.723633 0.483507 0.007812 0.022569
0 0.744141 0.476562 0.007812 0.019097
0 0.747070 0.499132 0.005859 0.019097
0 0.722656 0.532986 0.011719 0.031250
0 0.763672 0.480903 0.009766 0.024306
0 0.753906 0.544271 0.011719 0.022569
0 0.797852 0.508681 0.009766 0.024306
0 0.790039 0.532118 0.011719 0.026042
0 0.826660 0.507812 0.008789 0.026042
0 0.822754 0.553819 0.010742 0.031250
0 0.812500 0.599826 0.013672 0.029514
0 0.763184 0.587674 0.012695 0.029514
0 0.855469 0.592882 0.015625 0.029514
0 0.891602 0.575521 0.009766 0.026042
0 0.893555 0.541667 0.009766 0.024306
