0 0.985352 0.106305 0.015625 0.036657
0 0.862305 0.116569 0.017578 0.033724
0 0.827148 0.195015 0.015625 0.032258
0 0.894531 0.134897 0.009766 0.017595
0 0.750488 0.117302 0.008789 0.020528
0 0.705566 0.100440 0.010742 0.019062
0 0.764160 0.086510 0.006836 0.014663
0 0.785645 0.104106 0.008789 0.017595
0 0.599121 0.107771 0.020508 0.042522
0 0.615234 0.117302 0.009766 0.032258
0 0.573730 0.125367 0.014648 0.033724
0 0.525879 0.127566 0.016602 0.038123
0 0.488281 0.148094 0.011719 0.026393
0 0.490234 0.099707 0.011719 0.032258
0 0.516602 0.093109 0.013672 0.021994
0 0.438477 0.093842 0.013672 0.026393
0 0.422852 0.094575 0.013672 0.042522
0 0.414551 0.075513 0.014648 0.024927
0 0.398438 0.107771 0.017578 0.030792
0 0.428711 0.147361 0.019531 0.030792
0 0.373047 0.134164 0.025391 0.048387
0 0.367676 0.087977 0.010742 0.029326
0 0.296875 0.102639 0.019531 0.041056
0 0.304199 0.175220 0.024414 0.042522
0 0.264160 0.074047 0.016602 0.033724
0 0.320801 0.076246 0.014648 0.032258
0 0.196777 0.075513 0.014648 0.033724
0 0.252930 0.075513 0.011719 0.027859
0 0.357422 0.083578 0.007812 0.023460
0 0.384766 0.081378 0.007812 0.024927
0 0.153320 0.082111 0.015625 0.023460
0 0.131348 0.059384 0.014648 0.033724
0 0.031738 0.115103 0.024414 0.048387
0 0.016113 0.047654 0.016602 0.036657
0 0.049316 0.069648 0.008789 0.024927
0 0.003906 0.126100 0.005859 0.043988
0 0.642578 0.102639 0.011719 0.014663
0 0.625000 0.093109 0.009766 0.016129
0 0.740723 0.106305 0.008789 0.021994
0 0.725586 0.108504 0.009766 0.017595
0 0.894531 0.101173 0.005859 0.011730
