0 0.929199 0.421647 0.030273 0.065073
0 0.900879 0.408367 0.028320 0.065073
0 0.813965 0.472776 0.043945 0.071713
0 0.736816 0.403718 0.040039 0.069057
0 0.616699 0.436919 0.053711 0.092961
0 0.529297 0.428287 0.039062 0.065073
0 0.479004 0.415671 0.034180 0.063745
0 0.367676 0.439575 0.030273 0.053121
0 0.410156 0.382470 0.021484 0.042497
0 0.250488 0.385790 0.020508 0.027888
0 0.243164 0.339973 0.015625 0.026560
0 0.298340 0.353918 0.012695 0.030544
0 0.363281 0.342629 0.013672 0.023904
0 0.423828 0.342629 0.015625 0.023904
0 0.564941 0.378486 0.022461 0.037185
0 0.075195 0.287517 0.009766 0.022576
0 0.840820 0.417663 0.023438 0.041169
0 0.702148 0.408367 0.027344 0.046481
0 0.316406 0.322045 0.013672 0.017264
0 0.286133 0.324701 0.011719 0.019920
0 0.383789 0.404382 0.025391 0.046481
0 0.212402 0.342629 0.010742 0.018592
0 0.644043 0.401726 0.032227 0.062417
0 0.322266 0.373838 0.019531 0.033201
0 0.347168 0.333333 0.014648 0.023904
0 0.443848 0.332005 0.008789 0.013280
