0 0.054688 0.757857 0.023438 0.044286
0 0.014648 0.775714 0.021484 0.045714
0 0.062500 0.798571 0.019531 0.040000
0 0.087402 0.752857 0.014648 0.028571
0 0.118164 0.745000 0.011719 0.021429
0 0.085938 0.820714 0.025391 0.052857
0 0.102539 0.787857 0.017578 0.035714
0 0.121582 0.826429 0.020508 0.038571
0 0.028809 0.838571 0.041992 0.074286
0 0.167480 0.731429 0.010742 0.020000
0 0.165039 0.759286 0.011719 0.021429
0 0.173828 0.794286 0.025391 0.062857
0 0.192383 0.780714 0.019531 0.030000
0 0.223633 0.735000 0.007812 0.018571
0 0.216309 0.760714 0.012695 0.027143
0 0.218750 0.805714 0.025391 0.054286
0 0.191406 0.825714 0.023438 0.054286
0 0.027344 0.730000 0.011719 0.017143
0 0.097168 0.710000 0.006836 0.014286
0 0.270020 0.762143 0.014648 0.030000
0 0.273926 0.820000 0.024414 0.045714
0 0.277344 0.862857 0.025391 0.062857
0 0.244141 0.909286 0.037109 0.067143
0 0.143066 0.897857 0.034180 0.061429
0 0.101562 0.935714 0.046875 0.080000
0 0.338867 0.777857 0.013672 0.024286
0 0.356934 0.792143 0.016602 0.035714
0 0.345703 0.752143 0.009766 0.018571
0 0.394531 0.774286 0.009766 0.022857
0 0.405762 0.764286 0.008789 0.020000
0 0.292480 0.790000 0.024414 0.048571
0 0.327637 0.941429 0.032227 0.060000
0 0.379395 0.954286 0.043945 0.082857
0 0.481934 0.908571 0.020508 0.060000
0 0.495117 0.866429 0.023438 0.050000
0 0.511230 0.835714 0.016602 0.040000
0 0.499023 0.787143 0.011719 0.034286
0 0.535156 0.790714 0.011719 0.035714
0 0.539062 0.921429 0.039062 0.082857
0 0.418945 0.815000 0.013672 0.030000
0 0.379395 0.802857 0.018555 0.031429
0 0.389160 0.854286 0.032227 0.042857
0 0.312012 0.752857 0.008789 0.017143
0 0.292480 0.754286 0.012695 0.020000
0 0.356934 0.751429 0.008789 0.014286
0 0.590332 0.790000 0.008789 0.022857
0 0.605957 0.843571 0.016602 0.035714
0 0.618652 0.790000 0.008789 0.017143
0 0.653809 0.867143 0.018555 0.040000
0 0.682617 0.888571 0.027344 0.060000
0 0.700684 0.840000 0.014648 0.034286
0 0.744629 0.875714 0.022461 0.054286
0 0.661133 0.827143 0.015625 0.025714
0 0.719238 0.804286 0.008789 0.017143
0 0.707520 0.821429 0.010742 0.020000
0 0.658203 0.787857 0.007812 0.015714
0 0.644531 0.917143 0.035156 0.054286
0 0.744141 0.801429 0.005859 0.011429
0 0.505371 0.755000 0.004883 0.010000
0 0.327637 0.749286 0.008789 0.021429
0 0.394531 0.739286 0.005859 0.010000
0 0.309570 0.718571 0.007812 0.011429
0 0.817871 0.881429 0.018555 0.040000
0 0.820312 0.830714 0.015625 0.027143
0 0.676758 0.810000 0.007812 0.014286
0 0.731445 0.980714 0.033203 0.038571
0 0.939941 0.953571 0.049805 0.092857
0 0.871094 0.952143 0.031250 0.058571
0 0.763184 0.781429 0.006836 0.011429
0 0.634766 0.746429 0.005859 0.012857
0 0.615723 0.740714 0.004883 0.010000
0 0.603027 0.748571 0.006836 0.014286
0 0.059570 0.708571 0.007812 0.014286
0 0.038086 0.695000 0.007812 0.012857
0 0.099609 0.732857 0.011719 0.031429
0 0.652344 0.975714 0.039062 0.048571
0 0.522949 0.249286 0.051758 0.101429
0 0.925781 0.627143 0.005859 0.014286
0 0.975586 0.675000 0.007812 0.015714
0 0.997070 0.632857 0.005859 0.014286
0 0.986328 0.834286 0.009766 0.017143
0 0.981445 0.838571 0.007812 0.022857
0 0.977539 0.867857 0.015625 0.021429
0 0.961914 0.852143 0.013672 0.024286
0 0.854492 0.770714 0.037109 0.075714
0 0.531738 0.870000 0.018555 0.031429
