0 0.049316 0.310976 0.016602 0.045732
0 0.075684 0.304878 0.020508 0.054878
0 0.100586 0.308689 0.019531 0.038110
0 0.164062 0.310213 0.019531 0.041159
0 0.198730 0.331555 0.012695 0.025915
0 0.215820 0.352896 0.015625 0.041159
0 0.237305 0.346037 0.023438 0.042683
0 0.243652 0.306402 0.016602 0.036585
0 0.226074 0.309451 0.016602 0.033537
0 0.345703 0.358994 0.017578 0.032012
0 0.436035 0.385671 0.038086 0.091463
0 0.404785 0.333079 0.018555 0.044207
0 0.396973 0.304878 0.018555 0.036585
0 0.477051 0.297256 0.018555 0.048780
0 0.517578 0.336128 0.019531 0.044207
0 0.573730 0.354421 0.020508 0.032012
0 0.625000 0.348323 0.013672 0.041159
0 0.642090 0.351372 0.016602 0.038110
0 0.699707 0.314787 0.018555 0.025915
0 0.712891 0.376524 0.019531 0.039634
0 0.742188 0.344512 0.021484 0.048780
0 0.816406 0.346037 0.023438 0.045732
0 0.886230 0.368140 0.024414 0.050305
0 0.957031 0.366616 0.031250 0.053354
