0 0.024902 0.631462 0.047852 0.110783
0 0.053711 0.668390 0.050781 0.093058
0 0.124512 0.580502 0.043945 0.091581
0 0.203613 0.651403 0.069336 0.150665
0 0.276855 0.638109 0.051758 0.127031
0 0.370605 0.669129 0.040039 0.076809
0 0.409668 0.619645 0.053711 0.122600
0 0.371582 0.845643 0.061523 0.116691
0 0.425293 0.719350 0.051758 0.103397
0 0.487793 0.738552 0.061523 0.127031
0 0.447266 0.586411 0.029297 0.056130
0 0.493652 0.624077 0.043945 0.081241
0 0.558594 0.670606 0.046875 0.144756
0 0.654785 0.600443 0.055664 0.122600
0 0.689941 0.650665 0.024414 0.057607
0 0.768066 0.451994 0.098633 0.194978
