0 0.786621 0.218077 0.016602 0.031564
0 0.718262 0.210904 0.012695 0.022956
0 0.703125 0.196557 0.017578 0.025825
0 0.641602 0.201578 0.013672 0.024390
0 0.654297 0.210187 0.013672 0.024390
0 0.773438 0.208034 0.017578 0.034433
0 0.512695 0.410330 0.027344 0.043042
0 0.538574 0.373027 0.022461 0.040172
0 0.581543 0.462697 0.040039 0.067432
0 0.542969 0.314204 0.015625 0.025825
0 0.598633 0.261836 0.013672 0.027260
0 0.463867 0.403156 0.025391 0.043042
0 0.472168 0.357245 0.022461 0.040172
0 0.528320 0.355811 0.021484 0.034433
0 0.517090 0.332138 0.018555 0.027260
0 0.507324 0.302726 0.012695 0.020086
0 0.511230 0.557389 0.057617 0.104735
0 0.486328 0.479914 0.046875 0.081779
0 0.437012 0.715208 0.098633 0.162123
0 0.339844 0.510760 0.054688 0.097561
0 0.218262 0.506456 0.047852 0.088953
0 0.181152 0.613343 0.051758 0.098996
0 0.248535 0.794835 0.065430 0.097561
0 0.079102 0.121951 0.048828 0.088953
0 0.208496 0.177188 0.016602 0.021521
0 0.186035 0.105452 0.016602 0.035868
0 0.031250 0.043759 0.025391 0.044476
0 0.280762 0.402439 0.022461 0.041607
0 0.260254 0.357963 0.020508 0.032999
0 0.205566 0.408895 0.041992 0.071736
0 0.381836 0.391679 0.029297 0.043042
0 0.313965 0.340029 0.014648 0.025825
0 0.948730 0.755380 0.081055 0.121951
0 0.943359 0.558824 0.056641 0.084648
0 0.989258 0.426829 0.021484 0.038737
0 0.971680 0.377331 0.027344 0.045911
0 0.843750 0.509326 0.058594 0.111908
0 0.586914 0.202296 0.015625 0.028694
0 0.448242 0.183644 0.009766 0.020086
0 0.447266 0.166428 0.011719 0.017217
0 0.417969 0.152798 0.011719 0.018651
0 0.408691 0.155667 0.008789 0.015782
0 0.614258 0.370158 0.017578 0.031564
0 0.272461 0.291966 0.013672 0.027260
0 0.623047 0.390961 0.019531 0.038737
