0 0.936035 0.341146 0.016602 0.036458
0 0.986328 0.343750 0.011719 0.027778
0 0.910645 0.401910 0.018555 0.039931
0 0.880859 0.355035 0.017578 0.039931
0 0.949219 0.278646 0.005859 0.015625
0 0.993652 0.295139 0.006836 0.017361
0 0.923340 0.282986 0.006836 0.013889
0 0.906738 0.286458 0.006836 0.013889
0 0.871582 0.299479 0.006836 0.015625
0 0.883301 0.278646 0.006836 0.015625
0 0.844238 0.294271 0.008789 0.019097
0 0.791016 0.277778 0.005859 0.010417
0 0.804688 0.329861 0.011719 0.024306
0 0.824219 0.288194 0.005859 0.017361
0 0.775391 0.309028 0.009766 0.020833
0 0.740234 0.309028 0.011719 0.027778
0 0.718262 0.287326 0.004883 0.012153
0 0.754395 0.365451 0.010742 0.026042
0 0.822754 0.382812 0.014648 0.032986
0 0.800781 0.394965 0.015625 0.036458
0 0.703613 0.337674 0.010742 0.022569
0 0.688477 0.331597 0.009766 0.024306
0 0.672852 0.289062 0.007812 0.019097
0 0.682617 0.300347 0.009766 0.017361
0 0.729492 0.282986 0.007812 0.017361
0 0.657227 0.377604 0.017578 0.043403
0 0.670410 0.356771 0.010742 0.032986
0 0.627441 0.301215 0.006836 0.019097
0 0.611328 0.418403 0.023438 0.048611
0 0.560059 0.316840 0.010742 0.026042
0 0.541504 0.317708 0.010742 0.027778
0 0.521973 0.300347 0.010742 0.024306
0 0.506348 0.297743 0.010742 0.022569
0 0.482422 0.282986 0.005859 0.013889
0 0.497559 0.325521 0.008789 0.022569
0 0.477051 0.339410 0.012695 0.026042
0 0.456055 0.316840 0.007812 0.019097
0 0.482422 0.401910 0.015625 0.039931
0 0.542969 0.370660 0.009766 0.022569
0 0.418457 0.312500 0.006836 0.017361
0 0.437988 0.328125 0.008789 0.020833
0 0.427246 0.360243 0.012695 0.029514
0 0.387207 0.338542 0.012695 0.031250
0 0.393066 0.311632 0.008789 0.022569
0 0.404785 0.413194 0.016602 0.041667
0 0.387207 0.394097 0.012695 0.031250
0 0.319336 0.358507 0.013672 0.032986
0 0.299805 0.321181 0.009766 0.027778
0 0.286133 0.366319 0.015625 0.034722
0 0.241699 0.355903 0.010742 0.027778
0 0.230469 0.315104 0.011719 0.026042
0 0.183105 0.315972 0.008789 0.020833
0 0.146973 0.338542 0.014648 0.034722
0 0.071777 0.332465 0.014648 0.032986
0 0.030273 0.349826 0.011719 0.029514
0 0.122559 0.292535 0.008789 0.022569
0 0.718262 0.261285 0.004883 0.012153
0 0.471680 0.381944 0.013672 0.038194
