0 0.105469 0.075735 0.011719 0.022059
0 0.038086 0.077941 0.007812 0.014706
0 0.185547 0.088971 0.003906 0.007353
0 0.205078 0.086765 0.003906 0.008824
0 0.135742 0.091176 0.003906 0.005882
0 0.001953 0.067647 0.003906 0.014706
0 0.016113 0.092647 0.004883 0.008824
0 0.262695 0.062500 0.009766 0.019118
0 0.290039 0.057353 0.009766 0.017647
0 0.329102 0.054412 0.005859 0.011765
0 0.377930 0.067647 0.009766 0.017647
0 0.424316 0.064706 0.008789 0.014706
0 0.437988 0.064706 0.006836 0.014706
0 0.393555 0.070588 0.007812 0.014706
0 0.613281 0.077941 0.005859 0.011765
0 0.666992 0.083088 0.005859 0.010294
0 0.714844 0.080147 0.003906 0.010294
0 0.683594 0.077206 0.005859 0.010294
0 0.565430 0.080147 0.005859 0.010294
0 0.527344 0.076471 0.003906 0.008824
0 0.553711 0.072794 0.003906 0.007353
0 0.749023 0.065441 0.013672 0.022059
0 0.777344 0.076471 0.003906 0.008824
0 0.839355 0.083824 0.004883 0.008824
0 0.701172 0.077206 0.003906 0.007353
0 0.739746 0.076471 0.004883 0.008824
0 0.230957 0.083088 0.004883 0.007353
