0 0.968750 0.461214 0.060547 0.109612
0 0.857910 0.556492 0.055664 0.084317
0 0.938965 0.301855 0.026367 0.050590
0 0.964844 0.300169 0.019531 0.047218
0 0.808594 0.456998 0.025391 0.047218
0 0.831055 0.397133 0.011719 0.021922
0 0.739746 0.425801 0.010742 0.021922
0 0.863770 0.389545 0.010742 0.020236
0 0.680176 0.622260 0.043945 0.084317
0 0.703125 0.481450 0.025391 0.052277
0 0.645996 0.541315 0.024414 0.057336
0 0.573730 0.541315 0.024414 0.050590
0 0.509277 0.596965 0.020508 0.050590
0 0.637695 0.448567 0.005859 0.013491
0 0.623535 0.475548 0.008789 0.016863
0 0.585449 0.487352 0.008789 0.020236
0 0.574707 0.518550 0.016602 0.035413
0 0.635742 0.507589 0.013672 0.030354
0 0.665039 0.440135 0.007812 0.016863
0 0.498535 0.546374 0.014648 0.030354
0 0.517578 0.542159 0.011719 0.025295
0 0.543945 0.491568 0.009766 0.021922
0 0.274902 0.699831 0.028320 0.053963
0 0.312988 0.634064 0.016602 0.033727
0 0.268066 0.639123 0.016602 0.033727
0 0.297363 0.615514 0.010742 0.023609
0 0.281738 0.608769 0.008789 0.016863
0 0.216797 0.758010 0.029297 0.045531
0 0.119141 0.720911 0.017578 0.035413
0 0.094727 0.779089 0.035156 0.057336
0 0.152832 0.668634 0.012695 0.025295
0 0.203125 0.629005 0.009766 0.016863
0 0.174316 0.639123 0.004883 0.010118
0 0.119629 0.653457 0.004883 0.008432
0 0.334473 0.586847 0.010742 0.020236
0 0.463867 0.541315 0.013672 0.026981
0 0.368652 0.579258 0.006836 0.011804
0 0.346191 0.572513 0.006836 0.015177
0 0.523438 0.505059 0.005859 0.011804
0 0.577637 0.472175 0.008789 0.013491
0 0.695801 0.424958 0.006836 0.013491
0 0.707520 0.420742 0.006836 0.011804
0 0.387207 0.553120 0.004883 0.010118
0 0.401367 0.534570 0.003906 0.006745
0 0.372070 0.563238 0.005859 0.010118
0 0.904297 0.383642 0.019531 0.028668
0 0.753418 0.417369 0.008789 0.015177
0 0.833496 0.370995 0.006836 0.013491
0 0.685547 0.471332 0.011719 0.025295
0 0.766113 0.615514 0.028320 0.053963
0 0.099121 0.860877 0.028320 0.055649
0 0.327148 0.715008 0.015625 0.033727
0 0.329102 0.763912 0.017578 0.037099
0 0.775879 0.659359 0.018555 0.040472
0 0.801270 0.583474 0.012695 0.033727
0 0.104004 0.917369 0.022461 0.040472
0 0.088379 0.666105 0.006836 0.013491
0 0.759277 0.580944 0.020508 0.035413
0 0.427246 0.517707 0.002930 0.006745
0 0.408203 0.532884 0.003906 0.006745
0 0.421387 0.510961 0.002930 0.006745
0 0.020508 0.895447 0.041016 0.107926
