0 0.083008 0.475043 0.107422 0.220310
0 0.199219 0.495697 0.082031 0.151463
0 0.364258 0.669535 0.103516 0.168675
0 0.606445 0.583477 0.091797 0.168675
0 0.864258 0.567986 0.111328 0.192771
0 0.694336 0.518072 0.080078 0.161790
0 0.418945 0.614458 0.064453 0.175559
0 0.427734 0.502582 0.070312 0.151463
0 0.339844 0.583477 0.113281 0.216867
0 0.516602 0.476764 0.060547 0.148021
0 0.632812 0.531842 0.078125 0.203098
0 0.777344 0.500861 0.078125 0.161790
0 0.951172 0.598967 0.078125 0.192771
0 0.279297 0.662651 0.085938 0.182444
0 0.180664 0.672978 0.091797 0.203098
