0 0.102051 0.548000 0.008789 0.020800
0 0.147461 0.548000 0.007812 0.017600
0 0.175781 0.560800 0.007812 0.017600
0 0.196777 0.557600 0.006836 0.014400
0 0.234375 0.545600 0.007812 0.012800
0 0.289551 0.550400 0.008789 0.016000
0 0.317871 0.545600 0.008789 0.016000
0 0.345703 0.532800 0.009766 0.019200
0 0.353027 0.557600 0.008789 0.017600
0 0.388672 0.568000 0.007812 0.016000
0 0.403809 0.544000 0.008789 0.016000
0 0.427734 0.540800 0.009766 0.019200
0 0.481934 0.561600 0.008789 0.019200
0 0.553223 0.548000 0.008789 0.017600
0 0.547852 0.540000 0.007812 0.014400
0 0.618164 0.548000 0.011719 0.024000
0 0.642090 0.576800 0.008789 0.020800
0 0.663086 0.564000 0.009766 0.020800
0 0.672852 0.532000 0.007812 0.017600
0 0.803223 0.548000 0.012695 0.024000
0 0.786621 0.564000 0.008789 0.020800
0 0.853516 0.510400 0.007812 0.019200
0 0.878906 0.519200 0.011719 0.027200
0 0.921387 0.558400 0.012695 0.028800
0 0.811523 0.525600 0.009766 0.020800
0 0.519531 0.544000 0.007812 0.016000
0 0.680664 0.515200 0.007812 0.016000
0 0.626465 0.528800 0.006836 0.017600
0 0.268555 0.557600 0.007812 0.014400
