0 0.107910 0.479167 0.040039 0.050926
0 0.138672 0.412809 0.025391 0.041667
0 0.182129 0.446759 0.030273 0.069444
0 0.213867 0.385031 0.017578 0.035494
0 0.010742 0.391975 0.021484 0.043210
0 0.045898 0.446759 0.033203 0.075617
0 0.017578 0.348765 0.007812 0.012346
0 0.034668 0.347222 0.006836 0.012346
0 0.060059 0.333333 0.006836 0.012346
0 0.081055 0.379630 0.007812 0.012346
0 0.081055 0.334105 0.005859 0.010802
0 0.087402 0.332562 0.006836 0.010802
0 0.101562 0.337191 0.005859 0.010802
0 0.110352 0.354167 0.005859 0.010802
0 0.098633 0.361883 0.005859 0.010802
0 0.104980 0.371914 0.004883 0.009259
0 0.114258 0.365741 0.005859 0.009259
0 0.075195 0.349537 0.005859 0.010802
0 0.055176 0.283951 0.006836 0.012346
0 0.071289 0.288580 0.005859 0.009259
0 0.088379 0.290123 0.006836 0.012346
0 0.044434 0.391975 0.014648 0.024691
0 0.184082 0.305556 0.004883 0.009259
0 0.229980 0.322531 0.004883 0.009259
0 0.249512 0.317901 0.004883 0.009259
0 0.264160 0.409722 0.034180 0.069444
0 0.344727 0.401235 0.027344 0.058642
0 0.373047 0.412037 0.025391 0.049383
0 0.384277 0.326389 0.040039 0.091049
0 0.458496 0.381173 0.036133 0.058642
0 0.498535 0.400463 0.040039 0.100309
0 0.449707 0.315586 0.004883 0.010802
0 0.546875 0.312500 0.007812 0.013889
0 0.561523 0.324074 0.003906 0.006173
0 0.570801 0.309414 0.004883 0.007716
0 0.581055 0.304012 0.005859 0.009259
0 0.582520 0.315586 0.004883 0.007716
0 0.592285 0.307099 0.004883 0.009259
0 0.605957 0.309414 0.004883 0.007716
0 0.623535 0.309414 0.004883 0.007716
0 0.634766 0.310185 0.003906 0.009259
0 0.619141 0.337191 0.005859 0.010802
0 0.598145 0.342593 0.004883 0.009259
0 0.580078 0.340278 0.005859 0.007716
0 0.574219 0.337963 0.005859 0.009259
0 0.622559 0.362654 0.006836 0.012346
0 0.634766 0.344136 0.005859 0.009259
0 0.652832 0.341821 0.004883 0.007716
0 0.651367 0.313272 0.003906 0.009259
0 0.666016 0.302469 0.003906 0.006173
0 0.673340 0.304784 0.004883 0.007716
0 0.713379 0.304784 0.004883 0.007716
0 0.707031 0.309414 0.003906 0.007716
0 0.724609 0.308642 0.005859 0.009259
0 0.735840 0.310185 0.004883 0.009259
0 0.745605 0.306327 0.004883 0.010802
0 0.801758 0.292438 0.005859 0.010802
0 0.822754 0.289352 0.004883 0.010802
0 0.848145 0.293210 0.004883 0.009259
0 0.838867 0.291667 0.005859 0.012346
0 0.784180 0.348765 0.033203 0.064815
0 0.730469 0.395833 0.033203 0.072531
0 0.568359 0.361111 0.011719 0.021605
0 0.560059 0.409722 0.032227 0.072531
0 0.605469 0.437500 0.042969 0.081790
0 0.666016 0.454475 0.042969 0.084877
0 0.645996 0.426698 0.026367 0.060185
0 0.841797 0.464506 0.060547 0.111111
0 0.949219 0.398148 0.048828 0.083333
0 0.982910 0.489969 0.034180 0.084877
0 0.920898 0.286265 0.005859 0.010802
0 0.989746 0.336420 0.006836 0.012346
0 0.997559 0.334105 0.004883 0.013889
0 0.991211 0.361883 0.009766 0.023148
