0 0.376953 0.646109 0.039062 0.076358
0 0.029297 0.276065 0.005859 0.011747
0 0.009277 0.283407 0.006836 0.011747
0 0.030273 0.304699 0.009766 0.016153
0 0.047363 0.287078 0.006836 0.013216
0 0.054199 0.276065 0.006836 0.014684
0 0.023926 0.269457 0.008789 0.016153
0 0.033203 0.256975 0.007812 0.011747
0 0.061035 0.237151 0.006836 0.010279
0 0.046875 0.256241 0.005859 0.010279
0 0.088379 0.269457 0.006836 0.013216
0 0.107422 0.268722 0.007812 0.014684
0 0.104492 0.246696 0.005859 0.011747
0 0.084473 0.284141 0.006836 0.013216
0 0.087891 0.295888 0.007812 0.013216
0 0.092285 0.292217 0.006836 0.011747
0 0.070312 0.291483 0.007812 0.013216
0 0.052734 0.317181 0.009766 0.014684
0 0.049805 0.356828 0.009766 0.017621
0 0.007324 0.374449 0.008789 0.020558
0 0.042480 0.392805 0.010742 0.016153
0 0.045410 0.425110 0.010742 0.016153
0 0.074219 0.385463 0.009766 0.019090
0 0.089844 0.414831 0.009766 0.019090
0 0.061035 0.430984 0.010742 0.016153
0 0.098633 0.353157 0.009766 0.016153
0 0.092285 0.326725 0.008789 0.016153
0 0.068848 0.265051 0.006836 0.016153
0 0.096680 0.265051 0.007812 0.016153
0 0.106934 0.302496 0.008789 0.017621
0 0.110840 0.287812 0.006836 0.011747
0 0.123535 0.348752 0.008789 0.016153
0 0.131348 0.394273 0.010742 0.016153
0 0.111816 0.427313 0.010742 0.020558
0 0.145020 0.358297 0.008789 0.017621
0 0.131348 0.318649 0.008789 0.014684
0 0.128906 0.303965 0.007812 0.011747
0 0.142578 0.281938 0.007812 0.011747
0 0.139160 0.254038 0.006836 0.011747
0 0.160156 0.259178 0.007812 0.013216
0 0.178223 0.276799 0.006836 0.013216
0 0.184082 0.271659 0.006836 0.011747
0 0.182617 0.256241 0.005859 0.013216
0 0.195312 0.265051 0.005859 0.010279
0 0.202637 0.282673 0.006836 0.013216
0 0.179688 0.306902 0.007812 0.014684
0 0.160156 0.317181 0.007812 0.014684
0 0.147461 0.327460 0.009766 0.017621
0 0.172852 0.407489 0.009766 0.016153
0 0.194824 0.418502 0.010742 0.020558
0 0.186035 0.331865 0.010742 0.017621
0 0.221191 0.241557 0.008789 0.013216
0 0.231934 0.395742 0.010742 0.019090
0 0.245117 0.389868 0.011719 0.019090
0 0.279297 0.408957 0.009766 0.019090
0 0.252930 0.336270 0.007812 0.017621
0 0.237793 0.324523 0.008789 0.014684
0 0.247070 0.307636 0.007812 0.013216
0 0.271484 0.302496 0.007812 0.014684
0 0.279785 0.334802 0.006836 0.014684
0 0.288574 0.316446 0.006836 0.013216
0 0.284668 0.285609 0.006836 0.013216
0 0.243164 0.278267 0.005859 0.010279
0 0.236816 0.267254 0.006836 0.011747
0 0.219727 0.284875 0.007812 0.011747
0 0.219727 0.267254 0.007812 0.014684
0 0.235840 0.250367 0.006836 0.013216
0 0.260254 0.264317 0.006836 0.011747
0 0.196777 0.353891 0.010742 0.017621
0 0.190918 0.240088 0.006836 0.010279
0 0.169922 0.252570 0.007812 0.011747
0 0.276855 0.246696 0.006836 0.014684
0 0.289551 0.271659 0.006836 0.011747
0 0.274902 0.270925 0.008789 0.013216
0 0.260254 0.283407 0.008789 0.017621
0 0.206543 0.262115 0.006836 0.016153
0 0.250977 0.219530 0.005859 0.010279
0 0.248535 0.238620 0.006836 0.013216
0 0.230957 0.235683 0.006836 0.013216
0 0.203613 0.314244 0.006836 0.014684
0 0.220215 0.342878 0.008789 0.016153
0 0.127441 0.227606 0.006836 0.011747
0 0.174316 0.195301 0.006836 0.011747
0 0.203125 0.220264 0.005859 0.008811
0 0.215332 0.230543 0.004883 0.008811
0 0.220703 0.223201 0.005859 0.008811
0 0.232910 0.205580 0.004883 0.008811
0 0.250488 0.198972 0.004883 0.010279
0 0.272461 0.205580 0.003906 0.008811
0 0.279297 0.203377 0.003906 0.007342
0 0.290527 0.210720 0.004883 0.007342
0 0.301758 0.201175 0.003906 0.008811
0 0.298828 0.219530 0.005859 0.010279
0 0.322266 0.241557 0.005859 0.010279
0 0.322266 0.263583 0.005859 0.010279
0 0.302246 0.254772 0.006836 0.010279
0 0.291016 0.258443 0.005859 0.008811
0 0.276855 0.219530 0.004883 0.010279
0 0.317383 0.204112 0.005859 0.008811
0 0.307129 0.223935 0.004883 0.010279
0 0.338379 0.218796 0.004883 0.008811
0 0.342773 0.224670 0.005859 0.008811
0 0.345215 0.206314 0.004883 0.010279
0 0.354492 0.209251 0.003906 0.007342
0 0.363281 0.204846 0.003906 0.007342
0 0.372070 0.205580 0.003906 0.008811
0 0.366699 0.187959 0.004883 0.008811
0 0.354492 0.193098 0.003906 0.007342
0 0.336914 0.190896 0.003906 0.008811
0 0.349121 0.243759 0.004883 0.008811
0 0.365723 0.239354 0.004883 0.008811
0 0.364258 0.225404 0.003906 0.007342
0 0.373535 0.220264 0.004883 0.008811
0 0.375977 0.254038 0.005859 0.011747
0 0.362793 0.264317 0.004883 0.008811
0 0.346680 0.261380 0.005859 0.008811
0 0.348145 0.271659 0.004883 0.008811
0 0.343750 0.282673 0.005859 0.010279
0 0.309570 0.185022 0.005859 0.008811
0 0.293945 0.190896 0.005859 0.008811
0 0.308105 0.331865 0.008789 0.014684
0 0.327637 0.299559 0.008789 0.011747
0 0.334473 0.343612 0.008789 0.014684
0 0.359863 0.317181 0.006836 0.011747
0 0.385742 0.301028 0.007812 0.014684
0 0.402344 0.292217 0.007812 0.011747
0 0.409668 0.299559 0.006836 0.014684
0 0.416992 0.274596 0.005859 0.011747
0 0.436523 0.271659 0.005859 0.008811
0 0.434570 0.292217 0.005859 0.014684
0 0.453125 0.290015 0.005859 0.010279
0 0.455078 0.314244 0.007812 0.014684
0 0.430664 0.327460 0.007812 0.011747
0 0.377441 0.331131 0.008789 0.016153
0 0.387695 0.361968 0.009766 0.016153
0 0.431152 0.379589 0.010742 0.019090
0 0.457520 0.386197 0.008789 0.014684
0 0.457031 0.406755 0.009766 0.020558
0 0.433105 0.436123 0.010742 0.017621
0 0.422852 0.442731 0.011719 0.022026
0 0.401855 0.387665 0.010742 0.020558
0 0.315430 0.348018 0.009766 0.017621
0 0.310547 0.390602 0.011719 0.017621
0 0.291504 0.375918 0.008789 0.014684
0 0.335449 0.405286 0.010742 0.023495
0 0.357422 0.393539 0.009766 0.020558
0 0.384766 0.396476 0.011719 0.023495
0 0.308105 0.446402 0.012695 0.020558
0 0.466797 0.458884 0.013672 0.027900
0 0.437012 0.465492 0.012695 0.020558
0 0.349121 0.364905 0.010742 0.019090
0 0.314453 0.471366 0.011719 0.020558
0 0.336914 0.479442 0.013672 0.024963
0 0.347656 0.476505 0.009766 0.022026
0 0.362793 0.477239 0.012695 0.020558
0 0.388184 0.495595 0.016602 0.027900
0 0.400391 0.464023 0.011719 0.026432
0 0.469238 0.392070 0.012695 0.017621
0 0.479980 0.417034 0.010742 0.020558
0 0.490723 0.365639 0.008789 0.020558
0 0.477539 0.345815 0.009766 0.016153
0 0.484863 0.317181 0.008789 0.017621
0 0.523438 0.339941 0.007812 0.013216
0 0.521973 0.370778 0.010742 0.019090
0 0.491211 0.440529 0.011719 0.023495
0 0.519531 0.484581 0.011719 0.020558
0 0.518066 0.520558 0.014648 0.027900
0 0.487305 0.519824 0.013672 0.023495
0 0.329590 0.524229 0.016602 0.029369
0 0.525879 0.417768 0.010742 0.019090
0 0.532227 0.444200 0.011719 0.027900
0 0.382324 0.225404 0.004883 0.010279
0 0.389648 0.237885 0.005859 0.011747
0 0.386230 0.265786 0.006836 0.011747
0 0.397461 0.254038 0.005859 0.008811
0 0.411621 0.241557 0.006836 0.010279
0 0.427246 0.238620 0.006836 0.010279
0 0.438477 0.248899 0.005859 0.010279
0 0.447754 0.245228 0.004883 0.008811
0 0.450684 0.222467 0.004883 0.010279
0 0.431641 0.213656 0.005859 0.010279
0 0.450195 0.209251 0.005859 0.010279
0 0.467285 0.260646 0.004883 0.010279
0 0.451660 0.268722 0.006836 0.011747
0 0.476074 0.290015 0.006836 0.013216
0 0.503418 0.296623 0.006836 0.011747
0 0.506836 0.259912 0.005859 0.008811
0 0.518066 0.255507 0.004883 0.008811
0 0.527344 0.271659 0.005859 0.011747
0 0.538086 0.303231 0.007812 0.013216
0 0.510254 0.312041 0.008789 0.013216
0 0.485352 0.262849 0.005859 0.011747
0 0.502930 0.242291 0.005859 0.008811
0 0.526855 0.228341 0.006836 0.013216
0 0.483398 0.237885 0.007812 0.011747
0 0.491211 0.201909 0.005859 0.010279
0 0.477539 0.188693 0.005859 0.010279
0 0.482422 0.209251 0.005859 0.013216
0 0.546387 0.270191 0.006836 0.011747
0 0.566895 0.243759 0.006836 0.008811
0 0.575195 0.226138 0.005859 0.008811
0 0.585938 0.243025 0.005859 0.010279
0 0.569336 0.237151 0.005859 0.010279
0 0.549805 0.309838 0.007812 0.014684
0 0.523438 0.312775 0.009766 0.014684
0 0.548340 0.381791 0.010742 0.017621
0 0.583984 0.370044 0.007812 0.014684
0 0.600098 0.392070 0.010742 0.020558
0 0.610840 0.374449 0.008789 0.014684
0 0.549316 0.217327 0.006836 0.011747
0 0.612305 0.227606 0.005859 0.011747
0 0.605957 0.251836 0.004883 0.010279
0 0.628906 0.281938 0.005859 0.011747
0 0.624023 0.270191 0.005859 0.011747
0 0.615723 0.296623 0.006836 0.011747
0 0.624512 0.299559 0.006836 0.011747
0 0.626465 0.317181 0.006836 0.014684
0 0.642090 0.295888 0.006836 0.013216
0 0.654297 0.315712 0.005859 0.011747
0 0.663086 0.361233 0.009766 0.014684
0 0.672363 0.324523 0.006836 0.014684
0 0.669434 0.303231 0.006836 0.013216
0 0.657715 0.279001 0.006836 0.011747
0 0.642090 0.279001 0.006836 0.011747
0 0.631348 0.256241 0.006836 0.013216
0 0.650879 0.234949 0.006836 0.014684
0 0.637695 0.226138 0.005859 0.008811
0 0.663574 0.251101 0.004883 0.008811
0 0.664551 0.237151 0.004883 0.010279
0 0.656738 0.251101 0.004883 0.008811
0 0.674805 0.279001 0.005859 0.011747
0 0.691895 0.281938 0.004883 0.011747
0 0.690430 0.308370 0.007812 0.014684
0 0.692871 0.336270 0.006836 0.014684
0 0.708008 0.281204 0.005859 0.013216
0 0.696289 0.251101 0.005859 0.011747
0 0.701172 0.262115 0.005859 0.010279
0 0.684082 0.252570 0.004883 0.008811
0 0.711914 0.236417 0.005859 0.008811
0 0.703613 0.232012 0.004883 0.008811
0 0.715820 0.270191 0.005859 0.011747
0 0.726074 0.280470 0.006836 0.011747
0 0.717285 0.329662 0.008789 0.016153
0 0.746094 0.337004 0.007812 0.016153
0 0.745605 0.315712 0.006836 0.011747
0 0.764648 0.320852 0.007812 0.013216
0 0.764648 0.288546 0.005859 0.013216
0 0.769531 0.270191 0.005859 0.011747
0 0.748047 0.290015 0.005859 0.010279
0 0.730957 0.303965 0.006836 0.011747
0 0.740234 0.276065 0.007812 0.011747
0 0.755371 0.266520 0.006836 0.013216
0 0.772461 0.242291 0.005859 0.011747
0 0.669922 0.221733 0.005859 0.008811
0 0.702148 0.404552 0.009766 0.016153
0 0.726074 0.401615 0.010742 0.019090
0 0.755859 0.403084 0.009766 0.019090
0 0.748047 0.364170 0.007812 0.017621
0 0.780273 0.287078 0.005859 0.010279
0 0.784668 0.248899 0.004883 0.010279
0 0.799805 0.268722 0.005859 0.008811
0 0.795410 0.251836 0.004883 0.007342
0 0.810547 0.245228 0.003906 0.008811
0 0.812988 0.267254 0.004883 0.008811
0 0.806641 0.275330 0.005859 0.010279
0 0.792480 0.308370 0.006836 0.011747
0 0.787109 0.325257 0.007812 0.013216
0 0.780762 0.348018 0.008789 0.014684
0 0.773926 0.375918 0.008789 0.014684
0 0.814941 0.320117 0.006836 0.014684
0 0.824219 0.276799 0.005859 0.010279
0 0.830566 0.265786 0.004883 0.008811
0 0.833008 0.290749 0.007812 0.011747
0 0.825684 0.311307 0.006836 0.011747
0 0.842773 0.276799 0.005859 0.010279
0 0.864746 0.252570 0.006836 0.011747
0 0.883789 0.254038 0.005859 0.011747
0 0.893555 0.245228 0.005859 0.008811
0 0.862793 0.284141 0.006836 0.013216
0 0.851562 0.295154 0.005859 0.011747
0 0.841797 0.309838 0.007812 0.014684
0 0.836914 0.325257 0.005859 0.013216
0 0.862305 0.306902 0.005859 0.011747
0 0.879883 0.278267 0.005859 0.010279
0 0.879883 0.293686 0.005859 0.011747
0 0.883301 0.309838 0.006836 0.011747
0 0.904297 0.287078 0.005859 0.010279
0 0.908203 0.308370 0.005859 0.011747
0 0.923828 0.290015 0.005859 0.010279
0 0.950195 0.280470 0.005859 0.011747
0 0.948730 0.320117 0.006836 0.011747
0 0.923828 0.320117 0.007812 0.011747
0 0.896973 0.350220 0.006836 0.013216
0 0.899902 0.312041 0.006836 0.010279
0 0.863281 0.342878 0.009766 0.013216
0 0.882324 0.353157 0.008789 0.013216
0 0.830566 0.349486 0.008789 0.014684
0 0.811035 0.369310 0.006836 0.013216
0 0.801270 0.383260 0.006836 0.014684
0 0.818848 0.381791 0.008789 0.014684
0 0.823242 0.400881 0.009766 0.017621
0 0.838867 0.403818 0.007812 0.017621
0 0.864258 0.405286 0.007812 0.014684
0 0.890137 0.382526 0.008789 0.016153
0 0.895020 0.409692 0.008789 0.017621
0 0.920898 0.403084 0.009766 0.022026
0 0.943359 0.381057 0.009766 0.019090
0 0.919922 0.357562 0.007812 0.016153
0 0.947266 0.342878 0.007812 0.013216
0 0.946289 0.408957 0.009766 0.019090
0 0.864746 0.425844 0.010742 0.020558
0 0.991211 0.282673 0.005859 0.010279
0 0.959473 0.282673 0.004883 0.010279
0 0.846680 0.372981 0.007812 0.014684
0 0.831055 0.437592 0.009766 0.023495
0 0.807617 0.461821 0.009766 0.019090
0 0.848633 0.461821 0.009766 0.019090
0 0.973633 0.426579 0.009766 0.019090
0 0.981445 0.362702 0.007812 0.014684
0 0.972168 0.399413 0.008789 0.023495
0 0.916992 0.445668 0.011719 0.022026
0 0.878906 0.469163 0.009766 0.022026
0 0.862793 0.485316 0.010742 0.022026
0 0.899414 0.498532 0.011719 0.022026
0 0.906250 0.522026 0.011719 0.024963
0 0.935547 0.492658 0.013672 0.024963
0 0.962402 0.484581 0.012695 0.023495
0 0.967773 0.513216 0.013672 0.027900
0 0.947266 0.557269 0.013672 0.019090
0 0.890137 0.560940 0.010742 0.017621
0 0.878418 0.540382 0.012695 0.023495
0 0.856445 0.519090 0.011719 0.024963
0 0.836914 0.529369 0.013672 0.024963
0 0.863281 0.563142 0.011719 0.019090
0 0.710449 0.423642 0.012695 0.022026
0 0.758789 0.432452 0.009766 0.022026
0 0.797363 0.436123 0.010742 0.017621
0 0.788086 0.455213 0.009766 0.017621
0 0.793945 0.501468 0.011719 0.022026
0 0.789062 0.534508 0.013672 0.023495
0 0.806152 0.562408 0.014648 0.023495
0 0.835449 0.607930 0.014648 0.032305
0 0.886719 0.646843 0.017578 0.027900
0 0.715332 0.453744 0.010742 0.020558
0 0.736328 0.488987 0.011719 0.020558
0 0.706055 0.499266 0.013672 0.023495
0 0.683594 0.464023 0.011719 0.020558
0 0.643555 0.449339 0.007812 0.014684
0 0.635254 0.411160 0.010742 0.017621
0 0.589355 0.418502 0.012695 0.023495
0 0.626465 0.452276 0.010742 0.020558
0 0.599609 0.527166 0.015625 0.029369
0 0.641602 0.533040 0.011719 0.023495
0 0.666504 0.552863 0.014648 0.030837
0 0.709473 0.555800 0.016602 0.027900
0 0.674316 0.484581 0.010742 0.020558
0 0.722168 0.528634 0.012695 0.023495
0 0.751953 0.549927 0.013672 0.027900
0 0.787598 0.603524 0.014648 0.026432
0 0.824707 0.676946 0.018555 0.038179
0 0.837402 0.660059 0.018555 0.039648
0 0.782227 0.653451 0.017578 0.029369
0 0.755371 0.649046 0.018555 0.032305
0 0.754883 0.618943 0.015625 0.024963
0 0.736816 0.628488 0.014648 0.029369
0 0.699219 0.606461 0.015625 0.029369
0 0.675781 0.622614 0.017578 0.032305
0 0.694336 0.670338 0.015625 0.030837
0 0.745117 0.696769 0.017578 0.033774
0 0.679688 0.697504 0.021484 0.032305
0 0.647949 0.659325 0.018555 0.029369
0 0.626465 0.602056 0.016602 0.032305
0 0.560059 0.544053 0.010742 0.019090
0 0.566895 0.430984 0.014648 0.024963
0 0.539551 0.417034 0.008789 0.014684
0 0.541016 0.247430 0.005859 0.010279
0 0.541504 0.196035 0.004883 0.010279
0 0.555176 0.199706 0.004883 0.008811
0 0.628906 0.808370 0.017578 0.027900
0 0.666504 0.810573 0.024414 0.046990
0 0.693848 0.803231 0.018555 0.029369
0 0.736328 0.745228 0.019531 0.036711
0 0.791016 0.748164 0.029297 0.066079
0 0.869141 0.798091 0.017578 0.036711
0 0.919434 0.734214 0.018555 0.038179
0 0.886719 0.690162 0.015625 0.035242
0 0.983398 0.825257 0.017578 0.035242
0 0.906250 0.580764 0.015625 0.024963
0 0.926758 0.562408 0.015625 0.023495
0 0.861328 0.611601 0.017578 0.024963
0 0.928711 0.666667 0.019531 0.029369
0 0.958496 0.631424 0.018555 0.026432
0 0.977051 0.580764 0.016602 0.027900
0 0.400879 0.582966 0.018555 0.032305
0 0.412109 0.546256 0.015625 0.026432
0 0.435059 0.558003 0.012695 0.020558
0 0.450195 0.552863 0.015625 0.033774
0 0.474609 0.558737 0.015625 0.022026
0 0.493164 0.598385 0.015625 0.027900
0 0.471191 0.632159 0.016602 0.027900
0 0.514160 0.642438 0.014648 0.027900
0 0.528320 0.636564 0.019531 0.036711
0 0.466797 0.679883 0.019531 0.032305
0 0.463379 0.742291 0.020508 0.030837
0 0.515137 0.718062 0.018555 0.032305
0 0.565918 0.764317 0.034180 0.057269
0 0.237305 0.450073 0.013672 0.022026
0 0.276367 0.469897 0.011719 0.020558
0 0.254395 0.446402 0.010742 0.020558
0 0.242188 0.495595 0.015625 0.027900
0 0.326172 0.502937 0.011719 0.022026
0 0.246094 0.570485 0.017578 0.027900
0 0.201172 0.540382 0.015625 0.029369
0 0.206055 0.503671 0.013672 0.020558
0 0.189453 0.473568 0.011719 0.019090
0 0.166504 0.505874 0.016602 0.024963
0 0.158691 0.441997 0.012695 0.017621
0 0.144043 0.464023 0.012695 0.023495
0 0.136719 0.484581 0.013672 0.023495
0 0.151855 0.549192 0.016602 0.026432
0 0.214844 0.609398 0.017578 0.032305
0 0.152832 0.625551 0.016602 0.026432
0 0.163086 0.669604 0.017578 0.023495
0 0.227051 0.665198 0.016602 0.023495
0 0.318848 0.718062 0.018555 0.029369
0 0.284180 0.754772 0.019531 0.035242
0 0.239258 0.747430 0.021484 0.035242
0 0.222168 0.717327 0.016602 0.033774
0 0.206543 0.770925 0.024414 0.049927
0 0.180664 0.737151 0.021484 0.032305
0 0.275879 0.647577 0.018555 0.029369
0 0.004883 0.436123 0.009766 0.020558
0 0.049316 0.455213 0.012695 0.023495
0 0.020508 0.465492 0.011719 0.020558
0 0.034180 0.483847 0.011719 0.022026
0 0.094238 0.472100 0.012695 0.022026
0 0.099609 0.455213 0.009766 0.020558
0 0.121582 0.529369 0.014648 0.027900
0 0.074219 0.507342 0.015625 0.027900
0 0.089844 0.539648 0.015625 0.027900
0 0.019043 0.583700 0.016602 0.027900
0 0.053223 0.592511 0.016602 0.030837
0 0.091309 0.591777 0.014648 0.026432
0 0.119141 0.629222 0.017578 0.027900
0 0.059082 0.662261 0.018555 0.032305
0 0.018066 0.662261 0.018555 0.029369
0 0.100586 0.695301 0.019531 0.027900
0 0.122070 0.825257 0.023438 0.038179
0 0.080566 0.742291 0.020508 0.030837
0 0.040527 0.731278 0.018555 0.026432
0 0.060059 0.975771 0.059570 0.048458
0 0.976562 0.337739 0.005859 0.011747
0 0.980469 0.316446 0.005859 0.013216
0 0.830566 0.572687 0.014648 0.020558
0 0.422363 0.603524 0.014648 0.026432
0 0.440430 0.522761 0.011719 0.020558
0 0.266602 0.450073 0.009766 0.022026
0 0.192383 0.591777 0.019531 0.029369
