0 0.592773 0.256076 0.015625 0.036458
0 0.616211 0.239583 0.009766 0.024306
0 0.657715 0.221354 0.010742 0.022569
0 0.629883 0.211806 0.009766 0.020833
0 0.617188 0.190104 0.007812 0.019097
0 0.565918 0.200521 0.010742 0.022569
0 0.527832 0.190104 0.008789 0.019097
0 0.496094 0.157118 0.007812 0.015625
0 0.466797 0.176215 0.009766 0.022569
0 0.439453 0.208333 0.015625 0.031250
0 0.388184 0.183160 0.008789 0.019097
0 0.368652 0.212674 0.012695 0.022569
0 0.387695 0.221354 0.009766 0.019097
0 0.914062 0.285590 0.015625 0.032986
0 0.937988 0.271701 0.016602 0.032986
0 0.982422 0.296007 0.015625 0.032986
0 0.851562 0.357639 0.017578 0.031250
0 0.858398 0.315972 0.015625 0.031250
0 0.877930 0.212674 0.011719 0.026042
0 0.837891 0.257812 0.013672 0.029514
0 0.802734 0.224826 0.017578 0.032986
0 0.785645 0.232639 0.018555 0.038194
0 0.246094 0.227431 0.015625 0.034722
0 0.246094 0.185764 0.007812 0.017361
0 0.303711 0.184896 0.007812 0.019097
0 0.334473 0.203125 0.008789 0.020833
0 0.592773 0.128472 0.005859 0.013889
0 0.604492 0.110243 0.005859 0.012153
0 0.633789 0.135417 0.003906 0.010417
0 0.634277 0.115451 0.004883 0.012153
0 0.656250 0.121528 0.003906 0.013889
0 0.666504 0.117188 0.004883 0.012153
0 0.697754 0.113715 0.004883 0.012153
0 0.721191 0.136285 0.004883 0.008681
0 0.709473 0.133681 0.004883 0.010417
0 0.758301 0.187500 0.006836 0.017361
0 0.690430 0.174479 0.009766 0.022569
0 0.678223 0.185764 0.008789 0.017361
0 0.669922 0.161458 0.009766 0.020833
0 0.336914 0.265625 0.021484 0.048611
0 0.481445 0.141493 0.005859 0.019097
