0 0.188965 0.364865 0.020508 0.054054
0 0.340332 0.487988 0.045898 0.102102
0 0.408691 0.354354 0.014648 0.036036
0 0.470215 0.351351 0.012695 0.030030
0 0.226074 0.345345 0.014648 0.024024
0 0.210449 0.338589 0.010742 0.019520
0 0.269043 0.349850 0.010742 0.030030
0 0.769043 0.397147 0.018555 0.037538
0 0.617188 0.376126 0.017578 0.037538
0 0.705566 0.391141 0.014648 0.034535
0 0.824219 0.408408 0.009766 0.030030
0 0.801270 0.399399 0.014648 0.027027
0 0.660156 0.388889 0.011719 0.024024
0 0.560547 0.350601 0.011719 0.031532
0 0.596191 0.400150 0.010742 0.028529
0 0.532227 0.358859 0.011719 0.024024
0 0.302246 0.350601 0.010742 0.025526
0 0.159180 0.328078 0.011719 0.022523
0 0.974121 0.401652 0.012695 0.028529
0 0.858887 0.405405 0.012695 0.021021
0 0.413574 0.367868 0.008789 0.012012
0 0.570801 0.371622 0.012695 0.025526
0 0.364746 0.349099 0.006836 0.013514
0 0.381348 0.356607 0.004883 0.013514
0 0.432129 0.370120 0.008789 0.016517
0 0.019531 0.356607 0.007812 0.019520
0 0.749512 0.406156 0.010742 0.028529
0 0.877441 0.402402 0.008789 0.021021
0 0.459473 0.373123 0.012695 0.025526
0 0.519531 0.356607 0.011719 0.022523
0 0.353027 0.358859 0.006836 0.012012
0 0.336426 0.368619 0.014648 0.034535
