0 0.805664 0.512482 0.046875 0.085169
0 0.670898 0.457416 0.095703 0.157122
0 0.856445 0.511013 0.029297 0.046990
0 0.481445 0.542584 0.042969 0.069016
0 0.372559 0.878120 0.020508 0.035242
0 0.338867 0.788546 0.023438 0.041116
0 0.270996 0.758443 0.014648 0.030837
0 0.293945 0.747430 0.011719 0.026432
0 0.229004 0.769457 0.016602 0.029369
0 0.184082 0.737151 0.010742 0.020558
0 0.168945 0.743025 0.011719 0.020558
0 0.156250 0.728341 0.015625 0.023495
0 0.153320 0.699706 0.013672 0.022026
0 0.366699 0.733480 0.014648 0.027900
0 0.337891 0.739354 0.013672 0.022026
0 0.312012 0.706314 0.012695 0.023495
0 0.262695 0.675477 0.009766 0.020558
0 0.427246 0.765786 0.016602 0.033774
0 0.405273 0.776065 0.015625 0.024963
0 0.429688 0.729809 0.011719 0.020558
0 0.427734 0.679883 0.009766 0.014684
0 0.426758 0.912628 0.019531 0.030837
0 0.319824 0.554332 0.008789 0.016153
0 0.389648 0.549192 0.009766 0.017621
