0 0.096191 0.412760 0.040039 0.049479
0 0.079590 0.240234 0.026367 0.037760
0 0.157715 0.244141 0.018555 0.022135
0 0.191895 0.353516 0.020508 0.029948
0 0.183594 0.340495 0.013672 0.016927
0 0.173340 0.251953 0.012695 0.019531
0 0.150879 0.251953 0.010742 0.019531
0 0.199707 0.248047 0.012695 0.016927
0 0.179199 0.233724 0.008789 0.011719
0 0.227539 0.239583 0.013672 0.020833
0 0.257324 0.240234 0.014648 0.032552
0 0.270508 0.242188 0.009766 0.015625
0 0.291016 0.241536 0.009766 0.014323
0 0.310059 0.247396 0.012695 0.015625
0 0.321777 0.246745 0.006836 0.011719
0 0.326172 0.236328 0.005859 0.009115
0 0.348633 0.252604 0.013672 0.018229
0 0.375000 0.220703 0.007812 0.011719
0 0.372070 0.236979 0.009766 0.010417
0 0.400391 0.246745 0.011719 0.016927
0 0.347168 0.219401 0.010742 0.016927
0 0.408691 0.255208 0.006836 0.013021
0 0.420898 0.250651 0.007812 0.016927
0 0.430176 0.247396 0.006836 0.013021
0 0.440918 0.242188 0.010742 0.015625
0 0.518555 0.240234 0.007812 0.014323
0 0.524414 0.241536 0.005859 0.009115
0 0.523438 0.263672 0.005859 0.009115
0 0.524902 0.285156 0.004883 0.007812
0 0.513672 0.289062 0.007812 0.007812
0 0.511719 0.299479 0.005859 0.010417
0 0.520996 0.300781 0.006836 0.010417
0 0.492188 0.297526 0.009766 0.014323
0 0.501465 0.298828 0.004883 0.006510
0 0.463867 0.301432 0.007812 0.011719
0 0.456055 0.303385 0.005859 0.007812
0 0.448242 0.295573 0.007812 0.010417
0 0.540527 0.244141 0.006836 0.009115
0 0.564453 0.242839 0.005859 0.009115
0 0.571289 0.245443 0.005859 0.009115
0 0.592285 0.249349 0.004883 0.006510
0 0.574707 0.283854 0.006836 0.010417
0 0.550293 0.290365 0.006836 0.010417
0 0.601562 0.285156 0.005859 0.010417
0 0.610352 0.270182 0.005859 0.006510
0 0.596191 0.255859 0.004883 0.006510
0 0.677246 0.236328 0.002930 0.003906
0 0.655273 0.291016 0.009766 0.011719
0 0.699219 0.232422 0.003906 0.006510
0 0.736328 0.289714 0.007812 0.014323
0 0.721680 0.265625 0.003906 0.005208
0 0.794922 0.279948 0.005859 0.007812
0 0.797363 0.270833 0.006836 0.007812
0 0.809082 0.280599 0.006836 0.009115
0 0.812500 0.284505 0.009766 0.011719
0 0.777344 0.303385 0.011719 0.018229
0 0.748535 0.292969 0.006836 0.007812
0 0.754395 0.289714 0.006836 0.011719
0 0.734863 0.242188 0.002930 0.005208
0 0.527832 0.546224 0.090820 0.134115
0 0.823242 0.304036 0.013672 0.016927
0 0.846191 0.305990 0.012695 0.020833
0 0.859863 0.291016 0.008789 0.009115
0 0.895996 0.290365 0.006836 0.005208
0 0.867188 0.331380 0.029297 0.045573
0 0.885742 0.330078 0.019531 0.035156
0 0.907227 0.331380 0.021484 0.037760
0 0.819824 0.351562 0.020508 0.026042
0 0.768066 0.304688 0.008789 0.010417
0 0.830078 0.444661 0.050781 0.055990
0 0.730469 0.335286 0.015625 0.024740
0 0.755859 0.328125 0.015625 0.026042
0 0.618652 0.341797 0.016602 0.029948
0 0.655273 0.302083 0.011719 0.007812
0 0.681641 0.342448 0.019531 0.015625
0 0.661621 0.412109 0.043945 0.061198
0 0.566406 0.314453 0.007812 0.014323
0 0.495605 0.335286 0.012695 0.024740
0 0.902344 0.526042 0.072266 0.083333
0 0.989258 0.333333 0.005859 0.007812
0 0.850098 0.345052 0.010742 0.018229
0 0.459473 0.364583 0.030273 0.041667
0 0.398926 0.418620 0.063477 0.097656
0 0.334473 0.337891 0.008789 0.011719
0 0.342773 0.364583 0.019531 0.028646
0 0.434082 0.320312 0.006836 0.010417
0 0.703125 0.259766 0.003906 0.006510
0 0.708008 0.263021 0.003906 0.007812
0 0.694336 0.235026 0.003906 0.006510
0 0.672852 0.242188 0.003906 0.005208
0 0.747559 0.246094 0.002930 0.005208
0 0.681152 0.244141 0.002930 0.003906
0 0.107422 0.956380 0.000000 0.001302
0 0.068848 0.861979 0.137695 0.208333
0 0.012695 0.259766 0.019531 0.042969
0 0.952148 0.357422 0.011719 0.016927
0 0.117188 0.638672 0.093750 0.141927
0 0.208008 0.421224 0.044922 0.055990
