0 0.780762 0.150643 0.047852 0.046934
0 0.821777 0.147237 0.043945 0.044663
0 0.118164 0.490916 0.091797 0.109765
0 0.776367 0.574943 0.031250 0.049205
0 0.559570 0.760409 0.044922 0.046177
0 0.631348 0.706662 0.032227 0.034065
0 0.198730 0.844436 0.036133 0.052233
0 0.263184 0.941332 0.073242 0.068887
0 0.445312 0.692279 0.027344 0.023467
0 0.319336 0.584406 0.013672 0.012112
0 0.316406 0.558668 0.011719 0.010598
0 0.371094 0.563967 0.011719 0.012112
0 0.401367 0.558668 0.009766 0.009084
0 0.451660 0.562831 0.010742 0.011355
0 0.886719 0.574943 0.011719 0.011355
0 0.868164 0.558668 0.009766 0.010598
0 0.240723 0.580999 0.010742 0.009841
0 0.041992 0.585163 0.007812 0.010598
0 0.086426 0.794095 0.028320 0.033308
0 0.113281 0.741105 0.025391 0.025738
0 0.487305 0.842544 0.050781 0.046934
0 0.984863 0.575700 0.016602 0.014383
0 0.617188 0.567373 0.013672 0.011355
0 0.657715 0.569644 0.012695 0.012869
0 0.633789 0.566616 0.007812 0.008327
0 0.558105 0.574186 0.010742 0.011355
0 0.484375 0.560560 0.009766 0.008327
0 0.649902 0.624527 0.014648 0.016654
0 0.479004 0.587055 0.008789 0.009841
