0 0.821777 0.218912 0.038086 0.054404
0 0.895020 0.194948 0.040039 0.071244
0 0.941406 0.373057 0.042969 0.067358
0 0.880371 0.348446 0.036133 0.064767
0 0.945312 0.493523 0.041016 0.088083
0 0.815430 0.481218 0.037109 0.071244
0 0.840332 0.582254 0.055664 0.102332
0 0.730469 0.204016 0.037109 0.071244
0 0.786621 0.386010 0.041992 0.049223
0 0.665527 0.256477 0.036133 0.072539
0 0.617188 0.185881 0.039062 0.066062
0 0.691406 0.360104 0.039062 0.067358
0 0.636230 0.341969 0.043945 0.072539
0 0.420898 0.198834 0.039062 0.076425
0 0.393555 0.284326 0.039062 0.063472
0 0.444824 0.240933 0.040039 0.067358
0 0.531738 0.215674 0.038086 0.068653
0 0.589844 0.260363 0.035156 0.064767
0 0.500977 0.305052 0.042969 0.073834
0 0.724609 0.510363 0.041016 0.075130
0 0.657227 0.475389 0.037109 0.069948
0 0.599609 0.410622 0.046875 0.075130
0 0.557617 0.482513 0.042969 0.071244
0 0.637207 0.552461 0.049805 0.089378
0 0.332520 0.370466 0.040039 0.067358
0 0.439941 0.431995 0.047852 0.081606
0 0.333984 0.458549 0.046875 0.088083
0 0.404297 0.498705 0.046875 0.080311
0 0.496094 0.490285 0.042969 0.073834
0 0.233398 0.136658 0.041016 0.055699
0 0.237793 0.220207 0.038086 0.072539
0 0.245605 0.436528 0.038086 0.082902
0 0.220215 0.474093 0.065430 0.119171
0 0.133301 0.189119 0.038086 0.072539
0 0.083008 0.261658 0.041016 0.082902
0 0.140625 0.322539 0.041016 0.075130
0 0.050781 0.377591 0.039062 0.071244
0 0.145508 0.431995 0.052734 0.091969
0 0.081055 0.501943 0.041016 0.071244
0 0.013672 0.382772 0.027344 0.079016
