0 0.891602 0.561632 0.054688 0.123264
0 0.740234 0.546007 0.066406 0.123264
0 0.852539 0.418403 0.044922 0.090278
0 0.787109 0.408854 0.037109 0.074653
0 0.725098 0.433160 0.057617 0.102431
0 0.655273 0.409722 0.046875 0.090278
0 0.972168 0.218750 0.024414 0.059028
0 0.683105 0.255208 0.030273 0.062500
0 0.597656 0.293403 0.027344 0.045139
0 0.751953 0.264757 0.015625 0.050347
0 0.861816 0.247396 0.014648 0.046875
0 0.476562 0.548611 0.072266 0.177083
0 0.595215 0.480903 0.059570 0.128472
0 0.537109 0.428819 0.041016 0.079861
0 0.518066 0.335938 0.038086 0.081597
0 0.407715 0.394965 0.038086 0.081597
0 0.446289 0.325521 0.033203 0.078125
0 0.462402 0.246528 0.022461 0.059028
0 0.544922 0.254340 0.025391 0.057292
0 0.273926 0.433160 0.041992 0.088542
0 0.107910 0.611979 0.077148 0.140625
0 0.215332 0.604167 0.065430 0.121528
0 0.173828 0.407118 0.042969 0.074653
0 0.165527 0.304688 0.026367 0.053819
0 0.251953 0.287326 0.029297 0.060764
0 0.319824 0.262153 0.026367 0.052083
0 0.396973 0.273438 0.024414 0.050347
0 0.028809 0.539931 0.051758 0.114583
0 0.348145 0.404514 0.059570 0.138889
0 0.260742 0.207465 0.019531 0.039931
0 0.375488 0.256076 0.018555 0.036458
0 0.955566 0.681424 0.065430 0.164931
0 0.027344 0.335938 0.023438 0.057292
