0 0.750977 0.051170 0.031250 0.052632
0 0.667480 0.205409 0.063477 0.062865
0 0.608398 0.089912 0.021484 0.039474
0 0.935059 0.089912 0.071289 0.118421
0 0.432129 0.142544 0.030273 0.057018
0 0.455566 0.053363 0.018555 0.036550
0 0.534668 0.058480 0.014648 0.029240
0 0.505859 0.071637 0.009766 0.023392
0 0.402832 0.075292 0.012695 0.024854
0 0.359863 0.056287 0.012695 0.024854
0 0.325195 0.043129 0.017578 0.033626
0 0.261719 0.081140 0.007812 0.021930
0 0.241699 0.114035 0.014648 0.029240
0 0.145996 0.088450 0.018555 0.039474
0 0.199219 0.105263 0.013672 0.023392
0 0.104004 0.131579 0.051758 0.096491
0 0.028320 0.100146 0.027344 0.042398
