0 0.193848 0.902778 0.047852 0.142361
0 0.219727 0.794271 0.042969 0.109375
0 0.298340 0.552951 0.028320 0.036458
0 0.199219 0.531250 0.019531 0.034722
0 0.145508 0.750000 0.023438 0.048611
0 0.127930 0.535590 0.021484 0.046875
0 0.212891 0.033854 0.015625 0.029514
0 0.237793 0.022569 0.014648 0.034722
0 0.263184 0.039062 0.016602 0.032986
0 0.301758 0.105035 0.017578 0.039931
0 0.316895 0.103299 0.010742 0.022569
0 0.348633 0.094618 0.013672 0.026042
0 0.361328 0.092882 0.017578 0.039931
0 0.372559 0.116319 0.010742 0.024306
0 0.400879 0.132812 0.012695 0.036458
0 0.329102 0.144097 0.011719 0.024306
0 0.325195 0.130208 0.007812 0.024306
0 0.268555 0.099826 0.011719 0.032986
0 0.258301 0.131076 0.018555 0.039931
0 0.233398 0.095486 0.015625 0.027778
0 0.193848 0.105035 0.014648 0.026042
0 0.174805 0.181424 0.011719 0.029514
0 0.274414 0.125000 0.011719 0.020833
0 0.293457 0.248264 0.018555 0.034722
0 0.339355 0.280382 0.018555 0.057292
0 0.286621 0.303819 0.020508 0.038194
0 0.234375 0.267361 0.019531 0.052083
0 0.216797 0.262153 0.015625 0.041667
0 0.190918 0.289931 0.024414 0.048611
0 0.162598 0.347222 0.016602 0.034722
0 0.126465 0.263889 0.018555 0.041667
0 0.117676 0.279514 0.010742 0.027778
0 0.379883 0.309028 0.011719 0.048611
0 0.397949 0.276042 0.010742 0.020833
0 0.425293 0.309896 0.012695 0.039931
0 0.463379 0.306424 0.016602 0.029514
0 0.449707 0.266493 0.006836 0.015625
0 0.585449 0.276910 0.010742 0.019097
0 0.429199 0.206597 0.008789 0.013889
0 0.437012 0.210069 0.006836 0.013889
0 0.502930 0.280382 0.015625 0.029514
0 0.568848 0.284722 0.008789 0.017361
0 0.442871 0.293403 0.008789 0.024306
0 0.500488 0.379340 0.010742 0.026042
0 0.515625 0.360243 0.009766 0.019097
0 0.741699 0.539062 0.006836 0.015625
0 0.788574 0.556424 0.008789 0.015625
0 0.771484 0.572917 0.011719 0.034722
0 0.779785 0.564236 0.010742 0.017361
0 0.694336 0.561632 0.011719 0.029514
0 0.700684 0.548611 0.008789 0.017361
0 0.674805 0.580729 0.013672 0.032986
0 0.700684 0.572917 0.014648 0.038194
0 0.715332 0.565972 0.008789 0.013889
0 0.769531 0.530382 0.011719 0.015625
0 0.901367 0.511285 0.007812 0.015625
0 0.869141 0.543403 0.011719 0.020833
0 0.891113 0.559896 0.010742 0.026042
0 0.912598 0.519965 0.008789 0.015625
0 0.860352 0.519965 0.005859 0.015625
0 0.855469 0.520833 0.007812 0.020833
0 0.851562 0.500868 0.007812 0.015625
0 0.814941 0.576389 0.016602 0.034722
0 0.817871 0.540799 0.004883 0.008681
0 0.835449 0.515625 0.006836 0.013889
0 0.832031 0.510417 0.005859 0.010417
0 0.824707 0.526042 0.004883 0.010417
0 0.849121 0.552951 0.016602 0.029514
0 0.951660 0.513021 0.004883 0.008681
0 0.946777 0.535590 0.006836 0.012153
0 0.968262 0.572917 0.016602 0.045139
0 0.922852 0.515625 0.005859 0.013889
0 0.916504 0.501736 0.004883 0.006944
0 0.956055 0.579861 0.019531 0.048611
0 0.959473 0.528646 0.010742 0.022569
0 0.940430 0.537326 0.005859 0.015625
0 0.899902 0.589410 0.014648 0.039931
0 0.895020 0.574653 0.014648 0.038194
0 0.834961 0.589410 0.015625 0.032986
0 0.872070 0.679688 0.041016 0.098958
0 0.910156 0.603299 0.021484 0.036458
0 0.892090 0.537326 0.006836 0.012153
0 0.839355 0.556424 0.008789 0.019097
0 0.760742 0.588542 0.017578 0.031250
0 0.753906 0.647569 0.027344 0.055556
0 0.719727 0.599826 0.015625 0.032986
0 0.739746 0.625000 0.016602 0.027778
0 0.665039 0.571181 0.009766 0.027778
0 0.679688 0.649306 0.015625 0.031250
0 0.089844 0.598958 0.013672 0.041667
0 0.099121 0.642361 0.012695 0.027778
0 0.615234 0.686632 0.017578 0.057292
0 0.040039 0.716146 0.019531 0.046875
