0 0.518066 0.509892 0.077148 0.199640
0 0.647949 0.526978 0.038086 0.089928
0 0.701172 0.621403 0.054688 0.120504
0 0.747559 0.483813 0.016602 0.050360
0 0.803711 0.502698 0.017578 0.034173
0 0.331055 0.486511 0.037109 0.084532
0 0.422852 0.540468 0.025391 0.066547
0 0.256836 0.618705 0.052734 0.147482
0 0.174805 0.615108 0.046875 0.093525
0 0.902344 0.536871 0.021484 0.044964
0 0.962891 0.519784 0.013672 0.028777
0 0.938965 0.513489 0.010742 0.023381
0 0.984375 0.525180 0.011719 0.021583
0 0.995605 0.499101 0.008789 0.019784
0 0.475098 0.623201 0.040039 0.131295
0 0.564453 0.564748 0.015625 0.043165
