0 0.210449 0.313609 0.014648 0.035503
0 0.287598 0.340237 0.016602 0.035503
0 0.115234 0.538462 0.035156 0.100592
0 0.128906 0.792160 0.050781 0.093195
0 0.363281 0.627219 0.050781 0.118343
0 0.278320 0.818047 0.082031 0.224852
0 0.735352 0.265533 0.031250 0.054734
0 0.835938 0.295858 0.039062 0.076923
0 0.615723 0.514793 0.026367 0.059172
0 0.668945 0.602811 0.046875 0.096154
0 0.660156 0.656805 0.041016 0.082840
0 0.661621 0.556953 0.028320 0.072485
0 0.916016 0.303254 0.017578 0.029586
0 0.721680 0.554734 0.039062 0.038462
0 0.649902 0.505917 0.026367 0.053254
0 0.681641 0.494822 0.015625 0.042899
