0 0.854980 0.760520 0.012695 0.021040
0 0.864746 0.727723 0.008789 0.019802
0 0.873047 0.676980 0.007812 0.017327
0 0.686523 0.790842 0.013672 0.024752
0 0.127441 0.826733 0.014648 0.024752
0 0.062012 0.767327 0.014648 0.019802
0 0.418457 0.746906 0.012695 0.021040
0 0.401367 0.737005 0.013672 0.018564
0 0.373047 0.756807 0.011719 0.018564
0 0.448730 0.745050 0.008789 0.012376
0 0.522461 0.736386 0.009766 0.012376
0 0.969727 0.707921 0.009766 0.017327
0 0.929688 0.699257 0.009766 0.017327
0 0.811523 0.638614 0.009766 0.014851
0 0.808105 0.721535 0.010742 0.022277
0 0.897949 0.713490 0.008789 0.016089
0 0.847656 0.715347 0.007812 0.017327
0 0.754883 0.745050 0.011719 0.019802
0 0.546387 0.761757 0.012695 0.021040
0 0.623047 0.762995 0.011719 0.021040
0 0.613770 0.681931 0.012695 0.022277
0 0.592285 0.658416 0.010742 0.019802
0 0.572266 0.648515 0.011719 0.019802
0 0.629395 0.654703 0.010742 0.014851
0 0.593750 0.637376 0.011719 0.017327
0 0.623047 0.671411 0.009766 0.013614
0 0.686523 0.649134 0.013672 0.021040
0 0.709473 0.615099 0.010742 0.017327
0 0.711914 0.656559 0.009766 0.013614
0 0.678223 0.607054 0.012695 0.016089
0 0.653320 0.639233 0.009766 0.013614
0 0.661133 0.639233 0.007812 0.016089
0 0.638672 0.607673 0.011719 0.017327
0 0.650391 0.596535 0.009766 0.017327
0 0.632324 0.557550 0.006836 0.013614
0 0.716309 0.566213 0.010742 0.013614
0 0.597168 0.611386 0.010742 0.017327
0 0.576660 0.609530 0.010742 0.016089
0 0.541992 0.599629 0.011719 0.021040
0 0.527344 0.599010 0.009766 0.017327
0 0.542480 0.561881 0.008789 0.012376
0 0.479004 0.575495 0.010742 0.019802
0 0.455566 0.626856 0.008789 0.016089
0 0.421875 0.590965 0.009766 0.016089
0 0.409668 0.572401 0.008789 0.013614
0 0.434570 0.547649 0.009766 0.016089
0 0.484863 0.608911 0.010742 0.017327
0 0.508301 0.632426 0.008789 0.017327
0 0.414062 0.623144 0.007812 0.016089
0 0.395508 0.558787 0.009766 0.016089
0 0.404785 0.595916 0.006836 0.016089
0 0.441895 0.646040 0.008789 0.022277
0 0.418945 0.657178 0.009766 0.017327
0 0.504883 0.665223 0.009766 0.018564
0 0.341309 0.667079 0.012695 0.022277
0 0.324707 0.663985 0.010742 0.018564
0 0.326172 0.594678 0.009766 0.016089
0 0.351562 0.608292 0.007812 0.013614
0 0.374023 0.711634 0.009766 0.019802
0 0.189941 0.652228 0.010742 0.019802
0 0.144531 0.630569 0.009766 0.018564
0 0.257324 0.662129 0.010742 0.014851
0 0.273926 0.625000 0.006836 0.014851
0 0.252930 0.629950 0.007812 0.014851
0 0.166504 0.672030 0.008789 0.014851
0 0.291992 0.601485 0.007812 0.017327
0 0.097168 0.667698 0.012695 0.023515
0 0.034668 0.673267 0.010742 0.017327
0 0.041504 0.587252 0.008789 0.016089
0 0.028320 0.600866 0.007812 0.016089
0 0.044922 0.561262 0.009766 0.016089
0 0.114746 0.577351 0.012695 0.018564
0 0.186035 0.579208 0.012695 0.022277
0 0.194336 0.516089 0.011719 0.017327
0 0.253418 0.501238 0.010742 0.017327
0 0.279785 0.538985 0.008789 0.016089
0 0.182129 0.530941 0.010742 0.017327
0 0.166504 0.553218 0.008789 0.014851
0 0.088867 0.584158 0.009766 0.017327
0 0.053223 0.530941 0.008789 0.014851
0 0.099121 0.511757 0.006836 0.013614
0 0.067383 0.498762 0.007812 0.012376
0 0.072266 0.541460 0.009766 0.013614
0 0.016113 0.572401 0.020508 0.025990
0 0.106445 0.619431 0.007812 0.018564
0 0.059082 0.680693 0.008789 0.012376
0 0.127930 0.416460 0.007812 0.013614
0 0.113770 0.468441 0.008789 0.016089
0 0.126953 0.461634 0.007812 0.014851
0 0.133301 0.458540 0.006836 0.011139
0 0.146973 0.454208 0.006836 0.012376
0 0.159668 0.424505 0.006836 0.009901
0 0.212891 0.512995 0.007812 0.013614
0 0.181641 0.386139 0.007812 0.012376
0 0.186035 0.369431 0.006836 0.011139
0 0.197266 0.368193 0.005859 0.011139
0 0.250977 0.380569 0.007812 0.013614
0 0.215332 0.368193 0.004883 0.008663
0 0.278320 0.413366 0.007812 0.012376
0 0.351562 0.426980 0.007812 0.012376
0 0.400391 0.420792 0.007812 0.012376
0 0.379883 0.491955 0.007812 0.013614
0 0.398926 0.480198 0.006836 0.012376
0 0.277344 0.392327 0.005859 0.009901
0 0.416504 0.390470 0.006836 0.011139
0 0.379395 0.431312 0.006836 0.011139
0 0.314453 0.476485 0.005859 0.012376
0 0.249023 0.454208 0.005859 0.012376
0 0.339844 0.380569 0.005859 0.011139
0 0.521484 0.511757 0.009766 0.016089
0 0.439941 0.492574 0.008789 0.014851
0 0.662598 0.511139 0.008789 0.014851
0 0.626953 0.516708 0.007812 0.016089
0 0.533691 0.514851 0.008789 0.014851
0 0.661133 0.573020 0.007812 0.017327
0 0.862305 0.586634 0.009766 0.017327
0 0.812500 0.585396 0.009766 0.019802
0 0.772461 0.555074 0.007812 0.016089
0 0.800293 0.536510 0.008789 0.018564
0 0.833496 0.516708 0.008789 0.013614
0 0.862793 0.540223 0.008789 0.013614
0 0.862793 0.556312 0.008789 0.016089
0 0.762207 0.629950 0.006836 0.012376
0 0.743164 0.518564 0.007812 0.012376
0 0.829102 0.507426 0.009766 0.017327
0 0.884766 0.517327 0.005859 0.012376
0 0.964844 0.584777 0.009766 0.016089
0 0.949219 0.581064 0.007812 0.018564
0 0.881836 0.702351 0.007812 0.016089
0 0.942383 0.691213 0.007812 0.016089
0 0.760742 0.478342 0.007812 0.013614
0 0.755859 0.462871 0.007812 0.014851
0 0.659668 0.469059 0.008789 0.014851
0 0.667969 0.441832 0.009766 0.014851
0 0.710938 0.448020 0.005859 0.009901
0 0.726562 0.459777 0.005859 0.011139
0 0.737305 0.454827 0.007812 0.011139
0 0.808594 0.457302 0.007812 0.011139
0 0.785156 0.415842 0.007812 0.012376
0 0.840332 0.428837 0.008789 0.016089
0 0.879883 0.449257 0.009766 0.014851
0 0.887695 0.427599 0.007812 0.013614
0 0.757324 0.372525 0.006836 0.009901
0 0.670410 0.410891 0.006836 0.012376
0 0.798828 0.366955 0.005859 0.011139
0 0.736816 0.335396 0.006836 0.009901
0 0.582031 0.417698 0.007812 0.011139
0 0.502441 0.440594 0.008789 0.012376
0 0.501465 0.416460 0.004883 0.011139
0 0.456055 0.228342 0.003906 0.006188
0 0.429688 0.238861 0.003906 0.007426
0 0.409668 0.259901 0.004883 0.007426
0 0.424316 0.252475 0.004883 0.007426
0 0.434570 0.258663 0.003906 0.007426
0 0.395020 0.246287 0.004883 0.007426
0 0.395996 0.274752 0.004883 0.007426
0 0.258301 0.312500 0.006836 0.011139
0 0.830566 0.548886 0.006836 0.013614
0 0.992676 0.577970 0.010742 0.019802
0 0.907227 0.880569 0.013672 0.023515
0 0.779297 0.839109 0.009766 0.019802
0 0.653809 0.828589 0.012695 0.021040
0 0.575195 0.268564 0.003906 0.007426
0 0.637695 0.297649 0.003906 0.008663
0 0.629395 0.301980 0.004883 0.007426
0 0.261230 0.186262 0.010742 0.013614
0 0.116211 0.645421 0.013672 0.018564
0 0.813477 0.477104 0.009766 0.018564
0 0.760742 0.393564 0.007812 0.019802
0 0.952148 0.766089 0.013672 0.022277
0 0.886230 0.595297 0.012695 0.022277
0 0.023438 0.473391 0.009766 0.013614
0 0.335449 0.564356 0.010742 0.019802
0 0.350586 0.534035 0.011719 0.016089
0 0.371094 0.524134 0.009766 0.016089
0 0.356934 0.575495 0.010742 0.017327
0 0.153320 0.449257 0.009766 0.017327
0 0.357422 0.625000 0.013672 0.019802
0 0.430176 0.667698 0.010742 0.021040
0 0.556152 0.698639 0.010742 0.021040
0 0.083496 0.708540 0.010742 0.018564
0 0.262207 0.675124 0.008789 0.016089
0 0.021484 0.336634 0.007812 0.012376
0 0.078613 0.387376 0.010742 0.014851
