0 0.014648 0.443688 0.027344 0.053218
0 0.029297 0.347153 0.011719 0.013614
0 0.065430 0.422030 0.035156 0.056931
0 0.134766 0.485767 0.050781 0.087871
0 0.113770 0.426980 0.030273 0.054455
0 0.168457 0.439975 0.041992 0.063119
0 0.214355 0.396040 0.018555 0.027228
0 0.258301 0.379332 0.024414 0.043317
0 0.260742 0.318688 0.011719 0.016089
0 0.280273 0.301980 0.013672 0.014851
0 0.188965 0.285891 0.006836 0.007426
0 0.060059 0.525371 0.038086 0.048267
0 0.038574 0.623762 0.051758 0.064356
0 0.260742 0.745050 0.035156 0.069307
0 0.374512 0.801361 0.112305 0.154703
0 0.299316 0.347153 0.030273 0.050743
0 0.306152 0.407797 0.028320 0.038366
0 0.388184 0.350248 0.034180 0.049505
0 0.362305 0.262995 0.009766 0.013614
0 0.409668 0.263614 0.008789 0.017327
0 0.503418 0.275371 0.018555 0.025990
0 0.585449 0.175743 0.014648 0.019802
0 0.539551 0.196782 0.012695 0.019802
0 0.727051 0.275371 0.034180 0.055693
0 0.798828 0.223391 0.027344 0.040842
0 0.971191 0.119431 0.018555 0.028465
0 0.925781 0.137376 0.015625 0.027228
0 0.937012 0.248144 0.061523 0.092822
0 0.974121 0.392327 0.051758 0.103960
0 0.827637 0.467822 0.077148 0.106436
0 0.791504 0.772277 0.170898 0.250000
0 0.664551 0.602723 0.061523 0.049505
0 0.206055 0.279703 0.007812 0.009901
0 0.145020 0.301361 0.004883 0.008663
