0 0.648438 0.685673 0.017578 0.038012
0 0.578613 0.634503 0.018555 0.035088
0 0.605469 0.418129 0.009766 0.023392
0 0.694824 0.478070 0.008789 0.017544
0 0.177734 0.820906 0.021484 0.039474
0 0.065430 0.912281 0.017578 0.035088
0 0.135254 0.900585 0.020508 0.038012
0 0.187012 0.867690 0.018555 0.036550
0 0.052246 0.853801 0.022461 0.035088
0 0.195312 0.817251 0.015625 0.035088
0 0.199219 0.781433 0.017578 0.030702
0 0.175293 0.774123 0.020508 0.033626
0 0.088867 0.800439 0.017578 0.036550
0 0.007324 0.809211 0.014648 0.036550
0 0.022949 0.804825 0.016602 0.033626
0 0.045410 0.780702 0.016602 0.032164
0 0.059082 0.766813 0.012695 0.030702
0 0.015137 0.848684 0.012695 0.021930
0 0.002930 0.849415 0.005859 0.023392
0 0.114746 0.761696 0.020508 0.032164
0 0.024414 0.749269 0.017578 0.033626
0 0.058594 0.721491 0.019531 0.033626
0 0.022949 0.675439 0.016602 0.029240
0 0.093262 0.706871 0.018555 0.030702
0 0.073242 0.687865 0.015625 0.036550
0 0.121094 0.673977 0.015625 0.035088
0 0.146484 0.728070 0.013672 0.026316
0 0.166992 0.738304 0.015625 0.029240
0 0.195801 0.740497 0.018555 0.033626
0 0.215332 0.699561 0.016602 0.030702
0 0.258789 0.725146 0.017578 0.038012
0 0.274414 0.656433 0.013672 0.029240
0 0.227051 0.663743 0.014648 0.026316
0 0.248047 0.638158 0.015625 0.030702
0 0.259277 0.625000 0.012695 0.030702
0 0.221680 0.619152 0.015625 0.027778
0 0.204590 0.625000 0.014648 0.027778
0 0.121094 0.603070 0.013672 0.027778
0 0.061035 0.636696 0.018555 0.030702
0 0.036133 0.544591 0.013672 0.021930
0 0.018555 0.502193 0.011719 0.024854
0 0.095703 0.555556 0.011719 0.023392
0 0.084961 0.533626 0.013672 0.026316
0 0.118652 0.537281 0.012695 0.024854
0 0.129395 0.525585 0.010742 0.021930
0 0.152344 0.521930 0.011719 0.023392
0 0.176758 0.524854 0.011719 0.023392
0 0.155762 0.567251 0.012695 0.026316
0 0.172852 0.560673 0.011719 0.024854
0 0.168945 0.592105 0.011719 0.026316
0 0.200684 0.569444 0.010742 0.021930
0 0.190918 0.532164 0.010742 0.023392
0 0.234863 0.575292 0.012695 0.030702
0 0.265137 0.563596 0.012695 0.027778
0 0.254395 0.540936 0.010742 0.023392
0 0.224121 0.523392 0.010742 0.020468
0 0.253906 0.483918 0.009766 0.020468
0 0.207520 0.476608 0.008789 0.020468
0 0.186035 0.505117 0.010742 0.021930
0 0.294434 0.476608 0.010742 0.020468
0 0.024414 0.589181 0.011719 0.026316
0 0.048340 0.530702 0.010742 0.020468
0 0.263184 0.805556 0.020508 0.038012
0 0.300293 0.804094 0.018555 0.038012
0 0.331543 0.757310 0.018555 0.040936
0 0.369629 0.860380 0.018555 0.033626
0 0.362793 0.820175 0.016602 0.032164
0 0.421387 0.850877 0.018555 0.035088
0 0.312500 0.696637 0.015625 0.024854
0 0.258301 0.695175 0.010742 0.021930
0 0.353027 0.723684 0.018555 0.032164
0 0.368164 0.703947 0.015625 0.039474
0 0.407715 0.774123 0.022461 0.042398
0 0.435059 0.766082 0.018555 0.040936
0 0.474121 0.757310 0.018555 0.035088
0 0.485840 0.800439 0.018555 0.036550
0 0.529785 0.796784 0.020508 0.040936
0 0.556152 0.789474 0.018555 0.035088
0 0.527344 0.842836 0.021484 0.048246
0 0.479492 0.706871 0.017578 0.036550
0 0.526855 0.726608 0.018555 0.035088
0 0.496094 0.703216 0.015625 0.035088
0 0.352051 0.670322 0.014648 0.024854
0 0.343262 0.633772 0.016602 0.030702
0 0.317383 0.641082 0.013672 0.027778
0 0.396484 0.627924 0.015625 0.024854
0 0.358887 0.613304 0.014648 0.027778
0 0.321289 0.576754 0.013672 0.027778
0 0.356445 0.570175 0.013672 0.023392
0 0.316895 0.544591 0.010742 0.021930
0 0.327637 0.537281 0.010742 0.030702
0 0.335938 0.526316 0.007812 0.023392
0 0.352539 0.536550 0.013672 0.020468
0 0.379883 0.542398 0.011719 0.023392
0 0.408203 0.579678 0.011719 0.024854
0 0.405762 0.548246 0.012695 0.023392
0 0.430176 0.551170 0.014648 0.032164
0 0.452148 0.549708 0.013672 0.026316
0 0.467285 0.595029 0.012695 0.029240
0 0.453613 0.663012 0.012695 0.030702
0 0.475586 0.657895 0.013672 0.029240
0 0.422363 0.736111 0.014648 0.024854
0 0.066895 0.826023 0.018555 0.040936
0 0.112793 0.834064 0.022461 0.039474
0 0.141113 0.825292 0.020508 0.042398
0 0.523438 0.653509 0.015625 0.032164
0 0.516113 0.565789 0.014648 0.032164
0 0.536133 0.552632 0.011719 0.026316
0 0.485840 0.553363 0.012695 0.024854
0 0.472168 0.544591 0.010742 0.024854
0 0.620605 0.785819 0.018555 0.042398
0 0.591797 0.736111 0.019531 0.042398
0 0.566895 0.693713 0.014648 0.033626
0 0.572754 0.661550 0.016602 0.033626
0 0.576660 0.571637 0.012695 0.026316
0 0.553711 0.572368 0.011719 0.024854
0 0.550293 0.543860 0.012695 0.026316
0 0.562988 0.532895 0.012695 0.024854
0 0.598145 0.565789 0.010742 0.020468
0 0.628906 0.557018 0.011719 0.023392
0 0.662598 0.548977 0.012695 0.024854
0 0.723633 0.559211 0.011719 0.024854
0 0.738281 0.546784 0.011719 0.023392
0 0.776367 0.536550 0.013672 0.023392
0 0.806152 0.567251 0.014648 0.029240
0 0.720215 0.599415 0.012695 0.029240
0 0.734863 0.617690 0.014648 0.027778
0 0.768555 0.654240 0.015625 0.033626
0 0.808105 0.640351 0.014648 0.032164
0 0.860352 0.616959 0.013672 0.029240
0 0.866699 0.665205 0.016602 0.035088
0 0.618652 0.729532 0.018555 0.035088
0 0.641113 0.718567 0.016602 0.033626
0 0.664551 0.769006 0.020508 0.035088
0 0.629883 0.766813 0.017578 0.036550
0 0.701660 0.753655 0.018555 0.039474
0 0.720215 0.739035 0.014648 0.030702
0 0.729980 0.717105 0.012695 0.027778
0 0.753906 0.690789 0.017578 0.033626
0 0.798828 0.709064 0.009766 0.029240
0 0.836426 0.708333 0.016602 0.033626
0 0.836914 0.756579 0.019531 0.036550
0 0.815430 0.834064 0.019531 0.042398
0 0.732910 0.794591 0.020508 0.039474
0 0.690918 0.846491 0.022461 0.038012
0 0.729980 0.832602 0.020508 0.039474
0 0.604492 0.852339 0.021484 0.038012
0 0.744629 0.766813 0.020508 0.039474
0 0.790039 0.779240 0.021484 0.038012
0 0.967773 0.783626 0.021484 0.038012
0 0.927246 0.757310 0.022461 0.038012
0 0.915527 0.797515 0.020508 0.039474
0 0.938477 0.807749 0.017578 0.042398
0 0.871582 0.809942 0.018555 0.046784
0 0.850098 0.807749 0.014648 0.030702
0 0.887207 0.657895 0.012695 0.029240
0 0.929688 0.620614 0.015625 0.030702
0 0.946777 0.607456 0.014648 0.027778
0 0.895508 0.595029 0.011719 0.032164
0 0.877441 0.472953 0.010742 0.024854
0 0.838379 0.465643 0.010742 0.027778
0 0.761230 0.504386 0.010742 0.023392
0 0.760742 0.470029 0.009766 0.021930
0 0.246582 0.457602 0.006836 0.017544
0 0.252441 0.447368 0.008789 0.020468
0 0.359375 0.491959 0.009766 0.021930
0 0.386719 0.464181 0.011719 0.019006
0 0.417480 0.404240 0.006836 0.016082
0 0.464844 0.437135 0.009766 0.020468
0 0.481934 0.419591 0.006836 0.017544
0 0.367188 0.414474 0.007812 0.016082
0 0.341797 0.424708 0.009766 0.013158
0 0.291992 0.432749 0.009766 0.020468
0 0.433105 0.440058 0.006836 0.014620
0 0.664551 0.466374 0.008789 0.020468
0 0.662109 0.437865 0.009766 0.019006
0 0.646484 0.431287 0.009766 0.020468
0 0.986328 0.513889 0.009766 0.019006
0 0.919922 0.461988 0.011719 0.023392
0 0.346680 0.828216 0.015625 0.036550
0 0.429688 0.708333 0.013672 0.024854
0 0.937988 0.500000 0.012695 0.023392
0 0.942383 0.467836 0.013672 0.023392
0 0.964355 0.462719 0.010742 0.027778
0 0.244629 0.824561 0.014648 0.035088
