0 0.924805 0.855714 0.023438 0.045714
0 0.950684 0.794286 0.022461 0.045714
0 0.933105 0.758571 0.022461 0.045714
0 0.873047 0.775000 0.021484 0.035714
0 0.868164 0.815714 0.021484 0.040000
0 0.822266 0.900000 0.017578 0.031429
0 0.979492 0.679286 0.019531 0.038571
0 0.954590 0.673571 0.018555 0.041429
0 0.905273 0.667857 0.017578 0.038571
0 0.890625 0.722857 0.019531 0.037143
0 0.767090 0.839286 0.022461 0.041429
0 0.725098 0.810000 0.020508 0.040000
0 0.781738 0.772143 0.020508 0.035714
0 0.826172 0.718571 0.021484 0.037143
0 0.772461 0.724286 0.017578 0.034286
0 0.736328 0.752857 0.017578 0.034286
0 0.834961 0.657143 0.017578 0.040000
0 0.765625 0.690714 0.015625 0.032857
0 0.632324 0.944286 0.020508 0.028571
0 0.652344 0.889286 0.021484 0.038571
0 0.700195 0.844286 0.023438 0.045714
0 0.674805 0.807143 0.019531 0.037143
0 0.643066 0.776429 0.020508 0.035714
0 0.691406 0.769286 0.017578 0.032857
0 0.697754 0.743571 0.018555 0.035714
0 0.702148 0.703571 0.021484 0.041429
0 0.697266 0.673571 0.021484 0.035714
0 0.726562 0.637143 0.021484 0.037143
0 0.602539 0.822143 0.023438 0.041429
0 0.577637 0.805000 0.020508 0.032857
0 0.571289 0.751429 0.019531 0.037143
0 0.612305 0.711429 0.019531 0.031429
0 0.611816 0.670000 0.020508 0.037143
0 0.639648 0.659286 0.019531 0.035714
0 0.675781 0.595714 0.019531 0.037143
0 0.634277 0.622857 0.020508 0.034286
0 0.579102 0.600000 0.019531 0.040000
0 0.829102 0.623571 0.021484 0.038571
0 0.773438 0.595714 0.019531 0.037143
0 0.907227 0.598571 0.021484 0.042857
0 0.538086 0.897857 0.021484 0.044286
0 0.467773 0.940714 0.021484 0.047143
0 0.407227 0.942857 0.021484 0.040000
0 0.403809 0.882143 0.016602 0.038571
0 0.339844 0.925000 0.023438 0.038571
0 0.302734 0.885714 0.025391 0.037143
0 0.305664 0.788571 0.021484 0.040000
0 0.343750 0.784286 0.021484 0.037143
0 0.387207 0.848571 0.018555 0.031429
0 0.388184 0.809286 0.010742 0.032857
0 0.400391 0.791429 0.021484 0.034286
0 0.433105 0.774286 0.014648 0.040000
0 0.494141 0.837857 0.017578 0.038571
0 0.472656 0.781429 0.019531 0.034286
0 0.500000 0.785000 0.021484 0.038571
0 0.443359 0.737143 0.023438 0.037143
0 0.388672 0.744286 0.019531 0.040000
0 0.366211 0.745714 0.017578 0.042857
0 0.344727 0.682857 0.021484 0.040000
0 0.404297 0.652857 0.021484 0.034286
0 0.462402 0.684286 0.016602 0.042857
0 0.528809 0.693571 0.022461 0.038571
0 0.549316 0.733571 0.016602 0.038571
0 0.553711 0.670714 0.021484 0.041429
0 0.517090 0.657143 0.014648 0.031429
0 0.483887 0.642857 0.018555 0.040000
0 0.245117 0.968571 0.019531 0.028571
0 0.262207 0.945000 0.018555 0.038571
0 0.216309 0.949286 0.016602 0.038571
0 0.223633 0.902143 0.019531 0.038571
0 0.188965 0.912857 0.020508 0.040000
0 0.167480 0.935000 0.022461 0.038571
0 0.107422 0.961429 0.025391 0.042857
0 0.127930 0.913571 0.013672 0.038571
0 0.278809 0.781429 0.020508 0.040000
0 0.286621 0.728571 0.018555 0.037143
0 0.256348 0.828571 0.022461 0.042857
0 0.036133 0.953571 0.025391 0.047143
0 0.044434 0.885714 0.024414 0.040000
0 0.011719 0.865714 0.023438 0.042857
0 0.033691 0.778571 0.022461 0.034286
0 0.027832 0.745000 0.020508 0.032857
0 0.100586 0.758571 0.021484 0.040000
0 0.109863 0.857857 0.020508 0.038571
0 0.126953 0.810714 0.021484 0.041429
0 0.119629 0.782857 0.018555 0.034286
0 0.186035 0.818571 0.020508 0.040000
0 0.236328 0.811429 0.019531 0.040000
0 0.209473 0.769286 0.022461 0.041429
0 0.235840 0.764286 0.020508 0.040000
0 0.283691 0.650000 0.022461 0.040000
0 0.214355 0.682857 0.022461 0.042857
0 0.158203 0.690714 0.023438 0.038571
0 0.124512 0.711429 0.014648 0.037143
0 0.049316 0.714286 0.018555 0.040000
0 0.017578 0.672857 0.017578 0.040000
0 0.044434 0.648571 0.020508 0.040000
0 0.067383 0.661429 0.019531 0.048571
0 0.106934 0.630000 0.022461 0.042857
0 0.148438 0.644286 0.021484 0.034286
0 0.209961 0.648571 0.019531 0.037143
0 0.023438 0.584286 0.023438 0.042857
0 0.092773 0.620000 0.021484 0.037143
0 0.065430 0.575714 0.019531 0.042857
0 0.007812 0.530000 0.015625 0.037143
0 0.016602 0.479286 0.019531 0.035714
0 0.050293 0.488571 0.022461 0.042857
0 0.166016 0.618571 0.021484 0.037143
0 0.162598 0.572857 0.022461 0.037143
0 0.137207 0.553571 0.022461 0.035714
0 0.144531 0.525714 0.017578 0.034286
0 0.119629 0.502857 0.022461 0.037143
0 0.136230 0.487857 0.018555 0.032857
0 0.005371 0.427857 0.010742 0.030000
0 0.039062 0.467143 0.015625 0.034286
0 0.208496 0.499286 0.024414 0.044286
0 0.014160 0.379286 0.020508 0.038571
0 0.049805 0.373571 0.015625 0.035714
0 0.115234 0.397857 0.019531 0.035714
0 0.146973 0.394286 0.018555 0.040000
0 0.114746 0.347143 0.020508 0.034286
0 0.208496 0.443571 0.014648 0.038571
0 0.221680 0.592143 0.019531 0.038571
0 0.231445 0.558571 0.015625 0.040000
0 0.279297 0.601429 0.025391 0.040000
0 0.297363 0.564286 0.020508 0.042857
0 0.336426 0.628571 0.020508 0.040000
0 0.286133 0.527143 0.019531 0.034286
0 0.330566 0.510000 0.020508 0.042857
0 0.210938 0.427857 0.013672 0.035714
0 0.195312 0.385714 0.021484 0.037143
0 0.292969 0.413571 0.019531 0.038571
0 0.261719 0.377857 0.019531 0.038571
0 0.328125 0.436429 0.019531 0.035714
0 0.357910 0.485000 0.022461 0.038571
0 0.387207 0.598571 0.020508 0.037143
0 0.405273 0.582857 0.021484 0.037143
0 0.392578 0.572143 0.019531 0.032857
0 0.429688 0.615714 0.023438 0.040000
0 0.444824 0.610000 0.018555 0.040000
0 0.476074 0.587857 0.018555 0.032857
0 0.445801 0.560000 0.018555 0.034286
0 0.432129 0.495000 0.020508 0.041429
0 0.383301 0.453571 0.018555 0.035714
0 0.367676 0.415000 0.016602 0.032857
0 0.347656 0.363571 0.017578 0.038571
0 0.447266 0.382857 0.019531 0.042857
0 0.409668 0.376429 0.020508 0.038571
0 0.478027 0.382857 0.020508 0.037143
0 0.466797 0.473571 0.015625 0.032857
0 0.525879 0.565714 0.022461 0.037143
0 0.518066 0.511429 0.018555 0.034286
0 0.542969 0.453571 0.017578 0.041429
0 0.572754 0.507143 0.018555 0.034286
0 0.609863 0.475000 0.020508 0.038571
0 0.648438 0.498571 0.017578 0.034286
0 0.678223 0.545000 0.018555 0.032857
0 0.734863 0.570714 0.022461 0.038571
0 0.712891 0.493571 0.023438 0.041429
0 0.680176 0.456429 0.022461 0.038571
0 0.620605 0.416429 0.020508 0.032857
0 0.575195 0.405714 0.019531 0.042857
0 0.563965 0.371429 0.016602 0.028571
0 0.623535 0.375000 0.020508 0.035714
0 0.687500 0.411429 0.019531 0.034286
0 0.698730 0.369286 0.018555 0.038571
0 0.750000 0.530714 0.017578 0.032857
0 0.781250 0.527857 0.021484 0.035714
0 0.801270 0.527143 0.018555 0.037143
0 0.792969 0.467143 0.019531 0.037143
0 0.748047 0.456429 0.017578 0.035714
0 0.768066 0.410714 0.018555 0.038571
0 0.779785 0.381429 0.018555 0.034286
0 0.849609 0.444286 0.019531 0.040000
0 0.846191 0.519286 0.020508 0.032857
0 0.725098 0.325714 0.018555 0.031429
0 0.742188 0.353571 0.015625 0.030000
0 0.852539 0.358571 0.021484 0.034286
0 0.879883 0.484286 0.019531 0.037143
0 0.895996 0.522857 0.020508 0.037143
0 0.923828 0.500000 0.019531 0.037143
0 0.942871 0.477857 0.016602 0.032857
0 0.834473 0.570000 0.018555 0.040000
0 0.921387 0.565714 0.020508 0.034286
0 0.964844 0.631429 0.023438 0.045714
0 0.958984 0.587857 0.017578 0.038571
0 0.981445 0.539286 0.021484 0.038571
0 0.980957 0.503571 0.018555 0.030000
0 0.891113 0.437143 0.016602 0.031429
0 0.964844 0.416429 0.019531 0.038571
0 0.969727 0.361429 0.019531 0.031429
0 0.994629 0.425714 0.010742 0.034286
0 0.914062 0.361429 0.019531 0.037143
0 0.910645 0.328571 0.022461 0.034286
0 0.839355 0.323571 0.022461 0.038571
0 0.964355 0.284286 0.020508 0.031429
0 0.974609 0.267857 0.019531 0.035714
0 0.922363 0.270714 0.016602 0.030000
0 0.933594 0.237857 0.013672 0.032857
0 0.845703 0.283571 0.019531 0.038571
0 0.871094 0.218571 0.011719 0.031429
0 0.812500 0.250714 0.019531 0.032857
0 0.798340 0.300714 0.016602 0.035714
0 0.759277 0.261429 0.020508 0.040000
0 0.711426 0.275000 0.020508 0.041429
0 0.703613 0.192857 0.018555 0.028571
0 0.684082 0.181429 0.020508 0.040000
0 0.740723 0.161429 0.020508 0.037143
0 0.764160 0.122857 0.020508 0.037143
0 0.851074 0.165714 0.018555 0.037143
0 0.818359 0.162143 0.015625 0.030000
0 0.889160 0.092857 0.020508 0.034286
0 0.975586 0.190714 0.015625 0.032857
0 0.975098 0.147857 0.016602 0.032857
0 0.816895 0.085000 0.016602 0.035714
0 0.814453 0.034286 0.019531 0.034286
0 0.702148 0.132143 0.017578 0.024286
0 0.656738 0.129286 0.018555 0.032857
0 0.748535 0.055714 0.016602 0.031429
0 0.990723 0.091429 0.016602 0.037143
0 0.960938 0.035714 0.017578 0.031429
0 0.920898 0.013571 0.019531 0.027143
0 0.793457 0.221429 0.016602 0.037143
0 0.704102 0.022857 0.017578 0.031429
0 0.625977 0.286429 0.017578 0.035714
0 0.681641 0.347857 0.011719 0.032857
0 0.558594 0.308571 0.023438 0.037143
0 0.492676 0.307857 0.022461 0.035714
0 0.528809 0.196429 0.020508 0.035714
0 0.505859 0.148571 0.021484 0.040000
0 0.610352 0.213571 0.019531 0.035714
0 0.632324 0.211429 0.018555 0.034286
0 0.610840 0.149286 0.020508 0.035714
0 0.538574 0.090714 0.022461 0.035714
0 0.675781 0.327857 0.009766 0.032857
0 0.588867 0.341429 0.021484 0.034286
0 0.652832 0.017857 0.018555 0.035714
0 0.583984 0.047143 0.017578 0.034286
0 0.491699 0.027857 0.018555 0.035714
0 0.455566 0.198571 0.022461 0.040000
0 0.408691 0.111429 0.016602 0.031429
0 0.426758 0.112143 0.017578 0.027143
0 0.417480 0.175000 0.022461 0.032857
0 0.377441 0.205714 0.020508 0.031429
0 0.335938 0.186429 0.017578 0.035714
0 0.328613 0.117143 0.016602 0.034286
0 0.269531 0.142857 0.021484 0.034286
0 0.278809 0.077857 0.020508 0.035714
0 0.320312 0.021429 0.015625 0.025714
0 0.373535 0.032857 0.016602 0.031429
0 0.406738 0.031429 0.014648 0.031429
0 0.290039 0.035000 0.015625 0.038571
0 0.466797 0.353571 0.021484 0.027143
0 0.430176 0.283571 0.020508 0.038571
0 0.377930 0.334286 0.015625 0.037143
0 0.385254 0.245000 0.018555 0.035714
0 0.334961 0.326429 0.019531 0.032857
0 0.337891 0.290714 0.019531 0.032857
0 0.284668 0.240714 0.016602 0.032857
0 0.270020 0.292857 0.018555 0.028571
0 0.257324 0.320714 0.014648 0.032857
0 0.243164 0.320714 0.013672 0.035714
0 0.166504 0.307857 0.020508 0.038571
0 0.178223 0.292857 0.016602 0.031429
0 0.100098 0.266429 0.020508 0.035714
0 0.222656 0.186429 0.021484 0.035714
0 0.160156 0.143571 0.017578 0.027143
0 0.232910 0.130714 0.020508 0.030000
0 0.224609 0.085000 0.013672 0.024286
0 0.126953 0.093571 0.019531 0.032857
0 0.172852 0.063571 0.017578 0.032857
0 0.262207 0.076429 0.012695 0.032857
0 0.224609 0.057143 0.017578 0.031429
0 0.088867 0.057143 0.019531 0.034286
0 0.017090 0.273571 0.026367 0.041429
0 0.053711 0.220714 0.017578 0.032857
0 0.046387 0.139286 0.018555 0.035714
0 0.011719 0.057857 0.017578 0.038571
0 0.003906 0.140000 0.007812 0.034286
0 0.041016 0.017143 0.019531 0.034286
0 0.173340 0.023571 0.018555 0.032857
0 0.232422 0.012857 0.021484 0.025714
0 0.166016 0.106429 0.019531 0.035714
0 0.453613 0.057143 0.018555 0.034286
0 0.097656 0.457143 0.007812 0.028571
0 0.374512 0.961429 0.024414 0.045714
0 0.098145 0.025714 0.014648 0.028571
