0 0.093750 0.468168 0.013672 0.029503
0 0.161133 0.444876 0.013672 0.023292
0 0.172363 0.423137 0.010742 0.017081
0 0.111816 0.447205 0.010742 0.021739
0 0.271484 0.400621 0.011719 0.021739
0 0.254395 0.459627 0.047852 0.093168
0 0.264648 0.378106 0.005859 0.010870
0 0.259277 0.378106 0.004883 0.010870
0 0.288574 0.374224 0.006836 0.015528
0 0.318359 0.368789 0.005859 0.010870
0 0.410156 0.408385 0.039062 0.093168
0 0.461426 0.385870 0.024414 0.060559
0 0.489258 0.358696 0.015625 0.034161
0 0.505371 0.393634 0.030273 0.072981
0 0.550781 0.322981 0.015625 0.034161
0 0.568359 0.302795 0.009766 0.021739
0 0.577148 0.345497 0.023438 0.054348
0 0.612305 0.290373 0.009766 0.021739
0 0.622559 0.289596 0.006836 0.013975
0 0.744141 0.263975 0.015625 0.049689
0 0.730469 0.125776 0.011719 0.024845
0 0.341797 0.923913 0.087891 0.152174
0 0.591797 0.686335 0.070312 0.155280
