0 0.028809 0.490234 0.012695 0.011719
0 0.074707 0.457682 0.008789 0.022135
0 0.057129 0.595052 0.022461 0.046875
0 0.087402 0.622396 0.014648 0.036458
0 0.100586 0.570964 0.013672 0.019531
0 0.216309 0.627604 0.016602 0.026042
0 0.222168 0.667969 0.014648 0.033854
0 0.322266 0.664714 0.060547 0.100260
0 0.377441 0.605469 0.008789 0.018229
0 0.351074 0.599609 0.012695 0.037760
0 0.389648 0.604167 0.007812 0.015625
0 0.443359 0.627604 0.007812 0.013021
0 0.489746 0.616536 0.006836 0.016927
0 0.492188 0.593750 0.007812 0.013021
0 0.501953 0.610677 0.005859 0.013021
0 0.741211 0.670573 0.011719 0.028646
0 0.760742 0.611328 0.025391 0.040365
0 0.893066 0.626953 0.012695 0.029948
0 0.913574 0.634115 0.016602 0.033854
0 0.746094 0.744792 0.035156 0.054688
0 0.944336 0.635417 0.017578 0.072917
0 0.630371 0.748047 0.106445 0.204427
