0 0.901367 0.169107 0.029297 0.068814
0 0.745605 0.240849 0.024414 0.057101
0 0.568359 0.230600 0.029297 0.062958
0 0.583984 0.448755 0.027344 0.077599
0 0.700195 0.502928 0.044922 0.118594
0 0.573242 0.394583 0.027344 0.071742
0 0.369141 0.404832 0.025391 0.054173
0 0.303223 0.325769 0.022461 0.051245
0 0.337402 0.516837 0.034180 0.070278
0 0.447266 0.502928 0.039062 0.080527
0 0.594238 0.590776 0.032227 0.086384
0 0.285645 0.699122 0.038086 0.083455
0 0.204102 0.288433 0.023438 0.055637
0 0.666016 0.300146 0.019531 0.046852
