0 0.866699 0.073638 0.061523 0.126657
0 0.813477 0.237113 0.044922 0.103093
0 0.779297 0.175258 0.037109 0.073638
0 0.743164 0.224595 0.037109 0.078056
0 0.679688 0.175258 0.039062 0.082474
0 0.585938 0.175258 0.035156 0.064801
0 0.518555 0.113402 0.042969 0.088365
0 0.475586 0.174521 0.029297 0.048601
0 0.418457 0.204713 0.022461 0.047128
0 0.338867 0.187776 0.033203 0.075110
0 0.278320 0.202504 0.039062 0.069219
0 0.229492 0.206186 0.031250 0.067747
0 0.214355 0.147275 0.020508 0.055965
0 0.160156 0.169367 0.027344 0.070692
0 0.090332 0.222386 0.028320 0.055965
0 0.298828 0.475700 0.015625 0.029455
0 0.094238 0.124448 0.014648 0.030928
