0 0.749512 0.955344 0.077148 0.089312
0 0.340332 0.850659 0.051758 0.114202
0 0.061523 0.890922 0.062500 0.115666
0 0.958008 0.474378 0.074219 0.120059
0 0.889648 0.414348 0.029297 0.058565
0 0.749512 0.389458 0.040039 0.067350
0 0.597168 0.414348 0.057617 0.096633
0 0.491699 0.390922 0.038086 0.064422
0 0.562500 0.410688 0.015625 0.027818
0 0.456543 0.471449 0.036133 0.084919
0 0.427246 0.401903 0.028320 0.057101
0 0.304688 0.467057 0.039062 0.079063
0 0.289551 0.403367 0.022461 0.039531
0 0.376953 0.423133 0.023438 0.052709
0 0.187012 0.402635 0.026367 0.038067
0 0.097656 0.445827 0.021484 0.039531
0 0.171387 0.425329 0.012695 0.024890
0 0.044922 0.382870 0.011719 0.036603
0 0.016602 0.453880 0.007812 0.014641
0 0.029785 0.441435 0.006836 0.016105
0 0.022461 0.430454 0.005859 0.014641
0 0.014160 0.434846 0.004883 0.011713
