0 0.864258 0.638158 0.078125 0.135965
0 0.818848 0.494883 0.047852 0.089181
0 0.661621 0.560673 0.051758 0.095029
0 0.062988 0.603070 0.057617 0.100877
0 0.311523 0.518275 0.052734 0.074561
0 0.842285 0.380117 0.043945 0.076023
0 0.899902 0.357456 0.032227 0.065789
0 0.943848 0.323830 0.022461 0.051170
0 0.905273 0.281433 0.019531 0.042398
0 0.957031 0.255117 0.011719 0.024854
0 0.916992 0.250000 0.013672 0.026316
0 0.888672 0.225877 0.011719 0.019006
0 0.854004 0.251462 0.016602 0.032164
0 0.826660 0.208333 0.010742 0.019006
0 0.796875 0.244152 0.019531 0.035088
0 0.836426 0.194444 0.006836 0.011696
0 0.791016 0.348684 0.033203 0.054094
0 0.731445 0.331140 0.042969 0.071637
0 0.131836 0.444444 0.078125 0.078947
0 0.071777 0.357456 0.041992 0.054094
0 0.210938 0.316520 0.029297 0.054094
0 0.163086 0.258041 0.031250 0.048246
0 0.143555 0.235380 0.017578 0.035088
0 0.072266 0.232456 0.021484 0.038012
0 0.029785 0.263889 0.024414 0.045322
0 0.034668 0.203947 0.016602 0.027778
0 0.124023 0.214912 0.013672 0.023392
0 0.097168 0.297515 0.026367 0.027778
0 0.331543 0.317982 0.032227 0.057018
0 0.278320 0.290936 0.021484 0.043860
0 0.352539 0.266813 0.025391 0.048246
0 0.242188 0.241959 0.017578 0.036550
0 0.095703 0.203216 0.009766 0.020468
0 0.155762 0.190058 0.008789 0.020468
0 0.425293 0.275585 0.026367 0.054094
0 0.529785 0.252193 0.020508 0.039474
0 0.506836 0.347953 0.033203 0.064327
0 0.451172 0.269006 0.015625 0.032164
0 0.410156 0.236111 0.013672 0.027778
0 0.666992 0.314327 0.023438 0.043860
0 0.645020 0.262427 0.022461 0.045322
0 0.728516 0.232456 0.011719 0.020468
0 0.678223 0.236842 0.012695 0.026316
0 0.573730 0.274123 0.020508 0.036550
0 0.600586 0.248538 0.011719 0.026316
0 0.608887 0.229532 0.010742 0.020468
0 0.472656 0.282895 0.013672 0.030702
0 0.306641 0.248538 0.013672 0.026316
0 0.190430 0.203947 0.013672 0.024854
0 0.086426 0.160819 0.006836 0.014620
0 0.020020 0.188596 0.010742 0.020468
0 0.790527 0.206871 0.012695 0.024854
0 0.811035 0.245614 0.010742 0.023392
0 0.772461 0.216374 0.007812 0.014620
0 0.762695 0.205409 0.007812 0.016082
0 0.122070 0.163012 0.003906 0.007310
0 0.278320 0.206871 0.007812 0.021930
0 0.289062 0.222222 0.007812 0.014620
0 0.313477 0.209795 0.007812 0.021930
0 0.296875 0.209064 0.011719 0.023392
0 0.332520 0.222222 0.010742 0.023392
0 0.414551 0.205409 0.010742 0.021930
0 0.394531 0.203216 0.007812 0.014620
0 0.346680 0.180556 0.009766 0.019006
0 0.379883 0.242690 0.013672 0.029240
0 0.282227 0.164474 0.007812 0.013158
0 0.435059 0.199561 0.010742 0.021930
0 0.460449 0.185673 0.010742 0.020468
0 0.493164 0.206871 0.009766 0.019006
0 0.377441 0.203216 0.008789 0.017544
0 0.968750 0.202485 0.005859 0.010234
0 0.990234 0.209064 0.005859 0.011696
0 0.957520 0.206140 0.006836 0.011696
0 0.920898 0.212719 0.007812 0.013158
0 0.730469 0.191520 0.003906 0.011696
0 0.747070 0.184942 0.005859 0.010234
0 0.865234 0.211988 0.005859 0.011696
0 0.859375 0.206140 0.005859 0.008772
0 0.687988 0.188596 0.006836 0.014620
0 0.652832 0.191520 0.006836 0.014620
0 0.666992 0.187865 0.003906 0.010234
0 0.620117 0.192982 0.007812 0.017544
0 0.634277 0.181287 0.004883 0.011696
0 0.630859 0.196637 0.007812 0.016082
0 0.695312 0.223684 0.007812 0.017544
0 0.588379 0.192251 0.006836 0.013158
0 0.597656 0.199561 0.007812 0.016082
0 0.599121 0.184211 0.006836 0.011696
0 0.573730 0.180556 0.006836 0.013158
0 0.550293 0.184211 0.008789 0.017544
0 0.524414 0.185673 0.005859 0.014620
0 0.511719 0.211257 0.007812 0.019006
0 0.355469 0.219298 0.009766 0.023392
0 0.733398 0.259503 0.011719 0.021930
0 0.689941 0.246345 0.008789 0.016082
0 0.481445 0.214912 0.009766 0.023392
0 0.749023 0.244883 0.011719 0.021930
0 0.512207 0.173246 0.006836 0.013158
0 0.361816 0.182018 0.006836 0.019006
0 0.145020 0.179094 0.008789 0.021930
0 0.176758 0.171053 0.005859 0.011696
0 0.308594 0.175439 0.009766 0.014620
0 0.265137 0.235380 0.012695 0.026316
0 0.987305 0.537281 0.025391 0.080409
0 0.829102 0.312865 0.029297 0.035088
0 0.878906 0.221491 0.011719 0.021930
0 0.004395 0.211257 0.008789 0.033626
0 0.011719 0.255117 0.017578 0.033626
