0 0.069336 0.167707 0.015625 0.029641
0 0.009766 0.482839 0.019531 0.060842
0 0.123047 0.397816 0.015625 0.040562
0 0.100586 0.423557 0.011719 0.023401
0 0.091309 0.484399 0.022461 0.054602
0 0.043945 0.526521 0.029297 0.060842
0 0.131836 0.576443 0.027344 0.057722
0 0.145996 0.534321 0.012695 0.032761
0 0.205078 0.568643 0.025391 0.060842
0 0.193848 0.503900 0.024414 0.028081
0 0.213379 0.473479 0.022461 0.035881
0 0.225586 0.439938 0.011719 0.021841
0 0.244141 0.471919 0.011719 0.032761
0 0.237793 0.599844 0.030273 0.051482
0 0.288086 0.486739 0.011719 0.028081
0 0.275879 0.528081 0.018555 0.032761
0 0.281738 0.648206 0.028320 0.048362
0 0.344727 0.561622 0.019531 0.037441
0 0.363281 0.530421 0.009766 0.028081
0 0.317871 0.404056 0.008789 0.028081
0 0.137695 0.465679 0.005859 0.023401
0 0.348633 0.651326 0.025391 0.029641
0 0.384277 0.684867 0.024414 0.046802
0 0.415527 0.661466 0.018555 0.046802
0 0.454590 0.799532 0.014648 0.035881
0 0.533691 0.659126 0.012695 0.029641
0 0.553711 0.684087 0.015625 0.029641
0 0.588379 0.693448 0.008789 0.020281
0 0.632812 0.786271 0.019531 0.040562
0 0.658203 0.836193 0.023438 0.043682
0 0.663086 0.741030 0.007812 0.021841
0 0.687988 0.797192 0.012695 0.031201
0 0.683105 0.634945 0.008789 0.012480
0 0.737305 0.702028 0.011719 0.024961
0 0.758789 0.692668 0.009766 0.018721
0 0.770508 0.708268 0.011719 0.018721
0 0.801270 0.734789 0.006836 0.021841
0 0.822754 0.747270 0.008789 0.021841
0 0.726074 0.810452 0.016602 0.023401
0 0.724121 0.843994 0.020508 0.024961
0 0.736816 0.894696 0.022461 0.045242
0 0.757812 0.843214 0.021484 0.039002
0 0.826660 0.870515 0.010742 0.028081
0 0.903809 0.794852 0.006836 0.020281
0 0.973633 0.864275 0.007812 0.021841
0 0.882324 0.921217 0.014648 0.032761
0 0.906250 0.924337 0.011719 0.029641
0 0.850586 0.978159 0.023438 0.034321
0 0.894531 0.973479 0.017578 0.034321
0 0.908691 0.961778 0.010742 0.026521
0 0.965820 0.953198 0.007812 0.021841
0 0.996582 0.986739 0.004883 0.014041
0 0.680664 0.905616 0.015625 0.029641
