0 0.221191 0.383952 0.008789 0.014589
0 0.267090 0.372016 0.008789 0.011936
0 0.293945 0.356101 0.009766 0.011936
0 0.312500 0.287798 0.005859 0.010610
0 0.322266 0.379973 0.007812 0.011936
0 0.358887 0.381963 0.008789 0.010610
0 0.373047 0.378647 0.007812 0.011936
0 0.384277 0.419761 0.008789 0.011936
0 0.422363 0.405836 0.006836 0.013263
0 0.421387 0.352785 0.006836 0.010610
0 0.449707 0.373342 0.006836 0.009284
0 0.187012 0.446286 0.030273 0.054377
0 0.282227 0.437666 0.033203 0.039788
0 0.339844 0.424403 0.031250 0.037135
0 0.423340 0.446286 0.030273 0.038462
0 0.254883 0.727454 0.050781 0.067639
0 0.391602 0.647878 0.050781 0.067639
0 0.500977 0.781167 0.058594 0.127321
0 0.608887 0.644562 0.040039 0.061008
0 0.344727 0.659814 0.031250 0.054377
0 0.773926 0.737401 0.086914 0.127321
0 0.726562 0.576260 0.044922 0.067639
0 0.766602 0.537135 0.017578 0.026525
0 0.781738 0.531830 0.012695 0.029178
0 0.856445 0.649867 0.029297 0.050398
0 0.966797 0.665119 0.058594 0.054377
0 0.875488 0.670424 0.034180 0.057029
0 0.814941 0.540451 0.016602 0.025199
0 0.822266 0.517241 0.015625 0.026525
0 0.892578 0.588859 0.015625 0.021220
0 0.907227 0.592838 0.009766 0.015915
0 0.915527 0.572944 0.014648 0.015915
0 0.939941 0.581565 0.018555 0.017241
0 0.981934 0.599469 0.018555 0.021220
0 0.963379 0.596154 0.012695 0.017241
0 0.660156 0.497347 0.021484 0.026525
0 0.687988 0.496021 0.018555 0.037135
0 0.622070 0.471485 0.017578 0.033156
0 0.604004 0.438992 0.026367 0.031830
0 0.523926 0.498011 0.020508 0.041114
0 0.510254 0.421088 0.028320 0.035809
0 0.433594 0.420424 0.007812 0.010610
0 0.070801 0.472812 0.020508 0.027851
0 0.124512 0.498011 0.020508 0.033156
0 0.025391 0.486074 0.033203 0.046419
0 0.997070 0.572944 0.005859 0.010610
0 0.830566 0.530504 0.006836 0.010610
0 0.415039 0.363395 0.005859 0.010610
0 0.419922 0.397215 0.005859 0.006631
0 0.280273 0.387931 0.005859 0.009284
