0 0.692871 0.606934 0.006836 0.008789
0 0.623535 0.815918 0.010742 0.014648
0 0.644043 0.611816 0.004883 0.010742
0 0.693848 0.667480 0.006836 0.012695
0 0.562012 0.591309 0.004883 0.006836
0 0.652832 0.718262 0.004883 0.010742
0 0.197754 0.608887 0.004883 0.006836
0 0.208984 0.607422 0.003906 0.007812
0 0.187988 0.594238 0.004883 0.008789
0 0.151855 0.658203 0.006836 0.011719
0 0.201172 0.625977 0.005859 0.009766
0 0.245117 0.642090 0.005859 0.010742
0 0.300293 0.621582 0.004883 0.006836
0 0.315430 0.639160 0.003906 0.010742
0 0.308105 0.619629 0.006836 0.008789
0 0.335449 0.694824 0.006836 0.008789
0 0.454590 0.989746 0.016602 0.018555
0 0.192383 0.974121 0.011719 0.022461
0 0.151855 0.671875 0.006836 0.007812
0 0.175293 0.688965 0.006836 0.008789
0 0.198730 0.702148 0.006836 0.009766
0 0.224121 0.716309 0.008789 0.008789
0 0.230957 0.700195 0.006836 0.007812
0 0.284180 0.725098 0.005859 0.008789
0 0.291016 0.700684 0.007812 0.010742
0 0.281738 0.698242 0.006836 0.011719
0 0.273438 0.673828 0.005859 0.009766
0 0.265625 0.673340 0.005859 0.008789
0 0.253418 0.718262 0.006836 0.008789
0 0.224609 0.676270 0.005859 0.008789
0 0.207031 0.664062 0.007812 0.007812
0 0.247070 0.659668 0.005859 0.008789
0 0.275391 0.649414 0.005859 0.007812
0 0.259277 0.635254 0.006836 0.006836
0 0.277832 0.629883 0.004883 0.007812
0 0.289062 0.618164 0.007812 0.011719
0 0.237793 0.628906 0.004883 0.005859
0 0.269043 0.613770 0.006836 0.012695
0 0.258789 0.597656 0.005859 0.007812
0 0.285645 0.578125 0.004883 0.007812
0 0.224121 0.626953 0.004883 0.007812
0 0.211914 0.632812 0.005859 0.005859
0 0.210449 0.642578 0.004883 0.007812
0 0.243652 0.608887 0.006836 0.008789
0 0.221191 0.618652 0.010742 0.006836
0 0.227051 0.613770 0.006836 0.006836
0 0.164551 0.669434 0.008789 0.008789
0 0.156738 0.653320 0.004883 0.007812
0 0.158203 0.638672 0.003906 0.007812
0 0.182129 0.629883 0.004883 0.007812
0 0.186523 0.625000 0.005859 0.009766
0 0.188477 0.604980 0.005859 0.008789
0 0.174316 0.608887 0.006836 0.006836
0 0.158691 0.617676 0.004883 0.008789
0 0.151367 0.601562 0.003906 0.007812
0 0.144531 0.636230 0.005859 0.008789
0 0.145020 0.618164 0.004883 0.009766
0 0.163574 0.598145 0.004883 0.008789
0 0.312988 0.658203 0.006836 0.007812
0 0.331055 0.671875 0.005859 0.007812
0 0.359863 0.680664 0.004883 0.009766
0 0.384766 0.674316 0.005859 0.010742
0 0.380859 0.659668 0.005859 0.008789
0 0.348145 0.647949 0.002930 0.006836
0 0.293457 0.648438 0.006836 0.007812
0 0.301270 0.639648 0.006836 0.009766
0 0.299316 0.611816 0.004883 0.008789
0 0.365234 0.608887 0.003906 0.006836
0 0.378418 0.605957 0.006836 0.008789
0 0.373047 0.617676 0.003906 0.006836
0 0.376953 0.632812 0.003906 0.007812
0 0.428711 0.708008 0.007812 0.009766
0 0.449707 0.724609 0.006836 0.011719
0 0.440918 0.764648 0.008789 0.009766
0 0.387695 0.759766 0.009766 0.011719
0 0.399414 0.721680 0.007812 0.011719
0 0.344238 0.747070 0.010742 0.013672
0 0.324219 0.738770 0.007812 0.012695
0 0.338867 0.717285 0.007812 0.010742
0 0.368164 0.703125 0.005859 0.011719
0 0.291992 0.841309 0.007812 0.014648
0 0.428223 0.680176 0.006836 0.008789
0 0.421387 0.657227 0.006836 0.007812
0 0.413574 0.645508 0.006836 0.007812
0 0.409668 0.637695 0.004883 0.007812
0 0.395508 0.632324 0.007812 0.008789
0 0.403320 0.632812 0.003906 0.005859
0 0.353027 0.633301 0.004883 0.006836
0 0.382324 0.651367 0.004883 0.007812
0 0.557129 0.652344 0.004883 0.009766
0 0.538574 0.647461 0.006836 0.005859
0 0.528809 0.647461 0.004883 0.005859
0 0.514160 0.636719 0.006836 0.009766
0 0.491211 0.629395 0.005859 0.006836
0 0.479492 0.644043 0.007812 0.008789
0 0.508789 0.657715 0.007812 0.008789
0 0.521973 0.663086 0.006836 0.009766
0 0.493652 0.661621 0.006836 0.006836
0 0.451172 0.633301 0.005859 0.006836
0 0.466797 0.641113 0.003906 0.006836
0 0.441406 0.651367 0.003906 0.007812
0 0.489258 0.693848 0.007812 0.010742
0 0.508301 0.700684 0.006836 0.006836
0 0.540527 0.715332 0.008789 0.012695
0 0.498535 0.734375 0.006836 0.013672
0 0.523438 0.760254 0.009766 0.012695
0 0.540527 0.700684 0.006836 0.010742
0 0.561523 0.684082 0.007812 0.012695
0 0.572754 0.704590 0.006836 0.012695
0 0.531738 0.619629 0.004883 0.008789
0 0.547852 0.629883 0.003906 0.007812
0 0.446289 0.665039 0.005859 0.007812
0 0.469238 0.656250 0.008789 0.009766
0 0.518066 0.608887 0.004883 0.006836
0 0.509766 0.627441 0.005859 0.006836
0 0.453125 0.621582 0.003906 0.006836
0 0.470703 0.623047 0.003906 0.005859
0 0.438965 0.618164 0.004883 0.009766
0 0.458008 0.674805 0.005859 0.007812
0 0.579590 0.722656 0.008789 0.011719
0 0.615234 0.687012 0.007812 0.010742
0 0.610352 0.667969 0.005859 0.009766
0 0.490234 0.784668 0.009766 0.012695
0 0.540039 0.799316 0.011719 0.014648
0 0.587891 0.804688 0.011719 0.013672
0 0.578613 0.771484 0.008789 0.015625
0 0.485840 0.604004 0.004883 0.006836
0 0.454590 0.596191 0.004883 0.006836
0 0.435547 0.585938 0.003906 0.005859
0 0.549316 0.578125 0.004883 0.007812
0 0.568359 0.603027 0.005859 0.010742
0 0.551270 0.603516 0.006836 0.007812
0 0.590820 0.602539 0.005859 0.009766
0 0.577637 0.593262 0.004883 0.008789
0 0.601562 0.638672 0.003906 0.005859
0 0.614258 0.636230 0.005859 0.006836
0 0.648438 0.627930 0.005859 0.007812
0 0.618164 0.655762 0.003906 0.006836
0 0.632812 0.675293 0.007812 0.008789
0 0.649414 0.645508 0.005859 0.009766
0 0.663574 0.649902 0.006836 0.008789
0 0.674316 0.654297 0.004883 0.009766
0 0.700195 0.621094 0.003906 0.007812
0 0.651367 0.677246 0.005859 0.010742
0 0.680176 0.637695 0.006836 0.009766
0 0.635742 0.621094 0.007812 0.009766
0 0.711426 0.635742 0.004883 0.011719
0 0.680664 0.660156 0.007812 0.009766
0 0.621582 0.620117 0.002930 0.005859
0 0.685059 0.618164 0.006836 0.009766
0 0.701172 0.656738 0.005859 0.006836
0 0.746094 0.666992 0.007812 0.009766
0 0.770020 0.663086 0.004883 0.007812
0 0.800293 0.644043 0.004883 0.006836
0 0.647949 0.599121 0.006836 0.008789
0 0.587402 0.617188 0.006836 0.007812
0 0.623047 0.706543 0.007812 0.012695
0 0.646973 0.705566 0.008789 0.012695
0 0.629395 0.645508 0.008789 0.009766
0 0.776367 0.648438 0.007812 0.011719
0 0.835449 0.659668 0.006836 0.010742
0 0.686035 0.707520 0.006836 0.008789
0 0.671875 0.737793 0.009766 0.012695
0 0.712891 0.721680 0.007812 0.013672
0 0.770508 0.756348 0.011719 0.014648
0 0.810547 0.709961 0.009766 0.011719
0 0.821777 0.783691 0.012695 0.016602
0 0.849121 0.762695 0.008789 0.013672
0 0.746582 0.798828 0.008789 0.013672
0 0.652344 0.797852 0.015625 0.013672
0 0.671875 0.755859 0.011719 0.013672
0 0.725586 0.764160 0.009766 0.014648
0 0.816895 0.834473 0.016602 0.016602
0 0.853516 0.669922 0.003906 0.005859
0 0.838379 0.682129 0.004883 0.006836
0 0.847168 0.694336 0.008789 0.007812
0 0.639648 0.728027 0.009766 0.014648
0 0.629395 0.769531 0.008789 0.011719
0 0.626465 0.787598 0.008789 0.008789
0 0.649414 0.840820 0.013672 0.013672
0 0.716797 0.859863 0.015625 0.014648
0 0.809570 0.891113 0.015625 0.018555
0 0.588867 0.989258 0.021484 0.021484
0 0.311035 0.586426 0.020508 0.041992
0 0.747559 0.619141 0.006836 0.009766
0 0.746094 0.599609 0.003906 0.005859
0 0.606445 0.606445 0.003906 0.005859
0 0.622559 0.612305 0.004883 0.007812
0 0.603516 0.619141 0.005859 0.007812
