0 0.041016 0.885586 0.005859 0.016216
0 0.107910 0.745045 0.006836 0.016216
0 0.168945 0.895495 0.007812 0.014414
0 0.172363 0.806306 0.006836 0.012613
0 0.141113 0.782883 0.008789 0.016216
0 0.183105 0.736036 0.004883 0.012613
0 0.163086 0.700000 0.005859 0.012613
0 0.079102 0.690090 0.007812 0.014414
0 0.232910 0.877477 0.004883 0.014414
0 0.276367 0.791892 0.005859 0.016216
0 0.167969 0.736036 0.003906 0.012613
0 0.325195 0.690991 0.005859 0.012613
0 0.460938 0.886486 0.005859 0.014414
0 0.519043 0.849550 0.004883 0.012613
0 0.585938 0.905405 0.007812 0.012613
0 0.642090 0.987387 0.008789 0.021622
0 0.782227 0.818919 0.005859 0.016216
0 0.705078 0.923423 0.005859 0.016216
0 0.855469 0.876577 0.007812 0.016216
0 0.884766 0.888288 0.005859 0.014414
0 0.589844 0.814414 0.007812 0.014414
0 0.640625 0.942342 0.007812 0.014414
