0 0.764648 0.123512 0.046875 0.077381
0 0.525879 0.400298 0.030273 0.044643
0 0.408691 0.540179 0.016602 0.035714
0 0.351074 0.589286 0.018555 0.029762
0 0.299805 0.674107 0.011719 0.023810
0 0.278809 0.699405 0.014648 0.026786
0 0.253418 0.718006 0.010742 0.022321
0 0.216797 0.751488 0.009766 0.020833
0 0.173340 0.792411 0.008789 0.019345
0 0.046387 0.779018 0.010742 0.022321
0 0.007812 0.780506 0.009766 0.022321
0 0.078613 0.877976 0.004883 0.011905
0 0.179688 0.874256 0.001953 0.004464
0 0.966309 0.767857 0.008789 0.014881
0 0.923828 0.798363 0.005859 0.013393
0 0.895020 0.803571 0.006836 0.011905
0 0.953125 0.792411 0.007812 0.016369
0 0.691895 0.842262 0.004883 0.011905
0 0.704102 0.848214 0.005859 0.014881
0 0.760742 0.831101 0.005859 0.013393
0 0.747070 0.833333 0.005859 0.011905
0 0.619629 0.854911 0.004883 0.010417
0 0.541504 0.848214 0.004883 0.011905
