0 0.104492 0.387097 0.037109 0.067449
0 0.125488 0.373900 0.030273 0.064516
0 0.105957 0.324780 0.034180 0.051320
0 0.109863 0.214809 0.028320 0.051320
0 0.203613 0.302053 0.030273 0.058651
0 0.243164 0.173754 0.021484 0.045455
0 0.300293 0.203079 0.032227 0.068915
0 0.268066 0.400293 0.040039 0.070381
0 0.189941 0.488270 0.057617 0.064516
0 0.140625 0.473607 0.044922 0.079179
0 0.346191 0.467742 0.040039 0.082111
0 0.051270 0.515396 0.045898 0.080645
0 0.029297 0.593109 0.035156 0.083578
0 0.131836 0.622434 0.031250 0.080645
0 0.359863 0.563050 0.059570 0.085044
0 0.469727 0.850440 0.050781 0.193548
0 0.440430 0.857038 0.044922 0.162757
0 0.842285 0.918622 0.049805 0.162757
0 0.445801 0.675953 0.045898 0.085044
0 0.845215 0.634897 0.032227 0.076246
0 0.732422 0.582845 0.046875 0.083578
0 0.739258 0.515396 0.044922 0.092375
0 0.725586 0.495601 0.044922 0.082111
0 0.648926 0.565249 0.045898 0.095308
0 0.824707 0.560117 0.043945 0.064516
0 0.821289 0.496334 0.044922 0.089443
0 0.932129 0.488270 0.040039 0.079179
0 0.871094 0.485337 0.033203 0.082111
0 0.683105 0.452346 0.038086 0.074780
0 0.648926 0.441349 0.038086 0.087977
0 0.610352 0.428152 0.041016 0.087977
0 0.720703 0.087977 0.011719 0.026393
0 0.873047 0.203812 0.027344 0.058651
0 0.883789 0.163490 0.029297 0.057185
0 0.909180 0.239736 0.031250 0.051320
0 0.983398 0.291056 0.031250 0.074780
0 0.963379 0.217742 0.022461 0.048387
0 0.939941 0.240469 0.024414 0.038123
0 0.906738 0.359238 0.032227 0.061584
0 0.807129 0.310117 0.038086 0.071848
0 0.732422 0.360704 0.039062 0.061584
0 0.749023 0.244868 0.025391 0.055718
0 0.732910 0.283724 0.032227 0.065982
0 0.703613 0.225806 0.032227 0.061584
0 0.858887 0.445748 0.043945 0.076246
0 0.749512 0.459677 0.047852 0.077713
0 0.422852 0.135630 0.015625 0.048387
0 0.452148 0.222874 0.031250 0.058651
0 0.491699 0.293255 0.036133 0.058651
0 0.523926 0.262463 0.030273 0.058651
0 0.573242 0.230938 0.027344 0.054252
0 0.620117 0.250733 0.031250 0.052786
0 0.430176 0.587977 0.045898 0.079179
0 0.443848 0.568915 0.040039 0.076246
0 0.506836 0.527126 0.048828 0.083578
0 0.480957 0.432551 0.043945 0.076246
0 0.492676 0.392229 0.030273 0.060117
