0 0.258301 0.554094 0.026367 0.046784
0 0.268066 0.475146 0.014648 0.029240
0 0.286133 0.458333 0.009766 0.021930
0 0.179688 0.505848 0.019531 0.040936
0 0.233887 0.486111 0.012695 0.019006
0 0.016113 0.480263 0.018555 0.021930
0 0.162109 0.552632 0.009766 0.017544
0 0.253906 0.459064 0.011719 0.017544
0 0.109863 0.733918 0.129883 0.172515
0 0.454590 0.880117 0.096680 0.198830
0 0.617676 0.564327 0.030273 0.061404
0 0.538574 0.546784 0.018555 0.043860
0 0.503418 0.565058 0.020508 0.033626
0 0.484863 0.493421 0.010742 0.033626
0 0.491211 0.486111 0.007812 0.021930
0 0.435547 0.513158 0.011719 0.020468
0 0.421875 0.503655 0.015625 0.042398
0 0.396973 0.502924 0.012695 0.026316
0 0.449707 0.475146 0.008789 0.014620
0 0.475098 0.479532 0.004883 0.017544
0 0.368652 0.484649 0.012695 0.021930
0 0.396484 0.464912 0.011719 0.017544
0 0.381836 0.537281 0.023438 0.045322
0 0.675781 0.550439 0.013672 0.033626
0 0.761719 0.530702 0.023438 0.046784
0 0.727051 0.471491 0.012695 0.024854
0 0.731445 0.461257 0.009766 0.019006
0 0.697266 0.486111 0.007812 0.016082
0 0.812988 0.509503 0.010742 0.021930
0 0.706543 0.578216 0.041992 0.068713
0 0.858887 0.486842 0.010742 0.020468
0 0.891113 0.515351 0.016602 0.033626
0 0.905273 0.494152 0.015625 0.029240
0 0.923340 0.520468 0.020508 0.023392
0 0.869141 0.472222 0.009766 0.020468
0 0.881348 0.469298 0.008789 0.017544
0 0.922363 0.471491 0.008789 0.016082
0 0.939941 0.464912 0.006836 0.014620
0 0.891602 0.456871 0.007812 0.013158
0 0.953613 0.574561 0.022461 0.029240
0 0.973633 0.475146 0.005859 0.008772
0 0.543457 0.474415 0.012695 0.021930
0 0.963379 0.959795 0.071289 0.080409
0 0.670898 0.508041 0.017578 0.039474
0 0.841797 0.456140 0.007812 0.017544
0 0.372070 0.445175 0.017578 0.033626
0 0.045410 0.511696 0.016602 0.029240
0 0.041016 0.483187 0.017578 0.021930
0 0.070312 0.551901 0.027344 0.030702
0 0.220215 0.492690 0.010742 0.023392
0 0.935547 0.472222 0.007812 0.014620
0 0.804199 0.530702 0.010742 0.014620
0 0.443848 0.478070 0.006836 0.011696
