0 0.165527 0.300885 0.051758 0.077434
0 0.258301 0.322456 0.041992 0.069690
0 0.340820 0.332412 0.050781 0.080752
0 0.289062 0.309735 0.021484 0.057522
0 0.378906 0.322456 0.037109 0.069690
0 0.419922 0.323562 0.039062 0.058628
0 0.507812 0.285951 0.046875 0.071903
0 0.542480 0.272677 0.022461 0.038717
0 0.616211 0.271571 0.015625 0.021018
0 0.652344 0.269912 0.017578 0.022124
0 0.890625 0.250000 0.015625 0.022124
0 0.834961 0.243363 0.015625 0.024336
0 0.916016 0.310288 0.015625 0.027655
0 0.774902 0.279314 0.014648 0.018805
0 0.739746 0.280420 0.010742 0.018805
0 0.812988 0.189712 0.014648 0.023230
0 0.861328 0.206858 0.015625 0.022124
0 0.879395 0.174779 0.014648 0.024336
0 0.780762 0.147677 0.014648 0.021018
0 0.924316 0.035398 0.016602 0.024336
0 0.885742 0.037058 0.015625 0.018805
0 0.846191 0.121128 0.014648 0.016593
0 0.805176 0.126659 0.012695 0.018805
0 0.824219 0.087389 0.011719 0.015487
0 0.840332 0.053097 0.012695 0.019912
0 0.767090 0.039270 0.012695 0.018805
0 0.729004 0.055310 0.012695 0.019912
0 0.717773 0.044801 0.011719 0.014381
0 0.792480 0.051438 0.012695 0.018805
