0 0.050293 0.685972 0.018555 0.023166
0 0.149414 0.523810 0.029297 0.046332
0 0.218262 0.503218 0.049805 0.072072
0 0.291504 0.478121 0.012695 0.019305
0 0.399902 0.486486 0.018555 0.023166
0 0.341309 0.494208 0.016602 0.028314
0 0.379395 0.470399 0.010742 0.014157
0 0.305664 0.467181 0.007812 0.010296
0 0.321289 0.475547 0.009766 0.016731
0 0.497559 0.583655 0.040039 0.057915
0 0.525879 0.550837 0.018555 0.033462
0 0.583496 0.436293 0.026367 0.036036
0 0.518555 0.428571 0.015625 0.020592
0 0.472168 0.440154 0.018555 0.025740
0 0.433594 0.449163 0.011719 0.018018
0 0.689941 0.418275 0.030273 0.036036
0 0.641602 0.411197 0.015625 0.021879
0 0.725098 0.395753 0.016602 0.027027
0 0.748047 0.404762 0.015625 0.029601
0 0.577148 0.454955 0.011719 0.011583
0 0.798340 0.400901 0.014648 0.021879
0 0.813477 0.399614 0.011719 0.016731
0 0.783203 0.382883 0.011719 0.019305
0 0.844727 0.584299 0.052734 0.072072
0 0.862793 0.396396 0.028320 0.038610
0 0.975098 0.456885 0.038086 0.077220
0 0.988281 0.344273 0.017578 0.032175
0 0.975586 0.325611 0.019531 0.030888
0 0.144043 0.486486 0.024414 0.036036
0 0.412598 0.454955 0.012695 0.019305
