0 0.994629 0.724609 0.010742 0.022135
0 0.979980 0.773438 0.018555 0.023438
0 0.963379 0.826172 0.018555 0.032552
0 0.929688 0.729167 0.015625 0.023438
0 0.922852 0.766927 0.015625 0.023438
0 0.939941 0.787109 0.018555 0.029948
0 0.870117 0.729167 0.013672 0.020833
0 0.873535 0.774089 0.016602 0.027344
0 0.925781 0.824219 0.017578 0.028646
0 0.958496 0.913411 0.016602 0.022135
0 0.760254 0.723307 0.014648 0.027344
0 0.730469 0.740885 0.013672 0.026042
0 0.709473 0.724609 0.014648 0.024740
0 0.791992 0.822266 0.017578 0.032552
0 0.758301 0.809896 0.016602 0.026042
0 0.724609 0.778646 0.015625 0.026042
0 0.687500 0.738932 0.013672 0.024740
0 0.719238 0.833333 0.018555 0.031250
0 0.686523 0.802083 0.013672 0.026042
0 0.650391 0.777995 0.013672 0.022135
0 0.648926 0.801432 0.014648 0.024740
0 0.660645 0.825521 0.016602 0.023438
0 0.657715 0.857422 0.018555 0.035156
0 0.617188 0.716797 0.015625 0.027344
0 0.815918 0.887370 0.020508 0.027344
0 0.851074 0.936849 0.018555 0.035156
0 0.853516 0.986328 0.019531 0.027344
0 0.751465 0.906250 0.018555 0.036458
0 0.764160 0.930339 0.022461 0.037760
0 0.769043 0.979167 0.022461 0.036458
0 0.667480 0.888672 0.020508 0.037760
0 0.687012 0.926432 0.022461 0.035156
0 0.697754 0.974609 0.018555 0.029948
0 0.576172 0.734375 0.015625 0.031250
0 0.560547 0.720052 0.015625 0.023438
0 0.510254 0.725260 0.014648 0.020833
0 0.540039 0.749349 0.013672 0.027344
0 0.534180 0.768229 0.015625 0.028646
0 0.477051 0.729167 0.012695 0.020833
0 0.477051 0.754557 0.014648 0.022135
0 0.410645 0.721354 0.012695 0.020833
0 0.431641 0.757812 0.015625 0.026042
0 0.505859 0.800781 0.015625 0.026042
0 0.577637 0.830729 0.016602 0.028646
0 0.440430 0.813802 0.017578 0.031250
0 0.485352 0.838542 0.019531 0.031250
0 0.611816 0.860677 0.020508 0.031250
0 0.580078 0.900391 0.017578 0.029948
0 0.608398 0.936849 0.019531 0.032552
0 0.619629 0.966146 0.018555 0.028646
0 0.568848 0.938802 0.018555 0.033854
0 0.527832 0.862630 0.018555 0.032552
0 0.512695 0.896484 0.017578 0.027344
0 0.546387 0.980469 0.018555 0.033854
0 0.485352 0.891927 0.015625 0.026042
0 0.490723 0.951823 0.018555 0.028646
0 0.349121 0.722656 0.014648 0.020833
0 0.368164 0.777344 0.017578 0.031250
0 0.389160 0.802083 0.018555 0.026042
0 0.417480 0.843099 0.014648 0.027344
0 0.288086 0.744141 0.013672 0.019531
0 0.319824 0.773438 0.016602 0.028646
0 0.311523 0.810547 0.017578 0.024740
0 0.388184 0.904297 0.020508 0.035156
0 0.414551 0.943359 0.018555 0.029948
0 0.442871 0.902344 0.016602 0.031250
0 0.416016 0.865234 0.017578 0.032552
0 0.338867 0.880208 0.017578 0.026042
0 0.322754 0.947266 0.020508 0.032552
0 0.302246 0.904948 0.016602 0.028646
0 0.262695 0.807943 0.017578 0.027344
0 0.259277 0.876953 0.016602 0.029948
0 0.291016 0.972005 0.023438 0.040365
0 0.208984 0.728516 0.015625 0.019531
0 0.128418 0.722656 0.014648 0.028646
0 0.194824 0.776042 0.014648 0.026042
0 0.207520 0.804688 0.016602 0.028646
0 0.213379 0.881510 0.018555 0.031250
0 0.129883 0.792969 0.015625 0.026042
0 0.140625 0.800781 0.013672 0.020833
0 0.135742 0.845052 0.017578 0.023438
0 0.114258 0.877604 0.019531 0.031250
0 0.118652 0.912760 0.016602 0.033854
0 0.236816 0.951172 0.018555 0.029948
0 0.071777 0.733073 0.016602 0.026042
0 0.055664 0.776693 0.017578 0.029948
0 0.075684 0.811849 0.018555 0.032552
0 0.055664 0.828776 0.019531 0.024740
0 0.071777 0.878906 0.018555 0.031250
0 0.075684 0.915365 0.016602 0.033854
0 0.110352 0.961589 0.019531 0.032552
0 0.072266 0.988932 0.019531 0.022135
0 0.812500 0.863281 0.015625 0.028646
0 0.768066 0.876953 0.014648 0.027344
