0 0.386230 0.108319 0.008789 0.019064
0 0.491699 0.221837 0.008789 0.017331
0 0.543457 0.235702 0.008789 0.017331
0 0.664551 0.305893 0.006836 0.012132
0 0.554199 0.128250 0.006836 0.010399
0 0.599609 0.114385 0.007812 0.017331
0 0.517578 0.134315 0.005859 0.008666
0 0.424316 0.104853 0.008789 0.019064
0 0.463867 0.084055 0.005859 0.012132
0 0.353516 0.123917 0.009766 0.019064
0 0.382324 0.064125 0.008789 0.013865
0 0.412598 0.089255 0.006836 0.012132
0 0.437988 0.068458 0.004883 0.012132
0 0.036621 0.540728 0.016602 0.031196
0 0.126953 0.577123 0.015625 0.041594
0 0.173828 0.557192 0.013672 0.025997
0 0.199219 0.512998 0.013672 0.034662
0 0.241699 0.556326 0.016602 0.045061
0 0.258789 0.503466 0.011719 0.025997
0 0.302734 0.596187 0.017578 0.038128
0 0.346191 0.596187 0.016602 0.041594
0 0.321777 0.515598 0.012695 0.022530
0 0.386719 0.570191 0.017578 0.038128
0 0.412109 0.473137 0.013672 0.013865
0 0.411621 0.552860 0.012695 0.020797
0 0.438477 0.566724 0.015625 0.024263
0 0.483398 0.542461 0.019531 0.038128
0 0.534180 0.509532 0.013672 0.024263
0 0.549805 0.544194 0.021484 0.034662
0 0.573730 0.601386 0.024414 0.051993
0 0.580566 0.488735 0.012695 0.024263
0 0.599609 0.561525 0.013672 0.020797
0 0.641602 0.475737 0.011719 0.025997
0 0.635742 0.545061 0.019531 0.046794
0 0.683594 0.389948 0.005859 0.010399
0 0.709473 0.430676 0.008789 0.012132
0 0.735840 0.471404 0.010742 0.024263
0 0.917480 0.461872 0.010742 0.015598
0 0.966309 0.448007 0.010742 0.019064
0 0.909668 0.540728 0.012695 0.024263
0 0.938477 0.535529 0.019531 0.048527
0 0.948730 0.596187 0.014648 0.038128
0 0.766602 0.507799 0.007812 0.013865
0 0.771973 0.492201 0.006836 0.010399
0 0.994629 0.551127 0.010742 0.048527
0 0.982422 0.510399 0.011719 0.015598
0 0.989746 0.477470 0.008789 0.015598
0 0.050293 0.538995 0.006836 0.013865
0 0.292480 0.551993 0.012695 0.022530
0 0.310547 0.537262 0.015625 0.027730
0 0.504883 0.537262 0.013672 0.020797
0 0.483398 0.483536 0.005859 0.013865
0 0.554199 0.456672 0.010742 0.025997
0 0.659180 0.558059 0.013672 0.034662
0 0.701172 0.517331 0.013672 0.019064
0 0.773926 0.466205 0.006836 0.013865
0 0.790527 0.444541 0.008789 0.015598
0 0.949707 0.488735 0.006836 0.013865
0 0.897949 0.468804 0.006836 0.012132
0 0.882324 0.514731 0.006836 0.013865
0 0.345703 0.060659 0.007812 0.020797
0 0.413086 0.147314 0.007812 0.017331
0 0.456543 0.148180 0.006836 0.012132
0 0.494629 0.192374 0.008789 0.013865
0 0.546875 0.210572 0.007812 0.012132
0 0.561523 0.151646 0.009766 0.015598
0 0.655762 0.292894 0.006836 0.024263
0 0.615723 0.150780 0.006836 0.017331
0 0.734375 0.514731 0.011719 0.027730
0 0.743164 0.526863 0.009766 0.031196
