0 0.881836 0.584525 0.023438 0.020806
0 0.937012 0.571521 0.018555 0.013004
0 0.914062 0.630039 0.023438 0.022107
0 0.890137 0.644668 0.022461 0.021456
0 0.810059 0.638166 0.028320 0.017555
0 0.796875 0.691808 0.015625 0.022107
0 0.704102 0.609233 0.031250 0.026008
0 0.653320 0.630689 0.039062 0.029909
0 0.650879 0.572497 0.016602 0.018856
0 0.847656 0.587451 0.021484 0.020156
0 0.791992 0.530234 0.015625 0.018856
0 0.849121 0.530234 0.016602 0.014954
0 0.905762 0.560143 0.012695 0.018856
0 0.953613 0.531209 0.014648 0.014304
0 0.961914 0.515280 0.015625 0.012354
0 0.959473 0.502926 0.012695 0.011053
0 0.874512 0.499025 0.012695 0.009753
0 0.803223 0.504226 0.018555 0.012354
0 0.837402 0.488947 0.014648 0.013004
0 0.726074 0.539987 0.014648 0.018856
0 0.655762 0.541287 0.024414 0.021456
0 0.645996 0.508453 0.018555 0.019506
0 0.696289 0.514629 0.021484 0.018856
0 0.684082 0.486996 0.018555 0.015605
0 0.636719 0.482770 0.019531 0.016255
0 0.724121 0.487971 0.012695 0.013654
0 0.549316 0.567295 0.016602 0.025358
0 0.465820 0.581925 0.031250 0.026008
0 0.364746 0.578674 0.028320 0.029909
0 0.291016 0.598505 0.042969 0.038362
0 0.437012 0.532185 0.022461 0.024057
0 0.488281 0.526983 0.023438 0.022757
0 0.581543 0.521782 0.010742 0.017555
0 0.591797 0.493173 0.015625 0.018856
0 0.527832 0.503251 0.018555 0.019506
0 0.464844 0.495124 0.013672 0.014954
0 0.413574 0.492523 0.018555 0.018856
0 0.335449 0.461638 0.016602 0.016905
0 0.193359 0.468466 0.017578 0.020156
0 0.246582 0.500000 0.020508 0.020806
0 0.447266 0.454811 0.015625 0.012354
0 0.507812 0.461313 0.013672 0.016255
0 0.593262 0.474967 0.018555 0.014954
0 0.610840 0.457087 0.018555 0.016905
0 0.696289 0.456437 0.015625 0.013004
0 0.648926 0.453836 0.010742 0.014304
0 0.123535 0.584525 0.040039 0.032510
0 0.179688 0.587451 0.037109 0.033160
0 0.037598 0.526008 0.028320 0.026008
0 0.163574 0.431730 0.022461 0.020806
0 0.355957 0.442133 0.016602 0.015605
0 0.909668 0.454811 0.018555 0.014954
0 0.831055 0.465215 0.015625 0.012354
0 0.786621 0.457087 0.010742 0.011704
0 0.750000 0.422627 0.019531 0.018205
0 0.670898 0.423602 0.013672 0.012354
0 0.612305 0.434005 0.015625 0.012354
0 0.630859 0.421651 0.011719 0.011053
0 0.607422 0.420026 0.013672 0.011704
0 0.639160 0.373537 0.012695 0.012354
0 0.669922 0.347204 0.011719 0.011704
0 0.720703 0.390442 0.013672 0.012354
0 0.742188 0.377438 0.007812 0.008453
0 0.771484 0.375163 0.009766 0.007802
0 0.844727 0.395644 0.011719 0.008453
0 0.857422 0.403771 0.007812 0.007802
0 0.894043 0.410598 0.012695 0.009753
0 0.903809 0.405722 0.008789 0.011704
0 0.954102 0.434655 0.011719 0.008453
0 0.944336 0.420026 0.011719 0.010403
0 0.972168 0.434005 0.006836 0.005852
0 0.564941 0.423602 0.014648 0.012354
0 0.554688 0.445384 0.015625 0.014304
0 0.529785 0.411573 0.012695 0.013004
0 0.398926 0.398895 0.018555 0.013654
0 0.366211 0.397269 0.015625 0.010403
0 0.339844 0.416125 0.015625 0.015605
0 0.309082 0.384915 0.018555 0.013004
0 0.310059 0.332575 0.012695 0.014954
0 0.329102 0.341678 0.011719 0.011053
0 0.484375 0.364109 0.015625 0.013004
0 0.534668 0.352406 0.014648 0.013004
0 0.568848 0.367360 0.012695 0.010403
0 0.587891 0.364434 0.011719 0.011053
0 0.494629 0.336151 0.014648 0.011704
0 0.427734 0.314369 0.015625 0.012354
0 0.406738 0.333875 0.014648 0.014954
0 0.443359 0.434330 0.017578 0.010403
0 0.258789 0.391743 0.013672 0.011053
0 0.265137 0.416125 0.014648 0.013004
0 0.245605 0.426853 0.018555 0.016255
0 0.173828 0.389792 0.017578 0.016255
0 0.104980 0.385566 0.018555 0.018205
0 0.150391 0.359233 0.017578 0.016255
0 0.065430 0.310468 0.023438 0.018856
0 0.065430 0.310468 0.023438 0.018856
0 0.195312 0.318921 0.017578 0.013654
0 0.218262 0.321847 0.012695 0.013004
0 0.259766 0.331599 0.013672 0.013004
0 0.266113 0.338101 0.012695 0.009103
0 0.083496 0.715865 0.055664 0.044213
0 0.212891 0.406372 0.017578 0.015605
0 0.127930 0.378739 0.017578 0.016255
0 0.575684 0.664824 0.022461 0.027958
0 0.781738 0.504226 0.014648 0.016255
