0 0.801758 0.397293 0.017578 0.030255
0 0.905273 0.394904 0.017578 0.028662
0 0.965332 0.312102 0.014648 0.028662
0 0.820801 0.545382 0.014648 0.023885
0 0.751953 0.089968 0.013672 0.020701
0 0.836914 0.030255 0.013672 0.022293
0 0.664551 0.125000 0.014648 0.023885
0 0.606445 0.153662 0.013672 0.023885
0 0.573730 0.128185 0.014648 0.023885
0 0.608398 0.050159 0.013672 0.030255
0 0.571289 0.013535 0.011719 0.023885
0 0.715332 0.213376 0.012695 0.028662
0 0.763184 0.222930 0.016602 0.025478
0 0.780762 0.495223 0.014648 0.028662
0 0.968262 0.514331 0.014648 0.031847
0 0.853027 0.762739 0.020508 0.038217
0 0.275879 0.467357 0.014648 0.036624
0 0.134277 0.788217 0.020508 0.038217
0 0.125000 0.076433 0.019531 0.038217
0 0.031250 0.150478 0.017578 0.036624
0 0.005859 0.277070 0.011719 0.044586
0 0.911621 0.664013 0.016602 0.031847
