0 0.920410 0.453776 0.010742 0.022135
0 0.993652 0.442057 0.012695 0.019531
0 0.978027 0.432292 0.012695 0.018229
0 0.909668 0.434896 0.012695 0.020833
0 0.872070 0.453776 0.013672 0.022135
0 0.761230 0.460938 0.012695 0.020833
0 0.729980 0.450521 0.012695 0.018229
0 0.732422 0.440755 0.011719 0.019531
0 0.673828 0.442708 0.005859 0.023438
0 0.617676 0.449219 0.008789 0.013021
0 0.607422 0.457031 0.009766 0.013021
0 0.522461 0.434245 0.015625 0.024740
0 0.539062 0.444661 0.009766 0.016927
0 0.558594 0.440104 0.007812 0.013021
0 0.458984 0.435547 0.017578 0.027344
0 0.433594 0.430339 0.009766 0.016927
0 0.398926 0.447917 0.016602 0.023438
0 0.342285 0.441406 0.012695 0.020833
0 0.335449 0.453125 0.008789 0.023438
0 0.262695 0.423828 0.009766 0.024740
0 0.266113 0.434896 0.010742 0.015625
0 0.187988 0.453125 0.012695 0.018229
0 0.197266 0.447917 0.005859 0.007812
0 0.172852 0.433594 0.003906 0.005208
0 0.151855 0.459635 0.004883 0.018229
0 0.120117 0.438802 0.013672 0.023438
0 0.056641 0.437500 0.015625 0.020833
0 0.031250 0.459635 0.007812 0.013021
