0 0.139648 0.366422 0.023438 0.039216
0 0.186523 0.355392 0.037109 0.066176
0 0.229980 0.328431 0.026367 0.036765
0 0.253906 0.370711 0.027344 0.040441
0 0.322266 0.321078 0.021484 0.036765
0 0.369629 0.395221 0.041992 0.064951
0 0.386230 0.328431 0.030273 0.029412
0 0.430176 0.345588 0.034180 0.056373
0 0.464844 0.338235 0.011719 0.029412
0 0.454102 0.309436 0.007812 0.011029
0 0.526855 0.390319 0.049805 0.072304
0 0.577637 0.362132 0.043945 0.067402
0 0.538574 0.321691 0.018555 0.018382
0 0.545410 0.299020 0.020508 0.019608
0 0.575684 0.289216 0.036133 0.034314
0 0.625977 0.298407 0.009766 0.015931
0 0.679688 0.392157 0.046875 0.058824
0 0.606934 0.312500 0.008789 0.012255
0 0.694824 0.294118 0.028320 0.044118
0 0.833008 0.322917 0.037109 0.057598
0 0.839844 0.369485 0.025391 0.025735
0 0.897949 0.329657 0.022461 0.029412
0 0.921875 0.344975 0.023438 0.035539
0 0.878906 0.409926 0.052734 0.074755
