0 0.023926 0.403959 0.016602 0.027859
0 0.046875 0.408358 0.011719 0.021994
0 0.116211 0.391496 0.054688 0.082111
0 0.101074 0.460411 0.047852 0.082111
0 0.179199 0.441349 0.018555 0.032258
0 0.190430 0.447947 0.009766 0.016129
0 0.264648 0.445748 0.017578 0.032258
0 0.291016 0.460411 0.015625 0.026393
0 0.354492 0.494135 0.017578 0.029326
0 0.342773 0.480205 0.009766 0.021994
0 0.380859 0.460411 0.007812 0.011730
0 0.391602 0.464809 0.003906 0.008798
0 0.407227 0.470674 0.007812 0.020528
0 0.444824 0.479472 0.006836 0.011730
0 0.488281 0.486070 0.009766 0.016129
0 0.496094 0.495601 0.011719 0.020528
0 0.515137 0.481672 0.002930 0.007331
0 0.529297 0.492669 0.013672 0.023460
0 0.577148 0.508065 0.005859 0.013196
0 0.528809 0.684018 0.016602 0.036657
0 0.620605 0.490469 0.012695 0.024927
0 0.655273 0.508798 0.007812 0.014663
0 0.692383 0.505132 0.013672 0.024927
0 0.772949 0.527126 0.012695 0.019062
0 0.793457 0.555718 0.016602 0.032258
0 0.800781 0.525660 0.011719 0.021994
0 0.815918 0.653959 0.026367 0.041056
0 0.843262 0.538856 0.008789 0.016129
0 0.863281 0.547654 0.013672 0.019062
0 0.906738 0.558651 0.016602 0.029326
0 0.939941 0.551320 0.018555 0.029326
0 0.982422 0.548387 0.011719 0.017595
