0 0.032227 0.545322 0.019531 0.029240
0 0.017578 0.505117 0.005859 0.013158
0 0.094238 0.506579 0.006836 0.016082
0 0.172363 0.492690 0.026367 0.073099
0 0.200195 0.519006 0.007812 0.014620
0 0.240723 0.493421 0.006836 0.013158
0 0.254883 0.502193 0.003906 0.010234
0 0.268555 0.498538 0.003906 0.008772
0 0.273438 0.546053 0.019531 0.033626
0 0.307617 0.571637 0.017578 0.046784
0 0.361816 0.539474 0.012695 0.026316
0 0.294434 0.498538 0.006836 0.011696
0 0.426758 0.529971 0.017578 0.042398
0 0.479004 0.625000 0.022461 0.054094
0 0.589844 0.633041 0.021484 0.055556
0 0.474609 0.550439 0.011719 0.027778
0 0.658203 0.527778 0.029297 0.064327
0 0.734863 0.389620 0.004883 0.007310
0 0.746582 0.590643 0.020508 0.038012
0 0.802246 0.554825 0.004883 0.010234
0 0.886230 0.548246 0.018555 0.035088
0 0.933105 0.763158 0.024414 0.067251
0 0.976562 0.546053 0.007812 0.019006
0 0.986816 0.540936 0.008789 0.014620
0 0.812500 0.586988 0.007812 0.019006
0 0.760742 0.414474 0.003906 0.007310
0 0.397949 0.956140 0.073242 0.087719
0 0.023926 0.471491 0.004883 0.010234
0 0.027344 0.487573 0.005859 0.013158
0 0.052246 0.472222 0.004883 0.011696
0 0.057617 0.486111 0.005859 0.010234
