0 0.010742 0.590186 0.021484 0.034483
0 0.040039 0.782493 0.033203 0.034483
0 0.141113 0.722149 0.026367 0.041114
0 0.154297 0.655172 0.017578 0.026525
0 0.142090 0.588859 0.020508 0.029178
0 0.226074 0.584881 0.012695 0.018568
0 0.280762 0.521883 0.012695 0.019894
0 0.342773 0.576923 0.013672 0.026525
0 0.365234 0.533156 0.013672 0.018568
0 0.411133 0.525199 0.011719 0.026525
0 0.384766 0.682361 0.015625 0.030504
0 0.353027 0.641910 0.016602 0.037135
0 0.262207 0.807692 0.022461 0.042440
0 0.135742 0.789788 0.029297 0.041114
0 0.018066 0.628647 0.022461 0.034483
0 0.023438 0.520557 0.017578 0.019894
0 0.027344 0.478780 0.013672 0.015915
0 0.836914 0.558355 0.023438 0.037135
0 0.886719 0.572944 0.017578 0.029178
0 0.879883 0.507294 0.021484 0.030504
0 0.962402 0.523873 0.020508 0.031830
0 0.923340 0.468833 0.010742 0.017241
0 0.738281 0.693634 0.027344 0.045093
0 0.605957 0.618037 0.016602 0.029178
0 0.574707 0.431698 0.008789 0.017241
0 0.660645 0.440981 0.008789 0.014589
0 0.437012 0.496021 0.008789 0.015915
0 0.682617 0.399204 0.007812 0.013263
0 0.437500 0.399204 0.007812 0.013263
0 0.400879 0.434350 0.008789 0.011936
0 0.365723 0.431034 0.006836 0.013263
0 0.344727 0.454907 0.007812 0.015915
0 0.352539 0.396552 0.005859 0.010610
0 0.434570 0.421751 0.007812 0.013263
0 0.535645 0.446286 0.008789 0.014589
0 0.868652 0.399867 0.008789 0.014589
0 0.892578 0.406499 0.011719 0.014589
0 0.908691 0.411804 0.006836 0.011936
0 0.875488 0.427719 0.010742 0.014589
0 0.839844 0.400531 0.009766 0.015915
0 0.806152 0.421088 0.008789 0.011936
0 0.890137 0.363395 0.006836 0.010610
0 0.182129 0.476790 0.008789 0.019894
0 0.051270 0.450928 0.010742 0.013263
0 0.115723 0.427719 0.010742 0.011936
0 0.059082 0.334218 0.016602 0.026525
0 0.706055 0.407162 0.007812 0.013263
0 0.735352 0.363395 0.005859 0.010610
0 0.671875 0.418435 0.007812 0.017241
0 0.965820 0.297082 0.003906 0.007958
0 0.977539 0.381300 0.005859 0.011936
0 0.953613 0.387931 0.004883 0.006631
0 0.815918 0.393899 0.004883 0.010610
0 0.778320 0.427719 0.005859 0.009284
0 0.987793 0.350796 0.004883 0.006631
0 0.993652 0.377321 0.004883 0.011936
0 0.990723 0.308355 0.004883 0.006631
0 0.985840 0.305703 0.002930 0.003979
0 0.991211 0.322944 0.005859 0.006631
0 0.992676 0.297745 0.002930 0.003979
0 0.945801 0.311008 0.004883 0.003979
0 0.930176 0.326260 0.004883 0.005305
0 0.922363 0.322281 0.004883 0.007958
0 0.937012 0.297745 0.004883 0.006631
0 0.985352 0.301061 0.003906 0.005305
0 0.980469 0.299735 0.003906 0.005305
0 0.987793 0.279178 0.002930 0.003979
0 0.984863 0.271220 0.002930 0.003979
0 0.980957 0.276525 0.002930 0.003979
0 0.974609 0.284483 0.003906 0.003979
0 0.964355 0.284483 0.002930 0.003979
0 0.970703 0.282493 0.001953 0.002653
0 0.973633 0.277851 0.001953 0.003979
0 0.982422 0.261273 0.001953 0.002653
0 0.974609 0.265252 0.001953 0.002653
0 0.951660 0.285809 0.002930 0.003979
0 0.948730 0.297082 0.004883 0.002653
0 0.946289 0.301724 0.001953 0.003979
0 0.946777 0.284483 0.002930 0.003979
0 0.951660 0.275862 0.002930 0.002653
0 0.936523 0.272546 0.001953 0.003979
0 0.924316 0.280504 0.002930 0.003979
0 0.929199 0.303050 0.002930 0.003979
0 0.926270 0.290451 0.002930 0.005305
0 0.922852 0.289125 0.003906 0.005305
0 0.936523 0.287135 0.003906 0.003979
0 0.940918 0.285146 0.002930 0.002653
0 0.998047 0.262599 0.001953 0.002653
0 0.924316 0.263263 0.002930 0.003979
0 0.929688 0.277188 0.003906 0.005305
0 0.931641 0.274536 0.003906 0.005305
0 0.934082 0.283820 0.002930 0.005305
0 0.936523 0.315650 0.005859 0.007958
0 0.863770 0.298408 0.006836 0.007958
0 0.825195 0.299072 0.003906 0.003979
0 0.835938 0.295756 0.005859 0.007958
0 0.874512 0.285146 0.002930 0.005305
0 0.890137 0.285146 0.002930 0.005305
0 0.880859 0.287798 0.003906 0.005305
0 0.883789 0.284483 0.001953 0.003979
0 0.877441 0.271220 0.002930 0.003979
0 0.879395 0.264589 0.002930 0.003979
0 0.889160 0.263926 0.002930 0.005305
0 0.886719 0.267241 0.001953 0.003979
0 0.918457 0.261936 0.002930 0.003979
0 0.894531 0.263926 0.001953 0.002653
0 0.897461 0.261936 0.001953 0.003979
0 0.900879 0.259947 0.002930 0.002653
0 0.891602 0.271883 0.001953 0.002653
0 0.888672 0.275862 0.001953 0.002653
0 0.858398 0.282493 0.001953 0.002653
0 0.859863 0.297745 0.002930 0.006631
0 0.830078 0.284483 0.003906 0.006631
0 0.832031 0.279178 0.001953 0.003979
0 0.810059 0.300398 0.002930 0.006631
0 0.815918 0.355438 0.006836 0.007958
0 0.821289 0.361406 0.003906 0.006631
0 0.865234 0.271220 0.001953 0.003979
0 0.859375 0.274536 0.001953 0.005305
0 0.854004 0.270557 0.002930 0.005305
0 0.854004 0.263926 0.002930 0.005305
0 0.888184 0.303050 0.002930 0.006631
0 0.892578 0.305703 0.005859 0.009284
0 0.837891 0.341512 0.005859 0.006631
0 0.828613 0.350133 0.004883 0.005305
0 0.927734 0.297745 0.001953 0.001326
0 0.919922 0.281830 0.003906 0.006631
0 0.964355 0.263926 0.002930 0.005305
0 0.972656 0.269894 0.001953 0.003979
0 0.760254 0.365385 0.002930 0.006631
0 0.748047 0.358090 0.005859 0.007958
0 0.712402 0.361406 0.006836 0.009284
0 0.700195 0.380637 0.007812 0.010610
0 0.671875 0.387268 0.003906 0.007958
0 0.675781 0.346154 0.005859 0.007958
0 0.821289 0.282493 0.003906 0.005305
0 0.786133 0.286472 0.001953 0.005305
0 0.769043 0.295756 0.002930 0.005305
0 0.792480 0.338196 0.002930 0.005305
0 0.773438 0.278515 0.001953 0.005305
0 0.804199 0.271220 0.002930 0.003979
0 0.807617 0.261936 0.005859 0.009284
0 0.837402 0.269894 0.002930 0.003979
0 0.843750 0.267241 0.001953 0.003979
0 0.848633 0.265252 0.003906 0.005305
0 0.840820 0.285146 0.003906 0.005305
0 0.836426 0.285146 0.002930 0.010610
0 0.817871 0.295756 0.004883 0.007958
0 0.812012 0.278515 0.002930 0.005305
0 0.811035 0.283156 0.002930 0.006631
0 0.807129 0.277188 0.002930 0.005305
0 0.762695 0.308355 0.003906 0.003979
0 0.775879 0.294430 0.002930 0.005305
0 0.780273 0.286472 0.003906 0.005305
0 0.785156 0.270557 0.003906 0.005305
0 0.783203 0.267241 0.001953 0.003979
0 0.797852 0.262599 0.003906 0.007958
0 0.796875 0.278515 0.001953 0.002653
0 0.740723 0.297745 0.002930 0.006631
0 0.751953 0.299735 0.003906 0.005305
0 0.733398 0.307692 0.003906 0.007958
0 0.735840 0.313660 0.004883 0.006631
0 0.741211 0.322944 0.005859 0.003979
0 0.733887 0.330902 0.002930 0.006631
0 0.733887 0.350133 0.006836 0.010610
0 0.726562 0.340849 0.003906 0.005305
0 0.727051 0.326923 0.002930 0.003979
0 0.719727 0.326260 0.003906 0.005305
0 0.720215 0.314324 0.006836 0.010610
0 0.723633 0.303714 0.003906 0.005305
0 0.757812 0.289788 0.001953 0.003979
0 0.750488 0.295756 0.002930 0.005305
0 0.738770 0.291777 0.002930 0.005305
0 0.740723 0.283820 0.002930 0.005305
0 0.731934 0.298408 0.002930 0.005305
0 0.736816 0.279178 0.002930 0.003979
0 0.729492 0.282493 0.001953 0.005305
0 0.725586 0.286472 0.001953 0.005305
0 0.727051 0.293767 0.002930 0.003979
0 0.731934 0.283820 0.002930 0.005305
0 0.731445 0.275862 0.001953 0.005305
0 0.728027 0.278515 0.002930 0.005305
0 0.741699 0.271883 0.002930 0.002653
0 0.754883 0.273210 0.003906 0.005305
0 0.755371 0.281167 0.002930 0.005305
0 0.764160 0.269231 0.002930 0.005305
0 0.788574 0.266578 0.002930 0.002653
0 0.785645 0.261936 0.002930 0.003979
0 0.793457 0.271883 0.002930 0.005305
0 0.774902 0.283156 0.002930 0.006631
0 0.770020 0.285146 0.002930 0.005305
0 0.763184 0.284483 0.002930 0.003979
0 0.762695 0.290451 0.001953 0.005305
0 0.771484 0.325597 0.003906 0.006631
0 0.776367 0.324271 0.003906 0.003979
0 0.742188 0.335544 0.003906 0.005305
0 0.755859 0.315650 0.005859 0.005305
0 0.818359 0.251989 0.001953 0.002653
0 0.835449 0.259284 0.002930 0.003979
0 0.817383 0.261936 0.003906 0.003979
0 0.768555 0.252653 0.003906 0.006631
0 0.795898 0.228780 0.005859 0.006631
0 0.763672 0.234085 0.003906 0.006631
0 0.761719 0.245358 0.003906 0.005305
0 0.734375 0.410477 0.003906 0.009284
0 0.758789 0.395225 0.005859 0.010610
0 0.626953 0.412467 0.007812 0.007958
0 0.657227 0.397215 0.003906 0.006631
0 0.715820 0.347480 0.003906 0.005305
0 0.694824 0.354111 0.004883 0.007958
0 0.711426 0.334218 0.002930 0.005305
0 0.694824 0.336207 0.002930 0.003979
0 0.706543 0.322281 0.002930 0.002653
0 0.712402 0.321618 0.002930 0.003979
0 0.693359 0.312997 0.001953 0.002653
0 0.694336 0.312997 0.001953 0.002653
0 0.691406 0.308355 0.003906 0.003979
0 0.698242 0.307692 0.003906 0.005305
0 0.696777 0.316313 0.002930 0.003979
0 0.698730 0.299735 0.004883 0.005305
0 0.711914 0.307029 0.001953 0.003979
0 0.677734 0.332228 0.003906 0.006631
0 0.679688 0.320292 0.001953 0.003979
0 0.672363 0.322281 0.002930 0.005305
0 0.676270 0.318966 0.002930 0.003979
0 0.678711 0.301061 0.001953 0.002653
0 0.631836 0.352122 0.003906 0.003979
0 0.637695 0.364058 0.003906 0.003979
0 0.669922 0.364721 0.003906 0.005305
0 0.653809 0.305703 0.002930 0.003979
0 0.631836 0.336207 0.003906 0.006631
0 0.634277 0.333554 0.002930 0.006631
0 0.646484 0.320292 0.001953 0.003979
0 0.668457 0.324271 0.002930 0.003979
0 0.672363 0.299072 0.002930 0.003979
0 0.700195 0.281830 0.001953 0.003979
0 0.702637 0.267905 0.002930 0.005305
0 0.666504 0.281167 0.004883 0.005305
0 0.671387 0.289125 0.002930 0.005305
0 0.660156 0.310345 0.003906 0.005305
0 0.626953 0.315650 0.001953 0.005305
0 0.621094 0.320955 0.003906 0.007958
0 0.625000 0.333554 0.005859 0.006631
0 0.599121 0.344828 0.004883 0.007958
0 0.603027 0.332891 0.002930 0.005305
0 0.622070 0.347480 0.003906 0.005305
0 0.606445 0.326260 0.003906 0.005305
0 0.598633 0.310345 0.001953 0.005305
0 0.598145 0.322281 0.002930 0.007958
0 0.611328 0.303714 0.003906 0.005305
0 0.562012 0.330239 0.002930 0.002653
0 0.556152 0.333554 0.002930 0.003979
0 0.583008 0.314987 0.001953 0.003979
0 0.590332 0.309682 0.002930 0.003979
0 0.662109 0.294430 0.001953 0.002653
0 0.684570 0.292440 0.001953 0.003979
0 0.697754 0.271220 0.002930 0.003979
0 0.640137 0.279178 0.002930 0.003979
0 0.640137 0.338859 0.002930 0.003979
0 0.518066 0.340186 0.002930 0.003979
0 0.539551 0.320292 0.002930 0.003979
0 0.541504 0.318302 0.002930 0.005305
0 0.527344 0.334881 0.005859 0.006631
0 0.495605 0.352785 0.004883 0.007958
0 0.453613 0.345491 0.002930 0.003979
0 0.433594 0.326260 0.003906 0.005305
0 0.451660 0.330902 0.002930 0.003979
0 0.489258 0.320292 0.003906 0.006631
0 0.468750 0.311008 0.003906 0.006631
0 0.480469 0.314987 0.001953 0.003979
0 0.469238 0.330239 0.004883 0.005305
0 0.420410 0.364058 0.004883 0.006631
0 0.386230 0.326923 0.004883 0.003979
0 0.458984 0.331565 0.003906 0.007958
0 0.537598 0.301061 0.004883 0.007958
0 0.545410 0.299072 0.002930 0.006631
0 0.567383 0.293767 0.003906 0.006631
0 0.569824 0.303714 0.002930 0.005305
0 0.567383 0.326260 0.001953 0.005305
0 0.518555 0.316976 0.003906 0.005305
0 0.495605 0.323607 0.002930 0.005305
0 0.557129 0.301724 0.002930 0.006631
0 0.585938 0.303714 0.003906 0.005305
0 0.593262 0.294430 0.004883 0.007958
0 0.542480 0.292440 0.002930 0.003979
0 0.523926 0.279841 0.004883 0.010610
0 0.524414 0.261273 0.005859 0.007958
0 0.509277 0.274536 0.004883 0.007958
0 0.532715 0.269231 0.004883 0.007958
0 0.560547 0.283820 0.007812 0.015915
0 0.521484 0.309019 0.003906 0.005305
0 0.526855 0.305703 0.002930 0.003979
0 0.526855 0.323607 0.004883 0.005305
0 0.550293 0.324934 0.002930 0.005305
0 0.574707 0.327586 0.002930 0.005305
0 0.588379 0.365385 0.004883 0.006631
0 0.580566 0.300398 0.002930 0.006631
0 0.567871 0.312334 0.002930 0.003979
0 0.548340 0.316313 0.002930 0.006631
0 0.549805 0.309019 0.001953 0.005305
0 0.563965 0.316976 0.004883 0.005305
0 0.559570 0.319629 0.003906 0.005305
0 0.248535 0.490716 0.010742 0.015915
0 0.259277 0.451592 0.006836 0.014589
0 0.273926 0.437003 0.006836 0.011936
0 0.252930 0.420424 0.005859 0.010610
0 0.228027 0.454244 0.004883 0.009284
0 0.211426 0.417109 0.006836 0.006631
0 0.185059 0.432361 0.006836 0.010610
0 0.162109 0.427719 0.007812 0.011936
0 0.095215 0.444960 0.008789 0.011936
0 0.154297 0.369363 0.003906 0.006631
0 0.182617 0.407162 0.003906 0.005305
0 0.306641 0.350796 0.003906 0.006631
0 0.287109 0.393899 0.005859 0.007958
0 0.279297 0.395225 0.003906 0.010610
0 0.314941 0.382626 0.004883 0.009284
0 0.411133 0.408488 0.005859 0.007958
0 0.066895 0.647215 0.016602 0.023873
0 0.513184 0.440981 0.008789 0.011936
0 0.480469 0.387931 0.005859 0.009284
0 0.437988 0.379973 0.004883 0.006631
0 0.394043 0.368037 0.004883 0.006631
0 0.283691 0.377321 0.004883 0.006631
0 0.418457 0.398541 0.004883 0.006631
0 0.411621 0.383289 0.004883 0.005305
0 0.380859 0.396552 0.003906 0.007958
0 0.363281 0.364721 0.003906 0.005305
0 0.375488 0.373342 0.004883 0.006631
0 0.367188 0.372679 0.003906 0.005305
0 0.329590 0.377984 0.004883 0.013263
0 0.332031 0.369363 0.005859 0.009284
0 0.320312 0.348143 0.003906 0.006631
0 0.340820 0.348806 0.003906 0.005305
0 0.356445 0.351459 0.003906 0.005305
0 0.367188 0.355438 0.003906 0.005305
0 0.363281 0.347480 0.003906 0.005305
0 0.372070 0.330902 0.001953 0.003979
0 0.384277 0.341512 0.004883 0.006631
0 0.395020 0.349469 0.002930 0.003979
0 0.329590 0.330239 0.002930 0.005305
0 0.345215 0.320292 0.002930 0.006631
0 0.442383 0.345491 0.003906 0.006631
0 0.416016 0.343501 0.001953 0.005305
0 0.457520 0.352785 0.004883 0.007958
0 0.452637 0.369363 0.004883 0.006631
0 0.462402 0.379310 0.002930 0.005305
0 0.446777 0.380637 0.004883 0.010610
0 0.388184 0.350796 0.002930 0.003979
0 0.383301 0.368037 0.002930 0.003979
0 0.351074 0.327586 0.002930 0.005305
0 0.343262 0.328249 0.002930 0.003979
0 0.358887 0.329576 0.002930 0.003979
0 0.358887 0.323607 0.002930 0.002653
0 0.363281 0.333554 0.003906 0.006631
0 0.331055 0.343501 0.005859 0.013263
0 0.334473 0.318302 0.002930 0.005305
0 0.392090 0.314324 0.002930 0.005305
0 0.399902 0.314324 0.002930 0.005305
0 0.423828 0.306366 0.003906 0.005305
0 0.436035 0.298408 0.002930 0.005305
0 0.454590 0.327586 0.002930 0.005305
0 0.461426 0.321618 0.002930 0.003979
0 0.450684 0.342838 0.002930 0.003979
0 0.436035 0.354775 0.004883 0.006631
0 0.440430 0.368037 0.003906 0.003979
0 0.433105 0.343501 0.004883 0.005305
0 0.393555 0.301724 0.003906 0.003979
0 0.370117 0.304377 0.003906 0.006631
0 0.349121 0.313660 0.002930 0.003979
0 0.314941 0.311008 0.002930 0.003979
0 0.319336 0.309019 0.003906 0.005305
0 0.324707 0.310345 0.002930 0.005305
0 0.328613 0.305040 0.002930 0.005305
0 0.343262 0.302387 0.002930 0.005305
0 0.349121 0.304377 0.002930 0.003979
0 0.363770 0.299072 0.002930 0.003979
0 0.408203 0.293767 0.001953 0.003979
0 0.444824 0.285809 0.002930 0.003979
0 0.460449 0.292440 0.002930 0.003979
0 0.455566 0.277188 0.004883 0.007958
0 0.446289 0.295756 0.001953 0.002653
0 0.439453 0.298408 0.001953 0.002653
0 0.401855 0.297082 0.002930 0.002653
0 0.405273 0.291114 0.001953 0.003979
0 0.379395 0.283820 0.002930 0.005305
0 0.372070 0.284483 0.003906 0.003979
0 0.380859 0.277851 0.003906 0.003979
0 0.394043 0.281167 0.004883 0.005305
0 0.410645 0.277188 0.002930 0.002653
0 0.438965 0.335544 0.002930 0.005305
0 0.359375 0.307029 0.003906 0.003979
0 0.347656 0.294430 0.001953 0.002653
0 0.165527 0.897878 0.038086 0.058355
0 0.003906 0.520557 0.007812 0.019894
0 0.821289 0.905836 0.033203 0.050398
