0 0.035156 0.715543 0.070312 0.111437
0 0.175781 0.255865 0.013672 0.024927
0 0.187012 0.251466 0.016602 0.027859
0 0.170410 0.219941 0.014648 0.023460
0 0.225098 0.225073 0.014648 0.027859
0 0.256836 0.208211 0.009766 0.011730
0 0.247559 0.197214 0.006836 0.013196
0 0.277344 0.188416 0.005859 0.010264
0 0.273926 0.203812 0.006836 0.011730
0 0.290039 0.201613 0.007812 0.013196
0 0.354980 0.212610 0.012695 0.020528
0 0.330566 0.197214 0.008789 0.013196
0 0.333984 0.178886 0.005859 0.011730
0 0.075684 0.317449 0.020508 0.036657
0 0.094238 0.421554 0.030273 0.060117
0 0.312500 0.483871 0.035156 0.082111
0 0.449219 0.166422 0.005859 0.007331
0 0.461914 0.184751 0.005859 0.008798
0 0.471680 0.185484 0.005859 0.010264
0 0.568848 0.222874 0.008789 0.011730
0 0.583496 0.229472 0.008789 0.016129
0 0.449219 0.212610 0.007812 0.014663
0 0.566406 0.166422 0.005859 0.010264
0 0.590332 0.156891 0.006836 0.011730
0 0.583496 0.211144 0.008789 0.014663
0 0.676270 0.214809 0.010742 0.016129
0 0.682129 0.264663 0.014648 0.021994
0 0.702637 0.234604 0.010742 0.017595
0 0.718262 0.208211 0.008789 0.014663
0 0.728516 0.200147 0.007812 0.013196
0 0.767090 0.194282 0.006836 0.013196
0 0.721680 0.228739 0.009766 0.017595
0 0.770508 0.219208 0.009766 0.013196
0 0.809082 0.203079 0.006836 0.013196
0 0.829590 0.261730 0.010742 0.019062
0 0.839844 0.285191 0.013672 0.027859
0 0.820312 0.280059 0.009766 0.017595
0 0.812012 0.294721 0.012695 0.020528
0 0.713867 0.425220 0.029297 0.038123
0 0.932617 0.317449 0.027344 0.030792
0 0.968262 0.230205 0.008789 0.014663
0 0.989258 0.232405 0.011719 0.019062
0 0.974121 0.209677 0.010742 0.017595
0 0.942871 0.197214 0.008789 0.013196
0 0.913574 0.195015 0.006836 0.011730
0 0.993164 0.190616 0.007812 0.014663
0 0.845703 0.172287 0.005859 0.010264
0 0.852051 0.173754 0.004883 0.010264
0 0.861328 0.154692 0.005859 0.010264
0 0.811035 0.179619 0.006836 0.010264
