0 0.949219 0.907164 0.044922 0.071637
0 0.985352 0.839912 0.029297 0.080409
0 0.949219 0.691520 0.033203 0.058480
0 0.888672 0.975877 0.052734 0.048246
0 0.787598 0.940058 0.036133 0.081871
0 0.677246 0.976608 0.057617 0.046784
0 0.646484 0.886696 0.031250 0.083333
0 0.887207 0.652778 0.034180 0.062865
0 0.832520 0.719298 0.040039 0.081871
0 0.752930 0.689327 0.041016 0.086257
0 0.802734 0.581140 0.035156 0.065789
0 0.741699 0.571637 0.036133 0.073099
0 0.938477 0.556287 0.029297 0.051170
0 0.980957 0.457602 0.030273 0.061404
0 0.905273 0.465643 0.033203 0.062865
0 0.926270 0.409357 0.028320 0.046784
0 0.974121 0.375731 0.028320 0.055556
0 0.883789 0.373538 0.023438 0.042398
0 0.846680 0.466374 0.029297 0.038012
0 0.975098 0.236111 0.028320 0.045322
0 0.979980 0.310673 0.030273 0.045322
0 0.878418 0.296784 0.024414 0.046784
0 0.908203 0.153509 0.023438 0.049708
0 0.835449 0.171053 0.026367 0.049708
0 0.515137 0.908626 0.043945 0.077485
0 0.435547 0.961257 0.050781 0.077485
0 0.298340 0.970760 0.053711 0.058480
0 0.334961 0.938596 0.044922 0.081871
0 0.130371 0.965643 0.051758 0.068713
0 0.168945 0.981725 0.041016 0.036550
0 0.610840 0.683480 0.040039 0.086257
0 0.678711 0.546053 0.033203 0.059942
0 0.587891 0.573099 0.031250 0.067251
0 0.779785 0.284357 0.022461 0.045322
0 0.760742 0.380117 0.027344 0.052632
0 0.703613 0.301901 0.024414 0.033626
0 0.654297 0.367690 0.029297 0.054094
0 0.723633 0.207602 0.023438 0.035088
0 0.736328 0.176901 0.023438 0.040936
0 0.438965 0.722953 0.040039 0.080409
0 0.495117 0.670322 0.033203 0.065789
0 0.379395 0.713450 0.043945 0.081871
0 0.338867 0.652778 0.035156 0.065789
0 0.094727 0.799708 0.044922 0.078947
0 0.205566 0.796784 0.040039 0.073099
0 0.691406 0.500731 0.027344 0.057018
0 0.514160 0.521199 0.032227 0.065789
0 0.502930 0.483918 0.025391 0.049708
0 0.329102 0.447368 0.033203 0.067251
0 0.368652 0.548977 0.028320 0.057018
0 0.254883 0.643275 0.033203 0.064327
0 0.274414 0.526316 0.027344 0.064327
0 0.200195 0.350146 0.025391 0.045322
0 0.092285 0.304094 0.028320 0.040936
0 0.037598 0.340643 0.026367 0.049708
0 0.143555 0.179094 0.019531 0.036550
0 0.125488 0.152778 0.016602 0.030702
0 0.107422 0.101608 0.017578 0.030702
0 0.062988 0.073830 0.014648 0.027778
0 0.390625 0.286550 0.019531 0.043860
0 0.428223 0.266813 0.022461 0.045322
0 0.374512 0.201023 0.018555 0.030702
0 0.325195 0.249269 0.021484 0.042398
0 0.300293 0.198830 0.018555 0.032164
0 0.458008 0.235380 0.015625 0.040936
0 0.251465 0.152778 0.024414 0.048246
0 0.269043 0.104532 0.018555 0.030702
0 0.195312 0.134503 0.019531 0.038012
0 0.233398 0.167398 0.017578 0.036550
0 0.207031 0.015351 0.013672 0.027778
0 0.166504 0.024854 0.006836 0.023392
0 0.118164 0.006579 0.013672 0.013158
0 0.303711 0.074561 0.017578 0.032164
0 0.305176 0.165936 0.018555 0.036550
0 0.345215 0.122807 0.016602 0.032164
0 0.350586 0.067982 0.017578 0.033626
0 0.360840 0.036550 0.016602 0.032164
0 0.415039 0.068713 0.013672 0.029240
0 0.454590 0.116959 0.018555 0.035088
0 0.400879 0.038012 0.010742 0.020468
0 0.350098 0.027047 0.012695 0.021930
0 0.358398 0.102339 0.013672 0.026316
0 0.362305 0.126462 0.009766 0.021930
0 0.528809 0.151316 0.022461 0.045322
0 0.485352 0.063596 0.017578 0.033626
0 0.465820 0.060673 0.009766 0.021930
0 0.562012 0.058480 0.018555 0.035088
0 0.564941 0.027778 0.010742 0.020468
0 0.467285 0.161550 0.018555 0.033626
0 0.596191 0.182749 0.024414 0.049708
0 0.602539 0.133041 0.019531 0.035088
0 0.583496 0.103801 0.014648 0.029240
0 0.657227 0.303363 0.023438 0.045322
0 0.603027 0.268275 0.024414 0.048246
0 0.636719 0.158626 0.011719 0.024854
0 0.615234 0.114035 0.017578 0.032164
0 0.641113 0.088450 0.016602 0.030702
0 0.659668 0.053363 0.016602 0.033626
0 0.767090 0.027778 0.016602 0.026316
0 0.744629 0.059211 0.016602 0.033626
0 0.071289 0.189327 0.011719 0.030702
0 0.365234 0.403509 0.011719 0.032164
0 0.029297 0.781433 0.039062 0.092105
0 0.010742 0.635234 0.021484 0.065789
