0 0.100098 0.458615 0.018555 0.042230
0 0.189941 0.387669 0.020508 0.035473
0 0.210938 0.380912 0.013672 0.035473
0 0.237305 0.402872 0.013672 0.025338
0 0.257324 0.391047 0.012695 0.032095
0 0.286133 0.387669 0.015625 0.035473
0 0.330078 0.387669 0.017578 0.025338
0 0.353516 0.385980 0.009766 0.021959
0 0.371582 0.374155 0.012695 0.021959
0 0.388184 0.384291 0.008789 0.018581
0 0.615234 0.375845 0.015625 0.028716
0 0.698242 0.344595 0.015625 0.030405
0 0.763184 0.368243 0.010742 0.027027
0 0.782227 0.382601 0.013672 0.028716
0 0.807129 0.376689 0.012695 0.023649
0 0.710449 0.367399 0.008789 0.015203
0 0.726074 0.361486 0.004883 0.013514
0 0.730469 0.391892 0.005859 0.010135
0 0.721191 0.377534 0.006836 0.015203
0 0.847656 0.386824 0.013672 0.033784
0 0.863770 0.347973 0.014648 0.027027
0 0.874023 0.381757 0.015625 0.030405
0 0.866211 0.380068 0.000000 0.000000
0 0.822266 0.397804 0.013672 0.018581
0 0.927246 0.335304 0.016602 0.035473
0 0.637207 0.367399 0.012695 0.021959
0 0.506836 0.364865 0.009766 0.023649
