0 0.944824 0.874817 0.022461 0.039531
0 0.933105 0.831625 0.026367 0.046852
0 0.810059 0.852855 0.026367 0.048316
0 0.839355 0.811859 0.020508 0.045388
0 0.679199 0.967789 0.024414 0.046852
0 0.464844 0.906296 0.019531 0.043924
0 0.464844 0.823572 0.013672 0.033675
0 0.301758 0.845534 0.027344 0.048316
0 0.336914 0.831625 0.017578 0.043924
0 0.556641 0.725476 0.013672 0.036603
0 0.541992 0.784041 0.013672 0.036603
0 0.581055 0.760615 0.015625 0.036603
0 0.165039 0.925329 0.025391 0.049780
0 0.265625 0.854319 0.013672 0.039531
0 0.189453 0.806003 0.009766 0.027818
0 0.029297 0.676428 0.021484 0.043924
0 0.120605 0.599561 0.016602 0.033675
0 0.211914 0.628111 0.019531 0.040996
0 0.234375 0.603221 0.017578 0.035139
0 0.172852 0.663982 0.017578 0.039531
0 0.066406 0.637628 0.015625 0.036603
0 0.192871 0.897511 0.014648 0.040996
0 0.797852 0.724012 0.021484 0.042460
0 0.749512 0.642753 0.022461 0.040996
0 0.792480 0.648609 0.018555 0.038067
0 0.454102 0.642753 0.019531 0.038067
0 0.427246 0.608346 0.016602 0.039531
0 0.406250 0.645681 0.021484 0.038067
0 0.316895 0.663250 0.020508 0.038067
0 0.257812 0.644217 0.015625 0.029283
0 0.319336 0.556369 0.017578 0.038067
0 0.254883 0.559297 0.021484 0.026354
0 0.215820 0.526354 0.017578 0.033675
0 0.304688 0.516837 0.013672 0.029283
0 0.172852 0.467057 0.017578 0.035139
0 0.107910 0.521230 0.014648 0.035139
0 0.114258 0.428990 0.015625 0.032211
0 0.149902 0.438507 0.014648 0.033675
0 0.090332 0.329429 0.012695 0.029283
0 0.130371 0.368228 0.014648 0.030747
0 0.131836 0.329429 0.011719 0.032211
0 0.083008 0.388726 0.017578 0.036603
0 0.054688 0.338946 0.015625 0.030747
0 0.043457 0.295022 0.014648 0.024890
0 0.015137 0.260615 0.014648 0.026354
0 0.763672 0.495608 0.017578 0.036603
0 0.862305 0.480966 0.019531 0.033675
0 0.834961 0.546120 0.015625 0.035139
0 0.702637 0.529283 0.020508 0.036603
0 0.648926 0.508785 0.018555 0.033675
0 0.570312 0.525622 0.019531 0.035139
0 0.561035 0.571742 0.018555 0.036603
0 0.527344 0.510249 0.017578 0.036603
0 0.529297 0.566618 0.019531 0.040996
0 0.619141 0.569546 0.015625 0.035139
0 0.476074 0.553441 0.020508 0.040996
0 0.494141 0.525622 0.017578 0.035139
0 0.454102 0.506589 0.017578 0.038067
0 0.480957 0.485359 0.016602 0.036603
0 0.432617 0.488287 0.017578 0.039531
0 0.403320 0.542460 0.015625 0.027818
0 0.387207 0.523426 0.016602 0.033675
0 0.346191 0.513177 0.018555 0.036603
0 0.324707 0.475110 0.018555 0.039531
0 0.425293 0.435578 0.016602 0.036603
0 0.408203 0.442167 0.015625 0.032211
0 0.373047 0.487555 0.013672 0.029283
0 0.329590 0.434846 0.016602 0.026354
0 0.152832 0.353587 0.012695 0.030747
0 0.142090 0.303807 0.014648 0.027818
0 0.221191 0.300146 0.008789 0.017570
0 0.204102 0.393119 0.011719 0.027818
0 0.109375 0.206442 0.011719 0.026354
0 0.134277 0.189605 0.010742 0.021962
0 0.107910 0.250366 0.010742 0.020498
0 0.872070 0.382138 0.017578 0.038067
0 0.952148 0.399707 0.015625 0.035139
0 0.908691 0.396779 0.012695 0.026354
0 0.865234 0.340410 0.013672 0.024890
0 0.842285 0.338214 0.014648 0.032211
0 0.879395 0.335286 0.010742 0.023426
0 0.924316 0.322840 0.010742 0.024890
0 0.878418 0.431186 0.014648 0.030747
0 0.484863 0.421669 0.016602 0.032211
0 0.569824 0.452416 0.016602 0.035139
0 0.547852 0.432650 0.013672 0.030747
0 0.507812 0.408492 0.017578 0.038067
0 0.617676 0.422401 0.014648 0.042460
0 0.609863 0.399707 0.014648 0.035139
0 0.358398 0.370425 0.013672 0.032211
0 0.395508 0.376281 0.015625 0.032211
0 0.415527 0.329429 0.014648 0.032211
0 0.356445 0.422401 0.013672 0.027818
0 0.551270 0.355783 0.014648 0.029283
0 0.507324 0.330893 0.014648 0.026354
0 0.491211 0.338214 0.009766 0.020498
0 0.481445 0.322108 0.015625 0.029283
0 0.519043 0.289165 0.010742 0.019034
0 0.477051 0.380673 0.014648 0.026354
0 0.220215 0.442899 0.014648 0.033675
0 0.207031 0.338946 0.015625 0.030747
0 0.237305 0.277452 0.009766 0.019034
0 0.345703 0.306003 0.013672 0.029283
0 0.290527 0.288433 0.012695 0.023426
0 0.312500 0.330161 0.011719 0.030747
0 0.314941 0.311127 0.010742 0.021962
0 0.275879 0.263543 0.012695 0.023426
0 0.209961 0.239385 0.009766 0.024890
0 0.183105 0.248170 0.010742 0.024890
0 0.152344 0.185212 0.009766 0.013177
0 0.630371 0.289898 0.012695 0.026354
0 0.637695 0.344070 0.013672 0.026354
0 0.596680 0.331625 0.011719 0.024890
0 0.556641 0.295754 0.011719 0.026354
0 0.500977 0.266471 0.013672 0.023426
0 0.585449 0.371889 0.014648 0.029283
0 0.598145 0.259151 0.012695 0.026354
0 0.622070 0.259151 0.009766 0.023426
0 0.520508 0.246706 0.011719 0.024890
0 0.714844 0.221816 0.011719 0.024890
0 0.681641 0.211567 0.011719 0.021962
0 0.690430 0.193997 0.011719 0.021962
0 0.732422 0.199854 0.007812 0.016105
0 0.708496 0.188873 0.008789 0.020498
0 0.474121 0.235725 0.010742 0.026354
0 0.472168 0.271596 0.012695 0.024890
0 0.567871 0.210835 0.010742 0.023426
0 0.310547 0.169107 0.009766 0.021962
0 0.604980 0.204978 0.012695 0.029283
0 0.584473 0.202050 0.010742 0.023426
0 0.565430 0.177892 0.009766 0.019034
0 0.355469 0.197657 0.007812 0.014641
0 0.402832 0.207906 0.010742 0.020498
0 0.377930 0.244510 0.011719 0.029283
0 0.747070 0.261347 0.011719 0.030747
0 0.744629 0.236457 0.008789 0.019034
0 0.804199 0.297218 0.014648 0.029283
0 0.857910 0.387994 0.012695 0.029283
0 0.800781 0.251098 0.011719 0.019034
0 0.884277 0.278917 0.014648 0.027818
0 0.811523 0.345534 0.017578 0.029283
0 0.759277 0.289165 0.008789 0.021962
0 0.775391 0.292094 0.011719 0.027818
0 0.332520 0.267204 0.008789 0.021962
0 0.270020 0.224744 0.008789 0.019034
0 0.318359 0.092240 0.011719 0.023426
0 0.475586 0.174963 0.011719 0.021962
0 0.508789 0.187408 0.011719 0.023426
0 0.501465 0.157394 0.014648 0.021962
0 0.480469 0.141288 0.009766 0.021962
0 0.823242 0.203514 0.009766 0.020498
0 0.562988 0.430454 0.016602 0.032211
0 0.610840 0.340410 0.016602 0.033675
0 0.562500 0.405564 0.017578 0.035139
0 0.543457 0.490483 0.016602 0.035139
0 0.521484 0.324305 0.013672 0.033675
0 0.589355 0.251830 0.014648 0.026354
0 0.270508 0.497804 0.017578 0.026354
0 0.078613 0.489751 0.016602 0.030747
0 0.095703 0.485359 0.017578 0.039531
