0 0.943848 0.785461 0.030273 0.070922
0 0.633301 0.616135 0.028320 0.069149
0 0.676270 0.537234 0.020508 0.063830
0 0.545898 0.494681 0.033203 0.067376
0 0.605469 0.525709 0.025391 0.076241
0 0.651367 0.445035 0.021484 0.053191
0 0.677734 0.515071 0.025391 0.058511
0 0.166504 0.771277 0.045898 0.095745
0 0.076172 0.671986 0.037109 0.078014
0 0.138672 0.660461 0.042969 0.090426
0 0.222656 0.625000 0.035156 0.097518
0 0.225098 0.558511 0.028320 0.074468
0 0.218750 0.429965 0.025391 0.062057
0 0.125488 0.400709 0.024414 0.074468
0 0.081055 0.388298 0.019531 0.049645
0 0.967773 0.430851 0.029297 0.060284
0 0.825195 0.290780 0.029297 0.063830
0 0.546875 0.307624 0.025391 0.051418
0 0.246094 0.319149 0.019531 0.042553
