0 0.766113 0.956140 0.055664 0.084795
0 0.732910 0.755117 0.041992 0.068713
0 0.799805 0.649854 0.033203 0.065789
0 0.912598 0.733187 0.024414 0.068713
0 0.697266 0.639620 0.041016 0.059942
0 0.444824 0.951754 0.049805 0.087719
0 0.484863 0.725877 0.036133 0.068713
0 0.276367 0.969298 0.056641 0.058480
0 0.072754 0.863304 0.053711 0.100877
0 0.240234 0.791667 0.033203 0.065789
0 0.137695 0.728070 0.042969 0.073099
0 0.303223 0.660088 0.034180 0.059942
0 0.267578 0.595029 0.015625 0.043860
0 0.345703 0.551170 0.027344 0.049708
0 0.254395 0.537281 0.026367 0.045322
0 0.173828 0.545322 0.023438 0.035088
0 0.092773 0.526316 0.031250 0.049708
0 0.025391 0.549708 0.027344 0.043860
0 0.244141 0.413743 0.021484 0.043860
0 0.147949 0.433480 0.014648 0.039474
0 0.154785 0.409357 0.014648 0.029240
0 0.178711 0.392544 0.011719 0.030702
0 0.175781 0.363304 0.015625 0.024854
0 0.080078 0.423246 0.017578 0.030702
0 0.087891 0.415205 0.009766 0.017544
0 0.116211 0.340643 0.013672 0.026316
0 0.063965 0.368421 0.014648 0.032164
0 0.070312 0.318713 0.009766 0.017544
0 0.047363 0.309211 0.008789 0.024854
0 0.035645 0.277778 0.008789 0.017544
0 0.045410 0.273392 0.010742 0.020468
0 0.120605 0.315789 0.014648 0.020468
0 0.158691 0.315058 0.006836 0.021930
0 0.146484 0.290936 0.009766 0.020468
0 0.137695 0.276316 0.011719 0.020468
0 0.113770 0.295322 0.008789 0.014620
0 0.114746 0.279240 0.010742 0.017544
0 0.108887 0.276316 0.008789 0.017544
0 0.099609 0.274854 0.009766 0.014620
0 0.112305 0.268275 0.007812 0.013158
0 0.162598 0.289474 0.006836 0.020468
0 0.062012 0.290205 0.010742 0.019006
0 0.088867 0.258041 0.007812 0.016082
0 0.066406 0.228070 0.015625 0.011696
0 0.038086 0.235380 0.009766 0.017544
0 0.020020 0.209795 0.008789 0.013158
0 0.120605 0.233918 0.006836 0.011696
0 0.149902 0.226608 0.008789 0.011696
0 0.004883 0.250000 0.009766 0.017544
0 0.127441 0.252193 0.006836 0.016082
0 0.157715 0.236842 0.008789 0.014620
0 0.178223 0.235380 0.006836 0.017544
0 0.200195 0.348684 0.009766 0.021930
0 0.148926 0.203216 0.006836 0.014620
0 0.156250 0.206140 0.005859 0.011696
0 0.166016 0.222953 0.007812 0.016082
0 0.182129 0.243421 0.006836 0.013158
0 0.179688 0.213450 0.007812 0.011696
0 0.173340 0.210526 0.006836 0.014620
0 0.248047 0.353801 0.013672 0.026316
0 0.236816 0.326754 0.012695 0.021930
0 0.258789 0.323830 0.011719 0.019006
0 0.277832 0.269006 0.010742 0.017544
0 0.285156 0.260234 0.009766 0.014620
0 0.305664 0.258772 0.013672 0.020468
0 0.389160 0.385965 0.018555 0.038012
0 0.200684 0.252193 0.004883 0.010234
0 0.196777 0.220760 0.010742 0.014620
0 0.231445 0.220029 0.009766 0.016082
0 0.248047 0.251462 0.009766 0.014620
0 0.242676 0.236111 0.008789 0.013158
0 0.257812 0.240497 0.007812 0.013158
0 0.260254 0.232456 0.006836 0.011696
0 0.272461 0.222222 0.009766 0.014620
0 0.318848 0.372807 0.016602 0.032164
0 0.340820 0.336988 0.013672 0.027778
0 0.353516 0.317982 0.017578 0.027778
0 0.342773 0.288012 0.009766 0.023392
0 0.300781 0.414474 0.015625 0.030702
0 0.319336 0.421053 0.019531 0.035088
0 0.412598 0.289474 0.018555 0.026316
0 0.292480 0.206871 0.006836 0.013158
0 0.441406 0.434211 0.019531 0.038012
0 0.450195 0.391813 0.019531 0.040936
0 0.378906 0.290205 0.009766 0.019006
0 0.406738 0.243421 0.012695 0.016082
0 0.342773 0.245614 0.007812 0.017544
0 0.347168 0.247076 0.006836 0.017544
0 0.424316 0.238304 0.004883 0.011696
0 0.427734 0.240497 0.005859 0.019006
0 0.240723 0.217836 0.008789 0.014620
0 0.253418 0.209795 0.008789 0.016082
0 0.264648 0.206871 0.007812 0.013158
0 0.278809 0.195906 0.008789 0.011696
0 0.295898 0.196637 0.007812 0.013158
0 0.291016 0.220760 0.007812 0.017544
0 0.298828 0.221491 0.007812 0.013158
0 0.306641 0.213450 0.005859 0.008772
0 0.314453 0.207602 0.007812 0.011696
0 0.315918 0.250000 0.008789 0.023392
0 0.291992 0.475146 0.019531 0.040936
0 0.454102 0.316520 0.009766 0.021930
0 0.333008 0.399123 0.017578 0.035088
0 0.213867 0.233187 0.007812 0.016082
0 0.347656 0.209064 0.007812 0.014620
0 0.352539 0.202485 0.007812 0.013158
0 0.388672 0.292398 0.007812 0.017544
0 0.216309 0.165936 0.006836 0.010234
0 0.284180 0.169591 0.005859 0.008772
0 0.255371 0.173977 0.006836 0.008772
0 0.323242 0.166667 0.007812 0.011696
0 0.346680 0.160088 0.005859 0.013158
0 0.379395 0.160819 0.006836 0.011696
0 0.359375 0.159357 0.005859 0.011696
0 0.354004 0.159357 0.004883 0.008772
0 0.413574 0.151316 0.004883 0.013158
0 0.375488 0.132310 0.004883 0.010234
0 0.439453 0.202485 0.005859 0.013158
0 0.468262 0.226608 0.008789 0.017544
0 0.472168 0.241959 0.008789 0.016082
0 0.466309 0.210526 0.006836 0.014620
0 0.420410 0.164474 0.006836 0.010234
0 0.395020 0.168129 0.006836 0.011696
0 0.415527 0.177632 0.004883 0.010234
0 0.432129 0.182018 0.008789 0.013158
0 0.468750 0.191520 0.007812 0.014620
0 0.464355 0.182749 0.006836 0.014620
0 0.458008 0.171784 0.005859 0.013158
0 0.449707 0.159357 0.008789 0.014620
0 0.451660 0.144006 0.006836 0.010234
0 0.439453 0.255117 0.011719 0.019006
0 0.447266 0.279971 0.013672 0.019006
0 0.459961 0.289474 0.013672 0.023392
0 0.483398 0.267544 0.009766 0.017544
0 0.487793 0.279240 0.006836 0.014620
0 0.448242 0.240497 0.007812 0.013158
0 0.512207 0.312135 0.012695 0.024854
0 0.527832 0.274123 0.008789 0.019006
0 0.542480 0.282164 0.008789 0.020468
0 0.553223 0.299708 0.012695 0.017544
0 0.552734 0.269737 0.007812 0.021930
0 0.505859 0.254386 0.009766 0.017544
0 0.498535 0.245614 0.008789 0.014620
0 0.356934 0.250000 0.004883 0.017544
0 0.354492 0.253655 0.007812 0.013158
0 0.076660 0.263889 0.010742 0.024854
0 0.154297 0.258772 0.009766 0.017544
0 0.132324 0.220029 0.006836 0.016082
0 0.540039 0.353801 0.011719 0.023392
0 0.580566 0.354532 0.012695 0.024854
0 0.619141 0.362573 0.015625 0.020468
0 0.614746 0.316520 0.010742 0.024854
0 0.568359 0.302632 0.009766 0.017544
0 0.588379 0.260965 0.008789 0.021930
0 0.567871 0.253655 0.008789 0.016082
0 0.609863 0.247807 0.010742 0.016082
0 0.621582 0.253655 0.010742 0.019006
0 0.517090 0.298977 0.012695 0.010234
0 0.423340 0.195175 0.006836 0.010234
0 0.448730 0.209795 0.006836 0.013158
0 0.491699 0.217836 0.008789 0.011696
0 0.460449 0.209064 0.006836 0.014620
0 0.464844 0.149854 0.005859 0.013158
0 0.477539 0.175439 0.007812 0.011696
0 0.488770 0.165205 0.006836 0.011696
0 0.483887 0.165936 0.004883 0.010234
0 0.502930 0.179094 0.005859 0.013158
0 0.498047 0.182018 0.005859 0.013158
0 0.500977 0.160088 0.005859 0.010234
0 0.520508 0.177632 0.007812 0.016082
0 0.521484 0.193713 0.005859 0.013158
0 0.526855 0.204678 0.008789 0.011696
0 0.517090 0.163012 0.006836 0.010234
0 0.492676 0.147661 0.006836 0.011696
0 0.512207 0.220029 0.008789 0.019006
0 0.518555 0.238304 0.007812 0.017544
0 0.537109 0.225146 0.009766 0.017544
0 0.549805 0.202485 0.007812 0.013158
0 0.514160 0.149123 0.004883 0.011696
0 0.535156 0.161550 0.005859 0.010234
0 0.539062 0.152047 0.005859 0.011696
0 0.529785 0.148392 0.006836 0.013158
0 0.544434 0.183480 0.004883 0.013158
0 0.542480 0.174708 0.006836 0.013158
0 0.550781 0.167398 0.005859 0.013158
0 0.551758 0.184942 0.005859 0.007310
0 0.542969 0.163012 0.005859 0.010234
0 0.588867 0.241228 0.009766 0.014620
0 0.582031 0.239035 0.007812 0.013158
0 0.564453 0.239035 0.009766 0.019006
0 0.555664 0.231725 0.007812 0.021930
0 0.571777 0.211988 0.008789 0.017544
0 0.604004 0.237573 0.008789 0.016082
0 0.595215 0.223684 0.008789 0.014620
0 0.564941 0.187865 0.008789 0.016082
0 0.574219 0.177632 0.007812 0.013158
0 0.587402 0.183480 0.006836 0.016082
0 0.589355 0.169591 0.004883 0.014620
0 0.596191 0.185673 0.006836 0.011696
0 0.602051 0.190058 0.006836 0.017544
0 0.612305 0.179094 0.005859 0.013158
0 0.611816 0.166667 0.006836 0.011696
0 0.634277 0.187135 0.008789 0.017544
0 0.595703 0.149854 0.005859 0.013158
0 0.619629 0.145468 0.006836 0.010234
0 0.625488 0.164474 0.006836 0.013158
0 0.530762 0.127924 0.006836 0.013158
0 0.550293 0.119152 0.004883 0.007310
0 0.666504 0.270468 0.010742 0.020468
0 0.643066 0.255848 0.010742 0.017544
0 0.615723 0.154240 0.006836 0.013158
0 0.639648 0.161550 0.007812 0.010234
0 0.640137 0.150585 0.006836 0.014620
0 0.649414 0.166667 0.007812 0.014620
0 0.648438 0.190058 0.007812 0.014620
0 0.641602 0.228801 0.009766 0.013158
0 0.662109 0.165205 0.007812 0.014620
0 0.670898 0.168860 0.007812 0.013158
0 0.625488 0.150585 0.008789 0.011696
0 0.685547 0.170322 0.005859 0.013158
0 0.672852 0.193713 0.005859 0.013158
0 0.631836 0.137427 0.005859 0.008772
0 0.666504 0.146930 0.006836 0.016082
0 0.677246 0.149123 0.006836 0.014620
0 0.690430 0.154971 0.007812 0.011696
0 0.695801 0.167398 0.006836 0.010234
0 0.704102 0.187135 0.007812 0.017544
0 0.693848 0.142544 0.006836 0.010234
0 0.700195 0.158626 0.007812 0.013158
0 0.710449 0.160819 0.008789 0.011696
0 0.714844 0.180556 0.005859 0.016082
0 0.677734 0.134503 0.005859 0.008772
0 0.698242 0.130117 0.005859 0.011696
0 0.718262 0.155702 0.006836 0.013158
0 0.727539 0.152778 0.007812 0.013158
0 0.660645 0.137427 0.006836 0.008772
0 0.655762 0.129386 0.006836 0.010234
0 0.695312 0.119883 0.003906 0.008772
0 0.645020 0.127193 0.006836 0.011696
0 0.689453 0.211988 0.005859 0.014620
0 0.707031 0.209795 0.009766 0.013158
0 0.720215 0.204678 0.006836 0.014620
0 0.721680 0.180556 0.007812 0.013158
0 0.731445 0.174708 0.007812 0.016082
0 0.739258 0.185673 0.007812 0.017544
0 0.668945 0.247807 0.011719 0.019006
0 0.692871 0.233187 0.008789 0.016082
0 0.698730 0.247076 0.008789 0.017544
0 0.703125 0.238304 0.011719 0.020468
0 0.724609 0.263158 0.011719 0.020468
0 0.729492 0.136696 0.005859 0.010234
0 0.742188 0.133772 0.005859 0.010234
0 0.747070 0.179094 0.007812 0.013158
0 0.749512 0.160088 0.008789 0.013158
0 0.758301 0.135965 0.006836 0.008772
0 0.764648 0.188596 0.009766 0.014620
0 0.759766 0.152778 0.007812 0.013158
0 0.764648 0.138158 0.005859 0.013158
0 0.792480 0.135965 0.006836 0.011696
0 0.796387 0.168860 0.006836 0.016082
0 0.806641 0.199561 0.009766 0.016082
0 0.819336 0.198830 0.009766 0.017544
0 0.808105 0.182018 0.008789 0.013158
0 0.814941 0.173246 0.008789 0.013158
0 0.805664 0.165936 0.007812 0.013158
0 0.812500 0.190789 0.007812 0.013158
0 0.824219 0.169591 0.007812 0.014620
0 0.848633 0.175439 0.009766 0.014620
0 0.854004 0.189327 0.010742 0.016082
0 0.851562 0.204678 0.009766 0.014620
0 0.832520 0.167398 0.008789 0.016082
0 0.837891 0.158626 0.007812 0.013158
0 0.842773 0.144737 0.007812 0.011696
0 0.819824 0.133772 0.006836 0.010234
0 0.857910 0.152047 0.006836 0.014620
0 0.667969 0.445906 0.015625 0.038012
0 0.654297 0.448830 0.019531 0.032164
0 0.649902 0.342836 0.016602 0.030702
0 0.670410 0.323830 0.016602 0.027778
0 0.672852 0.291667 0.015625 0.019006
0 0.690430 0.287281 0.009766 0.019006
0 0.701660 0.302632 0.012695 0.023392
0 0.708496 0.320906 0.014648 0.024854
0 0.754883 0.337719 0.015625 0.026316
0 0.748535 0.293129 0.012695 0.024854
0 0.783203 0.341374 0.015625 0.024854
0 0.791016 0.298977 0.013672 0.024854
0 0.759277 0.278509 0.010742 0.021930
0 0.743164 0.232456 0.005859 0.017544
0 0.773926 0.247807 0.010742 0.021930
0 0.779297 0.228801 0.009766 0.013158
0 0.794434 0.237573 0.010742 0.016082
0 0.809570 0.240497 0.005859 0.019006
0 0.790527 0.266813 0.006836 0.019006
0 0.755371 0.226608 0.008789 0.017544
0 0.811035 0.303363 0.010742 0.027778
0 0.825684 0.342105 0.016602 0.026316
0 0.837891 0.391082 0.023438 0.042398
0 0.769043 0.406433 0.014648 0.032164
0 0.915527 0.409357 0.014648 0.035088
0 0.959961 0.373538 0.021484 0.033626
0 0.839844 0.294591 0.011719 0.019006
0 0.835938 0.249269 0.011719 0.019006
0 0.846191 0.241228 0.010742 0.020468
0 0.909180 0.230994 0.005859 0.014620
0 0.979980 0.338450 0.014648 0.024854
0 0.972168 0.282895 0.014648 0.024854
0 0.991699 0.282895 0.010742 0.021930
0 0.948730 0.256579 0.012695 0.024854
0 0.955566 0.201754 0.010742 0.020468
0 0.972656 0.201023 0.011719 0.016082
0 0.988281 0.209064 0.009766 0.014620
0 0.983887 0.182749 0.008789 0.014620
0 0.991699 0.184942 0.006836 0.013158
0 0.996094 0.190058 0.005859 0.011696
0 0.997070 0.160088 0.003906 0.019006
0 0.911133 0.203216 0.011719 0.017544
0 0.908691 0.182749 0.010742 0.017544
0 0.886230 0.190789 0.008789 0.016082
0 0.878418 0.180556 0.008789 0.016082
0 0.897949 0.152778 0.008789 0.013158
0 0.884766 0.144006 0.005859 0.010234
0 0.973145 0.130848 0.006836 0.010234
0 0.976074 0.122076 0.006836 0.010234
0 0.972656 0.125000 0.005859 0.010234
0 0.994629 0.111842 0.006836 0.010234
0 0.039062 0.193713 0.005859 0.013158
0 0.262695 0.166667 0.005859 0.011696
0 0.311523 0.146930 0.005859 0.010234
0 0.765137 0.157164 0.006836 0.013158
0 0.808594 0.117690 0.005859 0.007310
0 0.801758 0.108187 0.003906 0.011696
0 0.782227 0.114766 0.003906 0.007310
0 0.799805 0.123538 0.003906 0.007310
0 0.791016 0.108918 0.003906 0.007310
0 0.789551 0.094298 0.002930 0.007310
