0 0.047852 0.327941 0.062500 0.111765
0 0.201172 0.248529 0.058594 0.100000
0 0.365234 0.392647 0.068359 0.135294
0 0.483887 0.263235 0.049805 0.100000
0 0.260742 0.293382 0.027344 0.045588
0 0.094238 0.336765 0.030273 0.052941
0 0.125000 0.341176 0.027344 0.047059
0 0.143066 0.328676 0.022461 0.030882
0 0.281738 0.327206 0.018555 0.030882
0 0.342285 0.296324 0.026367 0.069118
0 0.372559 0.321324 0.024414 0.042647
0 0.418457 0.308824 0.026367 0.047059
0 0.596680 0.297794 0.031250 0.069118
0 0.661133 0.294853 0.031250 0.069118
0 0.767090 0.309559 0.063477 0.154412
0 0.881836 0.261765 0.037109 0.073529
0 0.947754 0.260294 0.028320 0.047059
