0 0.106934 0.476608 0.012695 0.023392
0 0.072266 0.461988 0.009766 0.023392
0 0.049805 0.454678 0.011719 0.026316
0 0.038086 0.414474 0.011719 0.021930
0 0.025879 0.396199 0.010742 0.020468
0 0.170898 0.433480 0.009766 0.021930
0 0.111328 0.400585 0.007812 0.020468
0 0.131836 0.318713 0.009766 0.023392
0 0.144043 0.391082 0.018555 0.024854
0 0.220215 0.382310 0.008789 0.021930
0 0.208496 0.351608 0.010742 0.019006
0 0.267090 0.328216 0.006836 0.016082
0 0.290527 0.328216 0.008789 0.013158
0 0.222168 0.407164 0.010742 0.016082
0 0.195801 0.459795 0.010742 0.024854
0 0.121094 0.363304 0.009766 0.024854
0 0.187988 0.407164 0.010742 0.024854
0 0.281738 0.454678 0.010742 0.023392
0 0.233887 0.423977 0.008789 0.020468
0 0.228516 0.479532 0.011719 0.023392
0 0.252441 0.486111 0.014648 0.021930
0 0.285156 0.502924 0.013672 0.026316
0 0.344238 0.403509 0.010742 0.020468
0 0.389160 0.500731 0.012695 0.027778
0 0.450684 0.499269 0.012695 0.021930
0 0.388184 0.389620 0.010742 0.019006
0 0.412598 0.379386 0.010742 0.019006
0 0.454590 0.380848 0.010742 0.016082
0 0.481445 0.388158 0.007812 0.016082
0 0.258301 0.546053 0.014648 0.024854
0 0.225586 0.550439 0.011719 0.024854
0 0.224609 0.513889 0.013672 0.021930
0 0.317871 0.461988 0.014648 0.029240
0 0.361816 0.440789 0.010742 0.019006
0 0.261719 0.378655 0.013672 0.020468
0 0.280273 0.377193 0.013672 0.020468
0 0.343750 0.584064 0.015625 0.021930
0 0.519043 0.559942 0.014648 0.020468
0 0.547852 0.425439 0.011719 0.017544
0 0.589844 0.417398 0.011719 0.024854
0 0.615234 0.422515 0.009766 0.026316
0 0.609375 0.371345 0.011719 0.020468
0 0.533203 0.403509 0.007812 0.017544
0 0.615723 0.535088 0.012695 0.020468
0 0.580078 0.497076 0.011719 0.023392
0 0.455566 0.616959 0.018555 0.032164
0 0.427734 0.615497 0.017578 0.023392
0 0.382324 0.624269 0.018555 0.029240
0 0.599121 0.576754 0.014648 0.027778
0 0.644531 0.580409 0.015625 0.029240
0 0.526855 0.617690 0.016602 0.024854
0 0.480957 0.597222 0.016602 0.030702
0 0.604004 0.448099 0.010742 0.027778
0 0.518066 0.521199 0.010742 0.019006
0 0.792969 0.354532 0.009766 0.021930
0 0.830566 0.358187 0.008789 0.020468
0 0.712402 0.441520 0.012695 0.023392
0 0.688477 0.444444 0.011719 0.026316
0 0.681641 0.507310 0.015625 0.026316
0 0.733887 0.520468 0.012695 0.023392
0 0.731934 0.489035 0.012695 0.024854
0 0.759766 0.484649 0.011719 0.024854
0 0.774902 0.535088 0.014648 0.023392
0 0.806641 0.521930 0.011719 0.017544
0 0.799805 0.578216 0.013672 0.030702
0 0.790039 0.596491 0.015625 0.026316
0 0.743652 0.584064 0.016602 0.024854
0 0.759766 0.589181 0.017578 0.029240
0 0.660156 0.583333 0.011719 0.026316
0 0.877930 0.396199 0.013672 0.017544
0 0.818359 0.432749 0.013672 0.020468
0 0.875000 0.552632 0.011719 0.026316
0 0.764160 0.399854 0.010742 0.019006
0 0.867188 0.463450 0.011719 0.026316
0 0.894531 0.307018 0.009766 0.020468
0 0.883789 0.342836 0.009766 0.021930
0 0.813477 0.360380 0.011719 0.019006
0 0.974121 0.598684 0.016602 0.039474
0 0.972656 0.559211 0.011719 0.024854
0 0.884766 0.570906 0.015625 0.030702
0 0.848633 0.575292 0.011719 0.027778
0 0.664551 0.611111 0.014648 0.032164
0 0.711914 0.639620 0.017578 0.030702
0 0.760254 0.652047 0.016602 0.035088
0 0.769043 0.616228 0.014648 0.021930
0 0.839844 0.625731 0.015625 0.029240
0 0.924805 0.620614 0.015625 0.021930
0 0.937988 0.675439 0.018555 0.026316
0 0.972168 0.679825 0.014648 0.032164
0 0.860352 0.663743 0.019531 0.038012
0 0.913574 0.667398 0.014648 0.027778
0 0.630859 0.491228 0.013672 0.017544
0 0.086426 0.597222 0.014648 0.027778
0 0.057129 0.590643 0.016602 0.029240
0 0.057129 0.616959 0.016602 0.020468
0 0.160645 0.530702 0.012695 0.026316
0 0.193359 0.565058 0.013672 0.030702
0 0.160156 0.614766 0.015625 0.027778
0 0.178223 0.637427 0.014648 0.032164
0 0.201660 0.612573 0.010742 0.029240
0 0.220215 0.631579 0.012695 0.038012
0 0.194336 0.647661 0.011719 0.032164
0 0.148926 0.646930 0.014648 0.024854
0 0.163574 0.673977 0.016602 0.029240
0 0.141602 0.698830 0.015625 0.038012
0 0.087402 0.700292 0.016602 0.035088
0 0.132812 0.774123 0.017578 0.036550
0 0.160156 0.791667 0.019531 0.039474
0 0.186523 0.798977 0.035156 0.095029
0 0.128418 0.724415 0.020508 0.045322
0 0.027832 0.783626 0.018555 0.038012
0 0.020020 0.813596 0.018555 0.036550
0 0.071777 0.552632 0.014648 0.026316
0 0.006348 0.523392 0.006836 0.040936
0 0.049805 0.666667 0.017578 0.026316
0 0.081055 0.625731 0.017578 0.029240
0 0.247559 0.603070 0.018555 0.030702
0 0.312500 0.599415 0.013672 0.032164
0 0.341797 0.640351 0.017578 0.035088
0 0.290527 0.631579 0.018555 0.023392
0 0.249512 0.651316 0.014648 0.039474
0 0.293457 0.677632 0.016602 0.030702
0 0.353516 0.714181 0.017578 0.036550
0 0.290527 0.709064 0.016602 0.026316
0 0.270020 0.730263 0.020508 0.039474
0 0.148438 0.508772 0.011719 0.023392
0 0.182129 0.497076 0.014648 0.023392
0 0.388672 0.739766 0.019531 0.038012
0 0.393555 0.798246 0.019531 0.035088
0 0.397949 0.700292 0.014648 0.032164
0 0.406250 0.674708 0.015625 0.033626
0 0.495117 0.650585 0.015625 0.032164
0 0.518066 0.662281 0.016602 0.035088
0 0.492676 0.623538 0.012695 0.021930
0 0.577637 0.729532 0.018555 0.040936
0 0.680176 0.665936 0.010742 0.027778
0 0.702148 0.687135 0.011719 0.032164
0 0.632324 0.663012 0.012695 0.030702
0 0.608398 0.674708 0.013672 0.033626
0 0.639648 0.717836 0.017578 0.038012
0 0.593750 0.820175 0.023438 0.040936
0 0.875977 0.769006 0.019531 0.043860
0 0.924805 0.774123 0.017578 0.036550
0 0.891113 0.807749 0.016602 0.042398
0 0.926270 0.849415 0.018555 0.035088
0 0.895020 0.853070 0.018555 0.036550
0 0.828613 0.775585 0.018555 0.042398
0 0.851074 0.725877 0.014648 0.030702
0 0.939941 0.490497 0.010742 0.024854
0 0.943359 0.461257 0.011719 0.021930
0 0.962402 0.391813 0.008789 0.017544
0 0.963867 0.319444 0.005859 0.013158
0 0.945801 0.312135 0.008789 0.019006
0 0.256836 0.776316 0.017578 0.049708
0 0.290527 0.774123 0.018555 0.045322
0 0.270508 0.832602 0.021484 0.039474
0 0.936035 0.739766 0.016602 0.026316
0 0.892578 0.706871 0.017578 0.024854
0 0.927734 0.518275 0.007812 0.013158
0 0.955078 0.513889 0.011719 0.021930
0 0.747559 0.448099 0.014648 0.024854
0 0.733887 0.386696 0.014648 0.019006
0 0.827637 0.323830 0.010742 0.019006
0 0.806152 0.652047 0.012695 0.020468
0 0.951660 0.603070 0.014648 0.027778
0 0.988281 0.551170 0.009766 0.017544
0 0.141602 0.594298 0.013672 0.027778
0 0.141602 0.561404 0.013672 0.026316
0 0.034668 0.586257 0.014648 0.026316
0 0.030762 0.742690 0.012695 0.026316
0 0.327148 0.687865 0.009766 0.024854
0 0.024902 0.540936 0.012695 0.023392
