0 0.955566 0.355469 0.036133 0.049479
0 0.813965 0.423177 0.036133 0.054688
0 0.735352 0.365885 0.021484 0.036458
0 0.684570 0.383464 0.035156 0.058594
0 0.682129 0.277995 0.030273 0.048177
0 0.635742 0.344401 0.035156 0.050781
0 0.559082 0.360677 0.030273 0.049479
0 0.849121 0.201823 0.036133 0.057292
0 0.466797 0.399740 0.039062 0.057292
0 0.312500 0.375000 0.037109 0.052083
0 0.226562 0.368490 0.009766 0.020833
0 0.232910 0.343099 0.030273 0.050781
0 0.088867 0.349609 0.027344 0.045573
0 0.030762 0.402344 0.030273 0.044271
0 0.993164 0.510417 0.013672 0.028646
0 0.949219 0.524089 0.021484 0.032552
0 0.918457 0.546224 0.022461 0.037760
0 0.890625 0.522135 0.017578 0.028646
0 0.857910 0.529297 0.022461 0.029948
0 0.809570 0.527995 0.023438 0.035156
0 0.772949 0.543620 0.018555 0.027344
0 0.788086 0.522135 0.009766 0.015625
0 0.741211 0.501953 0.015625 0.022135
0 0.917969 0.522786 0.017578 0.024740
0 0.967773 0.526042 0.009766 0.015625
0 0.992676 0.553385 0.014648 0.028646
0 0.709473 0.539714 0.020508 0.032552
0 0.697754 0.516927 0.016602 0.031250
0 0.660156 0.507812 0.017578 0.026042
0 0.674805 0.541667 0.017578 0.026042
0 0.643555 0.557943 0.017578 0.029948
0 0.625000 0.530599 0.019531 0.024740
0 0.625977 0.509115 0.015625 0.026042
0 0.596191 0.523438 0.012695 0.026042
0 0.577637 0.516927 0.018555 0.028646
0 0.568848 0.555339 0.018555 0.027344
0 0.552734 0.513021 0.017578 0.028646
0 0.516113 0.531901 0.018555 0.029948
0 0.501953 0.564453 0.017578 0.027344
0 0.494141 0.529948 0.013672 0.028646
0 0.482422 0.516927 0.013672 0.023438
0 0.658691 0.458984 0.008789 0.014323
0 0.445312 0.526693 0.021484 0.029948
0 0.392578 0.512370 0.019531 0.029948
0 0.373535 0.552734 0.016602 0.027344
0 0.347656 0.562500 0.011719 0.020833
0 0.314941 0.561198 0.016602 0.028646
0 0.310059 0.519531 0.018555 0.031250
0 0.276855 0.503906 0.024414 0.033854
0 0.259277 0.514323 0.018555 0.031250
0 0.237793 0.529948 0.018555 0.023438
0 0.197266 0.525391 0.023438 0.032552
0 0.119141 0.503255 0.023438 0.032552
0 0.063965 0.527995 0.020508 0.029948
0 0.166016 0.505859 0.011719 0.022135
0 0.226562 0.508464 0.007812 0.016927
0 0.213867 0.509766 0.007812 0.014323
0 0.074707 0.495443 0.008789 0.014323
0 0.051270 0.493490 0.010742 0.018229
0 0.025391 0.542969 0.015625 0.028646
0 0.008789 0.532552 0.017578 0.033854
0 0.015625 0.514974 0.013672 0.024740
0 0.864258 0.505859 0.009766 0.016927
0 0.083008 0.480469 0.005859 0.010417
0 0.098145 0.483073 0.006836 0.010417
0 0.190430 0.494141 0.007812 0.011719
0 0.180664 0.483724 0.005859 0.009115
0 0.248535 0.492188 0.004883 0.010417
