0 0.519531 0.541667 0.009766 0.014368
0 0.032227 0.433190 0.005859 0.010057
0 0.044922 0.428161 0.005859 0.011494
0 0.049316 0.404454 0.006836 0.010057
0 0.059570 0.400144 0.005859 0.010057
0 0.062012 0.421695 0.004883 0.010057
0 0.057617 0.415948 0.005859 0.010057
0 0.080078 0.421695 0.005859 0.010057
0 0.087402 0.425287 0.006836 0.008621
0 0.094238 0.415948 0.006836 0.010057
0 0.093750 0.392241 0.005859 0.011494
0 0.080566 0.395115 0.006836 0.011494
0 0.083496 0.409483 0.006836 0.011494
0 0.154785 0.392960 0.006836 0.010057
0 0.158203 0.411638 0.005859 0.010057
0 0.231934 0.385776 0.004883 0.012931
0 0.190430 0.589080 0.017578 0.022989
0 0.249512 0.563937 0.014648 0.021552
0 0.275879 0.580460 0.010742 0.020115
0 0.332520 0.619971 0.012695 0.027299
0 0.150391 0.610632 0.013672 0.020115
0 0.470215 0.410201 0.004883 0.007184
0 0.438965 0.469109 0.006836 0.012931
0 0.495605 0.530891 0.008789 0.012931
0 0.443359 0.569684 0.009766 0.021552
0 0.426270 0.573276 0.010742 0.014368
0 0.453613 0.505029 0.008789 0.012931
0 0.581543 0.454023 0.006836 0.011494
0 0.609375 0.515086 0.007812 0.015805
0 0.656250 0.555316 0.009766 0.018678
0 0.566406 0.558908 0.009766 0.020115
0 0.537598 0.573994 0.012695 0.021552
0 0.606934 0.586207 0.010742 0.020115
0 0.651367 0.590517 0.009766 0.022989
0 0.549316 0.431753 0.004883 0.010057
0 0.361816 0.604167 0.016602 0.024425
0 0.451172 0.588362 0.009766 0.018678
0 0.470215 0.614224 0.012695 0.024425
0 0.500488 0.623563 0.008789 0.022989
0 0.581055 0.607040 0.011719 0.021552
0 0.358398 0.531609 0.007812 0.017241
0 0.365723 0.525862 0.008789 0.014368
0 0.420898 0.465517 0.007812 0.014368
0 0.400391 0.503592 0.009766 0.015805
0 0.844238 0.620690 0.010742 0.020115
0 0.899902 0.636494 0.012695 0.020115
0 0.834473 0.764368 0.024414 0.045977
0 0.915039 0.682471 0.017578 0.028736
0 0.673828 0.671695 0.013672 0.021552
0 0.503906 0.689655 0.013672 0.022989
0 0.257324 0.523707 0.012695 0.021552
0 0.290527 0.625718 0.010742 0.030172
0 0.298828 0.594828 0.011719 0.020115
