0 0.650879 0.094093 0.096680 0.188187
0 0.369141 0.671016 0.021484 0.070055
0 0.045898 0.933379 0.091797 0.133242
0 0.328613 0.434066 0.028320 0.046703
0 0.522949 0.538462 0.022461 0.024725
0 0.479980 0.483516 0.014648 0.024725
0 0.583496 0.436813 0.016602 0.030220
0 0.544434 0.246566 0.016602 0.031593
0 0.496582 0.225962 0.012695 0.026099
0 0.332520 0.364698 0.010742 0.026099
0 0.165039 0.388736 0.023438 0.043956
0 0.069336 0.208104 0.023438 0.061813
0 0.472656 0.233516 0.009766 0.027473
0 0.392090 0.236951 0.014648 0.028846
0 0.423340 0.243819 0.008789 0.020604
0 0.357422 0.248626 0.011719 0.019231
0 0.334961 0.243132 0.015625 0.027473
0 0.315430 0.235577 0.013672 0.020604
0 0.253418 0.238324 0.012695 0.026099
0 0.181152 0.260302 0.008789 0.015110
0 0.169922 0.230769 0.011719 0.024725
0 0.130859 0.252060 0.007812 0.015110
