0 0.112305 0.370050 0.048828 0.024752
0 0.173828 0.250619 0.041016 0.040842
0 0.221191 0.198639 0.047852 0.033416
0 0.276855 0.172030 0.041992 0.034653
0 0.339355 0.142327 0.040039 0.037129
0 0.322754 0.222772 0.018555 0.042079
0 0.312012 0.369431 0.024414 0.060644
0 0.492676 0.254950 0.036133 0.042079
0 0.534668 0.173267 0.040039 0.037129
0 0.561523 0.180693 0.023438 0.047030
0 0.573730 0.198639 0.018555 0.040842
0 0.612793 0.161510 0.038086 0.053218
0 0.650391 0.164604 0.033203 0.054455
0 0.704590 0.152228 0.028320 0.056931
0 0.761719 0.168317 0.037109 0.061881
0 0.798828 0.181312 0.029297 0.050743
0 0.658203 0.248762 0.031250 0.059406
0 0.831055 0.240099 0.033203 0.051980
0 0.883789 0.198020 0.025391 0.049505
0 0.864258 0.185025 0.021484 0.050743
0 0.913574 0.408416 0.030273 0.056931
0 0.983398 0.439975 0.025391 0.045792
