0 0.805664 0.230600 0.046875 0.068814
0 0.770508 0.297950 0.025391 0.048316
0 0.749023 0.258419 0.025391 0.045388
0 0.696777 0.297218 0.030273 0.055637
0 0.644043 0.302343 0.041992 0.068814
0 0.583008 0.278917 0.021484 0.039531
0 0.536621 0.259151 0.034180 0.055637
0 0.482422 0.277452 0.019531 0.030747
0 0.853516 0.262811 0.019531 0.036603
0 0.196777 0.292826 0.010742 0.017570
0 0.374512 0.243777 0.034180 0.051245
0 0.434570 0.278917 0.009766 0.019034
0 0.044434 0.276720 0.041992 0.067350
0 0.003906 0.311127 0.007812 0.019034
0 0.716309 0.265007 0.012695 0.020498
