0 0.225586 0.867041 0.046875 0.088639
0 0.108887 0.796504 0.051758 0.084894
0 0.139160 0.797753 0.038086 0.082397
0 0.176758 0.743446 0.041016 0.063670
0 0.259277 0.720974 0.041992 0.081149
0 0.321289 0.701623 0.046875 0.072409
0 0.308594 0.790886 0.046875 0.068664
0 0.401855 0.795256 0.043945 0.064919
0 0.027832 0.609863 0.036133 0.056180
0 0.109375 0.597378 0.029297 0.053683
0 0.161621 0.600499 0.034180 0.067416
0 0.194336 0.619850 0.029297 0.061174
0 0.265137 0.616729 0.028320 0.059925
0 0.339355 0.619226 0.040039 0.064919
0 0.350098 0.546816 0.032227 0.054931
0 0.419922 0.606117 0.033203 0.058677
0 0.440430 0.598627 0.017578 0.058677
0 0.428223 0.492509 0.034180 0.061174
0 0.401367 0.708489 0.048828 0.063670
0 0.430176 0.703496 0.030273 0.068664
0 0.497070 0.698502 0.056641 0.081149
0 0.449219 0.501248 0.021484 0.053683
0 0.462402 0.518727 0.016602 0.038702
0 0.547852 0.533708 0.037109 0.056180
0 0.486328 0.422597 0.027344 0.046192
0 0.394531 0.375780 0.017578 0.032459
0 0.547852 0.405119 0.025391 0.036205
0 0.541016 0.662297 0.039062 0.066167
0 0.475098 0.923845 0.055664 0.072409
0 0.469238 0.343945 0.014648 0.023720
0 0.516602 0.347066 0.015625 0.024969
0 0.423828 0.328340 0.009766 0.019975
0 0.394043 0.328340 0.010742 0.019975
0 0.598633 0.437578 0.019531 0.043695
0 0.576172 0.350811 0.021484 0.029963
0 0.712891 0.478152 0.035156 0.049938
0 0.722656 0.430087 0.019531 0.036205
0 0.742188 0.455680 0.023438 0.044944
0 0.778809 0.470037 0.032227 0.048689
0 0.748535 0.372035 0.016602 0.027466
0 0.616699 0.684145 0.049805 0.067416
0 0.692871 0.702871 0.040039 0.067416
0 0.755859 0.710986 0.039062 0.061174
0 0.773926 0.697253 0.034180 0.063670
0 0.590820 0.834582 0.041016 0.063670
0 0.571289 0.829588 0.039062 0.068664
0 0.651855 0.841448 0.041992 0.072409
0 0.716797 0.898876 0.066406 0.072409
0 0.817871 0.890762 0.041992 0.071161
0 0.863770 0.885768 0.053711 0.088639
0 0.783691 0.833333 0.049805 0.071161
0 0.807129 0.800874 0.036133 0.066167
0 0.854980 0.778402 0.036133 0.063670
0 0.631348 0.638577 0.038086 0.063670
0 0.951660 0.876404 0.057617 0.092385
0 0.877441 0.517478 0.022461 0.038702
0 0.758301 0.516854 0.030273 0.044944
0 0.869629 0.477528 0.028320 0.041199
0 0.617188 0.549313 0.042969 0.062422
0 0.701660 0.398252 0.020508 0.029963
0 0.857910 0.402622 0.022461 0.031211
0 0.424316 0.368914 0.022461 0.028714
0 0.435547 0.349563 0.017578 0.024969
