0 0.083984 0.234809 0.054688 0.059732
0 0.207031 0.196189 0.035156 0.046344
0 0.114258 0.196189 0.035156 0.040165
0 0.153809 0.145726 0.028320 0.033986
0 0.167969 0.097322 0.019531 0.023687
0 0.233398 0.159114 0.031250 0.038105
0 0.237305 0.311020 0.068359 0.086509
0 0.245605 0.093718 0.014648 0.020597
0 0.261230 0.116890 0.024414 0.031926
0 0.273438 0.098352 0.015625 0.023687
0 0.293457 0.132853 0.018555 0.032956
0 0.341797 0.095778 0.015625 0.022657
0 0.357910 0.066941 0.008789 0.012358
0 0.370605 0.080844 0.008789 0.009269
0 0.365723 0.122039 0.014648 0.015448
0 0.399414 0.092688 0.017578 0.020597
0 0.430664 0.091143 0.015625 0.019567
0 0.458984 0.108651 0.023438 0.029866
0 0.479492 0.097837 0.015625 0.022657
0 0.523926 0.094748 0.014648 0.020597
0 0.417480 0.074150 0.010742 0.012358
0 0.385742 0.065911 0.007812 0.010299
0 0.425781 0.065396 0.007812 0.009269
0 0.434570 0.079815 0.011719 0.017508
0 0.447266 0.077240 0.007812 0.012358
0 0.463867 0.076210 0.009766 0.012358
0 0.476074 0.076210 0.008789 0.014418
0 0.532227 0.127703 0.021484 0.026777
0 0.519531 0.151905 0.023438 0.036045
0 0.561035 0.093203 0.008789 0.013388
0 0.547363 0.064882 0.006836 0.010299
0 0.555664 0.075180 0.007812 0.010299
0 0.566406 0.077755 0.005859 0.011329
0 0.586914 0.073635 0.007812 0.011329
0 0.605957 0.072091 0.010742 0.014418
0 0.624512 0.075180 0.006836 0.010299
0 0.636719 0.081359 0.009766 0.014418
0 0.682617 0.080844 0.009766 0.015448
0 0.678711 0.109166 0.015625 0.022657
0 0.703125 0.114830 0.013672 0.019567
0 0.595703 0.111226 0.017578 0.022657
0 0.617676 0.109681 0.012695 0.019567
0 0.644043 0.146241 0.020508 0.030896
0 0.658691 0.147271 0.018555 0.028836
0 0.661621 0.112770 0.010742 0.015448
0 0.728027 0.144696 0.020508 0.031926
0 0.784668 0.135942 0.014648 0.024717
0 0.824707 0.142636 0.014648 0.025747
0 0.867188 0.171988 0.027344 0.039135
0 0.955566 0.191040 0.024414 0.038105
0 0.863770 0.238929 0.043945 0.061792
0 0.755859 0.202369 0.033203 0.042225
0 0.720215 0.188465 0.034180 0.047374
0 0.570312 0.208548 0.044922 0.056643
0 0.721191 0.289392 0.057617 0.090628
0 0.498535 0.256437 0.061523 0.084449
0 0.494141 0.111226 0.013672 0.020597
0 0.563477 0.069516 0.005859 0.007209
0 0.570312 0.062822 0.003906 0.008239
0 0.580566 0.073635 0.004883 0.007209
0 0.554688 0.066941 0.005859 0.006179
0 0.559570 0.063337 0.003906 0.005149
0 0.524902 0.079300 0.008789 0.008239
0 0.516113 0.083419 0.008789 0.010299
0 0.498535 0.067456 0.006836 0.009269
0 0.501953 0.057158 0.005859 0.007209
0 0.508301 0.053038 0.004883 0.005149
0 0.534668 0.068486 0.008789 0.011329
0 0.477051 0.046344 0.002930 0.004119
0 0.461426 0.060762 0.004883 0.006179
0 0.456055 0.056643 0.003906 0.006179
0 0.446289 0.056128 0.003906 0.005149
0 0.439941 0.042225 0.006836 0.010299
0 0.409668 0.070546 0.004883 0.005149
0 0.355957 0.080844 0.008789 0.007209
0 0.381836 0.048919 0.003906 0.005149
0 0.396973 0.052008 0.002930 0.005149
0 0.392090 0.053553 0.002930 0.004119
0 0.409668 0.049434 0.002930 0.004119
0 0.411621 0.049434 0.002930 0.004119
0 0.432617 0.050978 0.003906 0.005149
0 0.408691 0.041195 0.004883 0.004119
0 0.287598 0.115345 0.016602 0.022657
0 0.387207 0.077755 0.004883 0.005149
0 0.388672 0.115345 0.009766 0.014418
0 0.332520 0.098352 0.012695 0.023687
0 0.366699 0.052523 0.004883 0.006179
0 0.842773 0.173532 0.035156 0.048404
0 0.347168 0.209578 0.032227 0.042225
