0 0.975098 0.786571 0.018555 0.026379
0 0.810547 0.835731 0.005859 0.023981
0 0.865234 0.823141 0.009766 0.029976
0 0.969238 0.708034 0.004883 0.010791
0 0.762207 0.725420 0.008789 0.016787
0 0.870117 0.697242 0.007812 0.013189
0 0.958984 0.691847 0.003906 0.007194
0 0.948242 0.675659 0.003906 0.008393
0 0.870605 0.720624 0.008789 0.014388
0 0.875977 0.650480 0.003906 0.005995
0 0.928711 0.657074 0.003906 0.007194
0 0.842773 0.676859 0.003906 0.005995
0 0.983887 0.697842 0.008789 0.011990
0 0.740723 0.688849 0.004883 0.008393
0 0.776367 0.691247 0.005859 0.008393
0 0.791016 0.690647 0.005859 0.009592
0 0.697266 0.710432 0.007812 0.010791
0 0.671875 0.702638 0.005859 0.009592
0 0.660156 0.730815 0.009766 0.013189
0 0.588867 0.727218 0.005859 0.015588
0 0.659668 0.700839 0.004883 0.008393
0 0.584473 0.699640 0.004883 0.008393
0 0.539551 0.745204 0.008789 0.013189
0 0.502930 0.781175 0.009766 0.015588
0 0.501465 0.694245 0.004883 0.007194
0 0.481445 0.723621 0.005859 0.008393
0 0.463867 0.706235 0.007812 0.009592
0 0.438477 0.709233 0.005859 0.008393
0 0.486328 0.688849 0.003906 0.005995
0 0.543945 0.704436 0.007812 0.010791
0 0.412598 0.757194 0.008789 0.022782
0 0.358398 0.758993 0.015625 0.023981
0 0.385742 0.736211 0.011719 0.014388
0 0.316406 0.710432 0.007812 0.010791
0 0.283203 0.735612 0.011719 0.017986
0 0.267578 0.682854 0.007812 0.015588
0 0.254395 0.686451 0.002930 0.015588
0 0.381348 0.711631 0.006836 0.010791
0 0.579590 0.723621 0.006836 0.010791
0 0.585449 0.710432 0.008789 0.013189
0 0.566406 0.692446 0.005859 0.010791
0 0.115723 0.682254 0.004883 0.009592
0 0.100586 0.679257 0.005859 0.008393
0 0.089844 0.693645 0.003906 0.005995
0 0.429199 0.691247 0.004883 0.008393
0 0.404785 0.713429 0.006836 0.009592
0 0.301758 0.694245 0.005859 0.007194
0 0.377441 0.696643 0.004883 0.007194
0 0.364746 0.694844 0.006836 0.010791
0 0.357910 0.683453 0.004883 0.007194
0 0.821289 0.707434 0.005859 0.011990
0 0.821777 0.679856 0.002930 0.007194
0 0.722168 0.692446 0.004883 0.005995
0 0.797363 0.715827 0.008789 0.011990
0 0.707520 0.699041 0.006836 0.009592
0 0.701172 0.669664 0.003906 0.005995
0 0.760742 0.670863 0.003906 0.005995
0 0.961426 0.687050 0.004883 0.007194
0 0.892090 0.694844 0.004883 0.010791
0 0.890625 0.675060 0.007812 0.009592
0 0.965820 0.675060 0.005859 0.007194
0 0.971680 0.679856 0.005859 0.004796
0 0.961914 0.692446 0.003906 0.005995
0 0.964844 0.682854 0.003906 0.005995
0 0.629395 0.738010 0.006836 0.013189
0 0.649902 0.726019 0.010742 0.013189
0 0.566406 0.713429 0.007812 0.009592
0 0.575195 0.702038 0.005859 0.008393
0 0.694824 0.685252 0.004883 0.008393
0 0.624023 0.685252 0.005859 0.005995
0 0.430176 0.721223 0.004883 0.013189
0 0.451660 0.757794 0.006836 0.016787
0 0.731445 0.707434 0.005859 0.009592
0 0.915039 0.696043 0.005859 0.008393
0 0.919434 0.719424 0.006836 0.014388
0 0.688477 0.669065 0.003906 0.004796
