0 0.934082 0.800862 0.038086 0.074138
0 0.983887 0.898276 0.032227 0.082759
0 0.763184 0.803448 0.038086 0.075862
0 0.854980 0.743966 0.036133 0.084483
0 0.932617 0.745690 0.033203 0.074138
0 0.950195 0.641379 0.031250 0.062069
0 0.833008 0.670690 0.025391 0.051724
0 0.704102 0.768966 0.033203 0.068966
0 0.656250 0.943103 0.041016 0.086207
0 0.655273 0.831897 0.031250 0.056897
0 0.873047 0.684483 0.025391 0.055172
0 0.903320 0.637069 0.025391 0.053448
0 0.835449 0.593103 0.022461 0.037931
0 0.793945 0.612931 0.023438 0.043103
0 0.911621 0.594828 0.020508 0.034483
0 0.958008 0.549138 0.019531 0.036207
0 0.923340 0.547414 0.018555 0.036207
0 0.889648 0.497414 0.017578 0.032759
0 0.853027 0.542241 0.018555 0.029310
0 0.982422 0.517241 0.015625 0.034483
0 0.751953 0.662931 0.023438 0.053448
0 0.780273 0.581034 0.017578 0.037931
0 0.800293 0.528448 0.014648 0.029310
0 0.568359 0.679310 0.031250 0.058621
0 0.574707 0.596552 0.020508 0.041379
0 0.612793 0.582759 0.018555 0.037931
0 0.628906 0.530172 0.017578 0.036207
0 0.664551 0.467241 0.014648 0.031034
0 0.584473 0.543966 0.018555 0.036207
0 0.557129 0.563793 0.018555 0.034483
0 0.558594 0.518103 0.017578 0.029310
0 0.591309 0.504310 0.014648 0.025862
0 0.608887 0.490517 0.010742 0.029310
0 0.613770 0.447414 0.014648 0.029310
0 0.562012 0.474138 0.016602 0.027586
0 0.490234 0.582759 0.019531 0.037931
0 0.512207 0.520690 0.014648 0.031034
0 0.479004 0.639655 0.020508 0.044828
0 0.511719 0.475000 0.013672 0.025862
0 0.546387 0.464655 0.010742 0.022414
0 0.572266 0.426724 0.013672 0.025862
0 0.491211 0.450000 0.011719 0.024138
0 0.520020 0.433621 0.012695 0.022414
0 0.643066 0.434483 0.014648 0.027586
0 0.678711 0.443966 0.015625 0.025862
0 0.695801 0.429310 0.010742 0.024138
0 0.719727 0.454310 0.013672 0.029310
0 0.728027 0.420690 0.012695 0.020690
0 0.413574 0.730172 0.028320 0.046552
0 0.462891 0.512069 0.017578 0.034483
0 0.431152 0.530172 0.020508 0.039655
0 0.449219 0.482759 0.017578 0.031034
0 0.400391 0.515517 0.017578 0.034483
0 0.418457 0.450000 0.012695 0.027586
0 0.346680 0.601724 0.021484 0.044828
0 0.382324 0.576724 0.020508 0.039655
0 0.327637 0.565517 0.020508 0.037931
0 0.289062 0.556034 0.015625 0.029310
0 0.291992 0.506897 0.015625 0.031034
0 0.282715 0.618103 0.018555 0.039655
0 0.270996 0.567241 0.014648 0.031034
0 0.276855 0.450000 0.012695 0.027586
0 0.327148 0.479310 0.013672 0.031034
0 0.347656 0.481034 0.013672 0.031034
0 0.386230 0.464655 0.012695 0.022414
0 0.383789 0.496552 0.011719 0.027586
0 0.446777 0.453448 0.014648 0.027586
0 0.433594 0.424138 0.011719 0.024138
0 0.451172 0.386207 0.011719 0.020690
0 0.493652 0.416379 0.010742 0.022414
0 0.476562 0.453448 0.009766 0.020690
0 0.539062 0.420690 0.011719 0.024138
0 0.346191 0.425000 0.012695 0.025862
0 0.372559 0.438793 0.012695 0.029310
0 0.388184 0.422414 0.012695 0.024138
0 0.318359 0.432759 0.011719 0.027586
0 0.286133 0.434483 0.013672 0.024138
0 0.279297 0.400862 0.011719 0.025862
0 0.293945 0.386207 0.011719 0.020690
0 0.332031 0.401724 0.011719 0.024138
0 0.357910 0.385345 0.012695 0.025862
0 0.380371 0.392241 0.010742 0.022414
0 0.395508 0.383621 0.009766 0.022414
0 0.411621 0.408621 0.008789 0.020690
0 0.322266 0.390517 0.009766 0.018966
0 0.264648 0.371552 0.009766 0.018966
0 0.283203 0.376724 0.007812 0.015517
0 0.275879 0.350000 0.006836 0.017241
0 0.302246 0.346552 0.006836 0.017241
0 0.333984 0.368103 0.005859 0.015517
0 0.336426 0.345690 0.008789 0.015517
0 0.369141 0.367241 0.007812 0.017241
0 0.383301 0.369828 0.008789 0.018966
0 0.395020 0.358621 0.008789 0.013793
0 0.376465 0.350862 0.008789 0.018966
0 0.387207 0.332759 0.008789 0.017241
0 0.364746 0.341379 0.010742 0.017241
0 0.354980 0.330172 0.006836 0.015517
0 0.372070 0.320690 0.007812 0.017241
0 0.324707 0.333621 0.008789 0.015517
0 0.340820 0.330172 0.007812 0.015517
0 0.332031 0.305172 0.005859 0.013793
0 0.324707 0.297414 0.006836 0.012069
0 0.316406 0.322414 0.005859 0.013793
0 0.303223 0.307759 0.006836 0.012069
0 0.293945 0.318103 0.007812 0.015517
0 0.270020 0.327586 0.008789 0.013793
0 0.273438 0.312931 0.007812 0.015517
0 0.281738 0.297414 0.006836 0.015517
0 0.307617 0.288793 0.005859 0.015517
0 0.410156 0.341379 0.007812 0.017241
0 0.426270 0.363793 0.008789 0.017241
0 0.418457 0.347414 0.006836 0.018966
0 0.428711 0.326724 0.007812 0.015517
0 0.446777 0.343966 0.006836 0.015517
0 0.461914 0.325862 0.007812 0.017241
0 0.491211 0.365517 0.009766 0.020690
0 0.481934 0.358621 0.008789 0.017241
0 0.471680 0.356034 0.007812 0.018966
0 0.479004 0.318966 0.006836 0.017241
0 0.483887 0.307759 0.006836 0.015517
0 0.460938 0.301724 0.007812 0.017241
0 0.433105 0.306034 0.006836 0.015517
0 0.416992 0.298276 0.007812 0.013793
0 0.407227 0.315517 0.007812 0.013793
0 0.401367 0.308621 0.007812 0.017241
0 0.411133 0.289655 0.007812 0.013793
0 0.388184 0.298276 0.006836 0.010345
0 0.357422 0.304310 0.005859 0.015517
0 0.371094 0.283621 0.005859 0.012069
0 0.348145 0.287069 0.004883 0.012069
0 0.357422 0.283621 0.005859 0.012069
0 0.363770 0.273276 0.004883 0.012069
0 0.338867 0.279310 0.007812 0.013793
0 0.325195 0.264655 0.005859 0.008621
0 0.315918 0.272414 0.004883 0.010345
0 0.337402 0.262931 0.004883 0.012069
0 0.345703 0.260345 0.003906 0.010345
0 0.303223 0.278448 0.006836 0.012069
0 0.289062 0.274138 0.005859 0.013793
0 0.295898 0.271552 0.005859 0.008621
0 0.274414 0.292241 0.007812 0.012069
0 0.251953 0.299138 0.005859 0.015517
0 0.259277 0.295690 0.004883 0.012069
0 0.443848 0.286207 0.006836 0.013793
0 0.432617 0.279310 0.005859 0.013793
0 0.454590 0.280172 0.006836 0.015517
0 0.469727 0.262069 0.005859 0.013793
0 0.587891 0.401724 0.013672 0.024138
0 0.633789 0.407759 0.011719 0.025862
0 0.672363 0.401724 0.012695 0.020690
0 0.660645 0.425000 0.012695 0.025862
0 0.710938 0.403448 0.011719 0.027586
0 0.695312 0.386207 0.011719 0.024138
0 0.750488 0.388793 0.014648 0.025862
0 0.736328 0.384483 0.011719 0.024138
0 0.712402 0.362069 0.012695 0.020690
0 0.728027 0.350862 0.008789 0.018966
0 0.691895 0.368103 0.012695 0.022414
0 0.616211 0.337069 0.009766 0.018966
0 0.602051 0.362931 0.008789 0.018966
0 0.582520 0.353448 0.010742 0.020690
0 0.572754 0.396552 0.008789 0.020690
0 0.554199 0.406034 0.012695 0.022414
0 0.555176 0.362931 0.010742 0.018966
0 0.541504 0.382759 0.010742 0.017241
0 0.530273 0.400000 0.009766 0.024138
0 0.525879 0.374138 0.008789 0.017241
0 0.535645 0.339655 0.008789 0.013793
0 0.562500 0.322414 0.007812 0.017241
0 0.579590 0.324138 0.008789 0.017241
0 0.593262 0.330172 0.006836 0.015517
0 0.604980 0.333621 0.008789 0.018966
0 0.522949 0.331034 0.008789 0.017241
0 0.548828 0.315517 0.007812 0.017241
0 0.533691 0.320690 0.004883 0.010345
0 0.531738 0.303448 0.006836 0.013793
0 0.542480 0.300862 0.006836 0.018966
0 0.495117 0.299138 0.005859 0.012069
0 0.511719 0.291379 0.009766 0.017241
0 0.545410 0.286207 0.006836 0.010345
0 0.555664 0.306897 0.007812 0.013793
0 0.573730 0.303448 0.006836 0.017241
0 0.577148 0.285345 0.007812 0.015517
0 0.553711 0.275000 0.005859 0.012069
0 0.604492 0.303448 0.005859 0.010345
0 0.628418 0.300862 0.006836 0.012069
0 0.638184 0.313793 0.008789 0.017241
0 0.620605 0.289655 0.006836 0.013793
0 0.611328 0.281897 0.007812 0.012069
0 0.651367 0.295690 0.007812 0.015517
0 0.642578 0.289655 0.005859 0.013793
0 0.672363 0.350000 0.008789 0.020690
0 0.647949 0.366379 0.008789 0.015517
0 0.717285 0.331034 0.006836 0.017241
0 0.737793 0.322414 0.008789 0.020690
0 0.751953 0.358621 0.009766 0.020690
0 0.770508 0.339655 0.009766 0.020690
0 0.770996 0.417241 0.012695 0.024138
0 0.771973 0.387931 0.010742 0.024138
0 0.792480 0.490517 0.014648 0.029310
0 0.789062 0.442241 0.013672 0.025862
0 0.786621 0.367241 0.008789 0.020690
0 0.803223 0.351724 0.008789 0.020690
0 0.798828 0.323276 0.007812 0.018966
0 0.786133 0.328448 0.009766 0.018966
0 0.750000 0.315517 0.007812 0.017241
0 0.767578 0.317241 0.007812 0.013793
0 0.738770 0.300862 0.008789 0.015517
0 0.728516 0.303448 0.007812 0.013793
0 0.716309 0.312931 0.006836 0.015517
0 0.692871 0.305172 0.006836 0.013793
0 0.663574 0.324138 0.008789 0.017241
0 0.645996 0.332759 0.006836 0.017241
0 0.686035 0.292241 0.006836 0.015517
0 0.670898 0.279310 0.005859 0.010345
0 0.663574 0.262069 0.006836 0.013793
0 0.649902 0.276724 0.006836 0.015517
0 0.636719 0.268103 0.005859 0.012069
0 0.621582 0.257759 0.006836 0.012069
0 0.650391 0.257759 0.005859 0.015517
0 0.704590 0.326724 0.006836 0.018966
0 0.683105 0.316379 0.006836 0.012069
0 0.713867 0.295690 0.007812 0.015517
0 0.713379 0.280172 0.006836 0.012069
0 0.734375 0.263793 0.007812 0.013793
0 0.708008 0.261207 0.005859 0.008621
0 0.713379 0.269828 0.006836 0.012069
0 0.703613 0.280172 0.006836 0.012069
0 0.977051 0.475862 0.016602 0.031034
0 0.991699 0.456897 0.016602 0.031034
0 0.942383 0.453448 0.017578 0.027586
0 0.921875 0.490517 0.017578 0.032759
0 0.887207 0.467241 0.016602 0.027586
0 0.900879 0.440517 0.014648 0.025862
0 0.883789 0.425862 0.015625 0.027586
0 0.831543 0.475862 0.016602 0.027586
0 0.837891 0.518966 0.017578 0.031034
0 0.822266 0.454310 0.015625 0.029310
0 0.846680 0.434483 0.015625 0.027586
0 0.861328 0.412931 0.013672 0.025862
0 0.836426 0.412069 0.012695 0.024138
0 0.812500 0.413793 0.015625 0.027586
0 0.811035 0.379310 0.012695 0.024138
0 0.826660 0.375862 0.008789 0.020690
0 0.842285 0.382759 0.010742 0.024138
0 0.875488 0.381897 0.010742 0.022414
0 0.899902 0.377586 0.010742 0.024138
0 0.933594 0.431034 0.013672 0.027586
0 0.925781 0.414655 0.017578 0.032759
0 0.946777 0.412069 0.010742 0.024138
0 0.932617 0.378448 0.011719 0.022414
0 0.958496 0.376724 0.012695 0.022414
0 0.991211 0.400000 0.013672 0.027586
0 0.979980 0.404310 0.012695 0.025862
0 0.990723 0.380172 0.012695 0.025862
0 0.950684 0.350862 0.010742 0.022414
0 0.933105 0.337069 0.010742 0.018966
0 0.921387 0.361207 0.010742 0.022414
0 0.908203 0.357759 0.011719 0.022414
0 0.894531 0.342241 0.009766 0.015517
0 0.912598 0.330172 0.010742 0.018966
0 0.879395 0.357759 0.010742 0.018966
0 0.868652 0.341379 0.010742 0.017241
0 0.840820 0.356897 0.011719 0.017241
0 0.833984 0.346552 0.011719 0.020690
0 0.843750 0.323276 0.007812 0.018966
0 0.808594 0.318966 0.007812 0.010345
0 0.872559 0.315517 0.008789 0.013793
0 0.897949 0.318103 0.008789 0.018966
0 0.885742 0.318966 0.009766 0.017241
0 0.887207 0.298276 0.008789 0.017241
0 0.876953 0.299138 0.009766 0.018966
0 0.976562 0.355172 0.009766 0.020690
0 0.985352 0.338793 0.009766 0.018966
0 0.997559 0.322414 0.004883 0.017241
0 0.979492 0.322414 0.007812 0.017241
0 0.924316 0.323276 0.010742 0.018966
0 0.946289 0.287931 0.009766 0.017241
0 0.923340 0.290517 0.008789 0.012069
0 0.910156 0.305172 0.007812 0.017241
0 0.913086 0.287931 0.007812 0.017241
0 0.901367 0.296552 0.007812 0.017241
0 0.888184 0.270690 0.006836 0.013793
0 0.882812 0.280172 0.007812 0.015517
0 0.870605 0.279310 0.008789 0.017241
0 0.858887 0.280172 0.008789 0.015517
0 0.850098 0.309483 0.008789 0.015517
0 0.837402 0.307759 0.006836 0.012069
0 0.809570 0.311207 0.007812 0.018966
0 0.501465 0.320690 0.008789 0.017241
0 0.506836 0.372414 0.009766 0.020690
0 0.393555 0.283621 0.007812 0.012069
0 0.389160 0.273276 0.006836 0.015517
0 0.523926 0.254310 0.006836 0.012069
0 0.513184 0.265517 0.004883 0.010345
0 0.597656 0.259483 0.005859 0.012069
0 0.614258 0.309483 0.007812 0.015517
0 0.524414 0.280172 0.007812 0.015517
0 0.502441 0.291379 0.008789 0.013793
0 0.656250 0.381897 0.009766 0.018966
0 0.972168 0.271552 0.006836 0.012069
0 0.983398 0.288793 0.005859 0.012069
0 0.994141 0.269828 0.007812 0.015517
0 0.838867 0.281897 0.009766 0.015517
0 0.836914 0.241379 0.005859 0.013793
0 0.838867 0.264655 0.007812 0.015517
0 0.815918 0.288793 0.008789 0.015517
0 0.425781 0.592241 0.021484 0.043103
0 0.817383 0.333621 0.009766 0.018966
0 0.820801 0.315517 0.008789 0.013793
0 0.421875 0.406897 0.009766 0.020690
0 0.297852 0.420690 0.011719 0.020690
0 0.499512 0.348276 0.010742 0.020690
