0 0.196289 0.358543 0.011719 0.019608
0 0.152344 0.380952 0.011719 0.019608
0 0.130859 0.316527 0.009766 0.019608
0 0.060547 0.483894 0.011719 0.026611
0 0.013672 0.379552 0.013672 0.025210
0 0.345215 0.507003 0.014648 0.028011
0 0.450684 0.502801 0.010742 0.019608
0 0.356445 0.569328 0.011719 0.018207
0 0.775391 0.495098 0.011719 0.021008
0 0.830078 0.505602 0.011719 0.019608
0 0.811523 0.486695 0.011719 0.018207
0 0.913086 0.507003 0.011719 0.022409
0 0.949219 0.539216 0.009766 0.019608
0 0.958008 0.595938 0.009766 0.021008
0 0.779297 0.572129 0.009766 0.021008
0 0.744629 0.505602 0.012695 0.025210
0 0.852539 0.540616 0.011719 0.019608
0 0.485840 0.549720 0.010742 0.015406
0 0.474121 0.564426 0.012695 0.019608
0 0.419434 0.574230 0.010742 0.016807
0 0.579590 0.521709 0.010742 0.023810
0 0.376953 0.605742 0.009766 0.018207
