0 0.410156 0.507955 0.021484 0.047727
0 0.437012 0.386364 0.016602 0.036364
0 0.351074 0.455682 0.016602 0.047727
0 0.402344 0.407955 0.019531 0.047727
0 0.461914 0.686364 0.035156 0.077273
0 0.293945 0.503409 0.023438 0.065909
0 0.322266 0.525000 0.023438 0.050000
0 0.267578 0.523864 0.025391 0.056818
0 0.174805 0.503409 0.019531 0.056818
0 0.204590 0.696591 0.024414 0.065909
0 0.187012 0.607955 0.024414 0.065909
0 0.235840 0.540909 0.018555 0.059091
0 0.358887 0.588636 0.018555 0.063636
0 0.367188 0.371591 0.013672 0.038636
0 0.407715 0.362500 0.016602 0.043182
0 0.386230 0.560227 0.018555 0.052273
0 0.252930 0.364773 0.013672 0.043182
0 0.291992 0.347727 0.013672 0.045455
0 0.299316 0.692045 0.026367 0.088636
0 0.457031 0.360227 0.013672 0.038636
0 0.445312 0.275000 0.011719 0.031818
0 0.231445 0.451136 0.017578 0.043182
0 0.239746 0.307955 0.012695 0.038636
0 0.465820 0.312500 0.011719 0.034091
0 0.289551 0.434091 0.014648 0.045455
0 0.321289 0.482955 0.017578 0.047727
0 0.350586 0.370455 0.017578 0.045455
0 0.188965 0.435227 0.016602 0.052273
0 0.302246 0.332955 0.014648 0.034091
0 0.091309 0.663636 0.030273 0.077273
0 0.115234 0.629545 0.027344 0.068182
0 0.118652 0.536364 0.018555 0.054545
0 0.111328 0.475000 0.019531 0.045455
0 0.060547 0.500000 0.021484 0.045455
0 0.029785 0.827273 0.034180 0.086364
0 0.057617 0.426136 0.019531 0.047727
0 0.141602 0.302273 0.011719 0.031818
0 0.040039 0.345455 0.013672 0.027273
0 0.083984 0.372727 0.007812 0.022727
0 0.167969 0.317045 0.015625 0.038636
0 0.427246 0.285227 0.010742 0.029545
0 0.492676 0.347727 0.012695 0.040909
0 0.453125 0.246591 0.011719 0.029545
0 0.466309 0.279545 0.012695 0.031818
0 0.385254 0.247727 0.010742 0.031818
0 0.407715 0.246591 0.010742 0.029545
0 0.361816 0.238636 0.012695 0.031818
0 0.436035 0.255682 0.012695 0.029545
0 0.897461 0.329545 0.017578 0.050000
0 0.830566 0.138636 0.018555 0.086364
0 0.768066 0.434091 0.016602 0.040909
0 0.706055 0.311364 0.013672 0.045455
0 0.640137 0.552273 0.010742 0.031818
0 0.550293 0.496591 0.010742 0.029545
0 0.420410 0.620455 0.010742 0.045455
0 0.370117 0.350000 0.015625 0.040909
0 0.411621 0.227273 0.010742 0.027273
0 0.053711 0.548864 0.023438 0.056818
0 0.037109 0.061364 0.013672 0.036364
0 0.027832 0.121591 0.010742 0.025000
0 0.145020 0.061364 0.008789 0.022727
0 0.238770 0.111364 0.008789 0.022727
0 0.298828 0.192045 0.009766 0.025000
0 0.319824 0.119318 0.006836 0.020455
0 0.269531 0.290909 0.011719 0.031818
0 0.187012 0.303409 0.014648 0.038636
0 0.407227 0.053409 0.009766 0.025000
0 0.395508 0.280682 0.013672 0.038636
0 0.463379 0.444318 0.018555 0.052273
0 0.492676 0.411364 0.016602 0.050000
0 0.218262 0.385227 0.012695 0.043182
