0 0.139648 0.360743 0.019531 0.037135
0 0.245117 0.479443 0.095703 0.171088
0 0.372559 0.375995 0.030273 0.041114
0 0.480469 0.364721 0.029297 0.039788
0 0.187500 0.373342 0.019531 0.019894
0 0.104492 0.370027 0.011719 0.018568
0 0.560547 0.431034 0.039062 0.058355
0 0.923828 0.560345 0.121094 0.200265
0 0.656250 0.681034 0.123047 0.179045
0 0.682129 0.425729 0.022461 0.058355
0 0.775391 0.407162 0.050781 0.068966
0 0.586914 0.363395 0.017578 0.037135
0 0.541016 0.353448 0.031250 0.051724
0 0.621094 0.358753 0.013672 0.025199
0 0.377441 0.178382 0.010742 0.017241
0 0.386719 0.251326 0.009766 0.014589
0 0.437500 0.296419 0.003906 0.003979
0 0.444336 0.256631 0.005859 0.009284
0 0.424805 0.271220 0.003906 0.006631
0 0.151367 0.289125 0.005859 0.007958
