0 0.923828 0.450076 0.017578 0.043873
0 0.799316 0.431165 0.008789 0.015129
0 0.995117 0.469743 0.009766 0.031770
0 0.750977 0.478820 0.025391 0.052950
0 0.717285 0.437216 0.016602 0.030257
0 0.678223 0.426626 0.008789 0.018154
0 0.741211 0.433434 0.013672 0.025719
0 0.607910 0.405446 0.014648 0.030257
0 0.649414 0.442511 0.009766 0.016641
0 0.560059 0.521180 0.024414 0.049924
0 0.482422 0.419818 0.015625 0.031770
0 0.459473 0.431921 0.022461 0.059002
0 0.384766 0.411498 0.013672 0.024206
0 0.345703 0.426626 0.009766 0.021180
0 0.343750 0.365356 0.009766 0.019667
0 0.312988 0.394856 0.012695 0.021180
0 0.299805 0.430408 0.019531 0.043873
0 0.106934 0.431165 0.016602 0.039334
0 0.041504 0.444024 0.016602 0.031770
0 0.017578 0.444781 0.009766 0.027231
0 0.577148 0.444781 0.007812 0.012103
