0 0.012207 0.434566 0.018555 0.032717
0 0.032715 0.472973 0.020508 0.029872
0 0.096680 0.444523 0.017578 0.029872
0 0.044434 0.608108 0.057617 0.086771
0 0.195312 0.551920 0.042969 0.079659
0 0.216797 0.522760 0.025391 0.055477
0 0.201660 0.471550 0.018555 0.041252
0 0.211426 0.430299 0.012695 0.021337
0 0.323730 0.438834 0.018555 0.029872
0 0.296387 0.506401 0.030273 0.054054
0 0.347656 0.524182 0.033203 0.066856
0 0.391602 0.477240 0.023438 0.049787
0 0.362793 0.402560 0.008789 0.014225
0 0.403320 0.431010 0.017578 0.031294
0 0.426270 0.448791 0.014648 0.027027
0 0.440430 0.497866 0.029297 0.056899
0 0.465332 0.491465 0.022461 0.044097
0 0.467773 0.408962 0.011719 0.015647
0 0.541992 0.548364 0.021484 0.035562
0 0.576172 0.570413 0.037109 0.073969
0 0.454590 0.618777 0.036133 0.076814
0 0.472168 0.701280 0.057617 0.130868
0 0.597656 0.448080 0.015625 0.034139
0 0.687500 0.448080 0.021484 0.036984
0 0.677734 0.492176 0.021484 0.039829
0 0.709473 0.488620 0.028320 0.052632
0 0.697754 0.416785 0.010742 0.019915
0 0.714355 0.421053 0.012695 0.025605
0 0.741699 0.436700 0.014648 0.034139
0 0.567871 0.447368 0.022461 0.035562
0 0.637695 0.495733 0.031250 0.066856
0 0.790527 0.508535 0.045898 0.075391
0 0.817383 0.420341 0.015625 0.027027
0 0.856445 0.508535 0.033203 0.061166
0 0.836426 0.393314 0.010742 0.018492
0 0.899414 0.399716 0.011719 0.019915
0 0.916992 0.443812 0.029297 0.042674
0 0.953613 0.430299 0.022461 0.038407
0 0.946289 0.549075 0.042969 0.071124
0 0.984863 0.504979 0.026367 0.059744
0 0.709473 0.396159 0.008789 0.018492
