0 0.313477 0.664365 0.082031 0.176796
0 0.856934 0.272790 0.022461 0.169890
0 0.854980 0.307320 0.055664 0.172652
0 0.759277 0.359116 0.079102 0.151934
0 0.637207 0.383287 0.086914 0.169890
0 0.617676 0.231354 0.073242 0.150552
0 0.526367 0.265193 0.083984 0.162983
0 0.448242 0.174033 0.052734 0.135359
0 0.352539 0.177486 0.066406 0.142265
0 0.314453 0.156077 0.070312 0.146409
0 0.225098 0.149862 0.071289 0.131215
0 0.125488 0.133287 0.065430 0.125691
0 0.079590 0.220994 0.057617 0.104972
0 0.979492 0.091851 0.037109 0.156077
0 0.805176 0.081492 0.079102 0.149171
0 0.870605 0.037293 0.075195 0.074586
0 0.661621 0.075276 0.069336 0.142265
0 0.570801 0.115331 0.057617 0.133978
0 0.561523 0.098757 0.060547 0.117403
0 0.446777 0.087017 0.038086 0.085635
