0 0.130371 0.535180 0.065430 0.103293
0 0.200195 0.476796 0.019531 0.034431
0 0.226562 0.458832 0.015625 0.022455
0 0.230469 0.489521 0.015625 0.032934
0 0.264648 0.487275 0.017578 0.043413
0 0.307129 0.470060 0.012695 0.017964
0 0.326172 0.483533 0.015625 0.023952
0 0.339844 0.471557 0.013672 0.023952
0 0.379883 0.480539 0.019531 0.029940
0 0.446289 0.490269 0.019531 0.031437
0 0.480957 0.507485 0.020508 0.035928
0 0.497070 0.507485 0.013672 0.029940
0 0.491699 0.477545 0.012695 0.026946
0 0.526367 0.481287 0.013672 0.022455
0 0.549316 0.502994 0.014648 0.032934
0 0.579102 0.470060 0.019531 0.032934
0 0.656250 0.473802 0.015625 0.040419
0 0.607422 0.159431 0.021484 0.046407
0 0.700684 0.508982 0.022461 0.041916
0 0.684082 0.470808 0.018555 0.034431
0 0.710938 0.477545 0.015625 0.032934
0 0.732422 0.478293 0.009766 0.031437
0 0.763672 0.449102 0.027344 0.047904
0 0.791992 0.422156 0.042969 0.071856
0 0.888184 0.493263 0.012695 0.031437
0 0.957031 0.464820 0.023438 0.043413
0 0.950684 0.437126 0.024414 0.053892
0 0.605469 0.459581 0.013672 0.026946
0 0.636719 0.466317 0.017578 0.034431
0 0.414551 0.467814 0.010742 0.022455
