0 0.966309 0.331288 0.067383 0.147239
0 0.837891 0.338190 0.039062 0.081288
0 0.886230 0.236963 0.008789 0.013804
0 0.860840 0.244632 0.006836 0.013804
0 0.837891 0.258436 0.009766 0.016871
0 0.812988 0.234663 0.004883 0.012270
0 0.768066 0.309816 0.043945 0.079755
0 0.735840 0.241564 0.012695 0.023006
0 0.715332 0.252301 0.014648 0.029141
0 0.694824 0.287577 0.018555 0.038344
0 0.650391 0.323620 0.050781 0.098160
0 0.609375 0.317485 0.029297 0.067485
0 0.579590 0.278374 0.016602 0.038344
0 0.556641 0.253067 0.009766 0.021472
0 0.549805 0.230828 0.005859 0.013804
0 0.534180 0.232362 0.005859 0.010736
0 0.534180 0.322086 0.039062 0.073620
0 0.435059 0.302147 0.038086 0.082822
0 0.494629 0.321319 0.020508 0.044479
0 0.490723 0.239264 0.008789 0.021472
0 0.484863 0.236196 0.006836 0.018405
0 0.506836 0.243865 0.005859 0.015337
0 0.418945 0.247699 0.011719 0.023006
0 0.410156 0.263804 0.009766 0.021472
0 0.407715 0.236963 0.006836 0.016871
0 0.394043 0.305215 0.028320 0.052147
0 0.274902 0.363497 0.041992 0.082822
0 0.309082 0.362730 0.030273 0.065951
0 0.276367 0.273006 0.015625 0.030675
0 0.323242 0.246166 0.007812 0.016871
0 0.191895 0.290644 0.018555 0.032209
0 0.214355 0.318252 0.022461 0.041411
0 0.213867 0.269172 0.011719 0.019939
0 0.166504 0.319018 0.024414 0.046012
0 0.106934 0.462423 0.079102 0.139571
0 0.091797 0.327454 0.033203 0.069018
0 0.062500 0.288344 0.015625 0.027607
0 0.009277 0.376534 0.018555 0.072086
0 0.076660 0.337423 0.022461 0.049080
0 0.161133 0.258436 0.009766 0.023006
0 0.247070 0.358129 0.027344 0.053681
0 0.328125 0.282975 0.011719 0.023006
0 0.264648 0.250000 0.007812 0.015337
0 0.039062 0.381902 0.027344 0.055215
0 0.234375 0.256135 0.011719 0.018405
