0 0.312500 0.763554 0.009766 0.024096
0 0.355469 0.768825 0.007812 0.019578
0 0.384277 0.745482 0.010742 0.021084
0 0.409180 0.752259 0.009766 0.019578
0 0.438965 0.777861 0.010742 0.019578
0 0.446289 0.756024 0.009766 0.018072
0 0.460449 0.786898 0.008789 0.016566
0 0.490723 0.776355 0.008789 0.019578
0 0.525879 0.760542 0.010742 0.021084
0 0.519043 0.734940 0.008789 0.018072
0 0.614746 0.756777 0.010742 0.016566
0 0.652832 0.739458 0.010742 0.021084
0 0.642578 0.716867 0.011719 0.021084
0 0.671875 0.715361 0.009766 0.018072
0 0.748535 0.713102 0.010742 0.028614
0 0.682617 0.731175 0.009766 0.019578
