0 0.942871 0.738062 0.018555 0.035112
0 0.917969 0.700140 0.015625 0.032303
0 0.937500 0.698034 0.015625 0.025281
0 0.886230 0.691713 0.016602 0.026685
0 0.875000 0.711376 0.015625 0.032303
0 0.860352 0.750000 0.023438 0.036517
0 0.853516 0.711376 0.017578 0.026685
0 0.800293 0.724017 0.020508 0.035112
0 0.790527 0.683989 0.012695 0.019663
0 0.759277 0.733146 0.012695 0.033708
0 0.715332 0.720506 0.014648 0.030899
0 0.726562 0.718399 0.013672 0.029494
0 0.691895 0.724719 0.020508 0.030899
0 0.660645 0.684691 0.012695 0.023876
0 0.606934 0.719101 0.018555 0.033708
0 0.619141 0.719101 0.013672 0.028090
0 0.625000 0.720506 0.013672 0.025281
0 0.649902 0.702247 0.020508 0.028090
0 0.571289 0.692416 0.019531 0.030899
0 0.568848 0.648876 0.012695 0.016854
0 0.556152 0.698736 0.012695 0.023876
0 0.520020 0.752809 0.020508 0.036517
0 0.534668 0.747191 0.016602 0.030899
0 0.528320 0.705758 0.009766 0.021067
0 0.503906 0.691011 0.011719 0.022472
0 0.485840 0.696629 0.010742 0.019663
0 0.476074 0.726124 0.016602 0.033708
0 0.454102 0.731742 0.021484 0.030899
0 0.471680 0.696629 0.015625 0.019663
0 0.475586 0.642556 0.009766 0.012640
0 0.459473 0.667135 0.010742 0.014045
0 0.444336 0.641854 0.007812 0.014045
0 0.454590 0.640449 0.006836 0.011236
0 0.533203 0.662921 0.007812 0.011236
0 0.433594 0.681882 0.017578 0.026685
0 0.416504 0.693118 0.012695 0.029494
0 0.389160 0.721910 0.020508 0.036517
0 0.366211 0.731039 0.021484 0.037921
0 0.294434 0.745787 0.018555 0.028090
0 0.258789 0.730337 0.015625 0.025281
0 0.302734 0.686096 0.011719 0.018258
0 0.254883 0.682584 0.013672 0.022472
0 0.226074 0.736657 0.008789 0.023876
0 0.194824 0.671348 0.010742 0.016854
0 0.235840 0.670646 0.010742 0.015449
0 0.219238 0.648174 0.006836 0.018258
0 0.266113 0.662921 0.010742 0.014045
0 0.097656 0.760534 0.021484 0.040730
0 0.209473 0.741573 0.016602 0.033708
0 0.165039 0.698736 0.019531 0.032303
0 0.102051 0.649579 0.008789 0.012640
0 0.100586 0.674157 0.009766 0.014045
0 0.099121 0.708567 0.012695 0.021067
0 0.109375 0.676966 0.009766 0.016854
0 0.168945 0.634831 0.009766 0.014045
0 0.223633 0.694522 0.007812 0.018258
0 0.044434 0.657303 0.010742 0.019663
0 0.020508 0.668539 0.011719 0.016854
0 0.031250 0.702949 0.013672 0.023876
0 0.006348 0.740169 0.012695 0.022472
0 0.037598 0.780899 0.024414 0.039326
0 0.066406 0.728230 0.013672 0.021067
0 0.054199 0.662219 0.010742 0.015449
0 0.085449 0.636236 0.008789 0.014045
0 0.191406 0.639045 0.007812 0.011236
0 0.006348 0.684691 0.012695 0.037921
0 0.022949 0.638343 0.010742 0.018258
0 0.118164 0.714185 0.021484 0.043539
0 0.067383 0.666433 0.011719 0.021067
0 0.836426 0.695225 0.010742 0.019663
0 0.856445 0.691011 0.013672 0.019663
0 0.772949 0.694522 0.014648 0.018258
0 0.735840 0.682584 0.020508 0.028090
0 0.818848 0.705056 0.010742 0.016854
0 0.297363 0.967697 0.049805 0.061798
0 0.206055 0.701545 0.015625 0.021067
0 0.520020 0.658006 0.012695 0.018258
0 0.977539 0.726124 0.021484 0.036517
0 0.599609 0.661517 0.011719 0.022472
