0 0.398438 0.455566 0.007812 0.008789
0 0.325195 0.410156 0.007812 0.007812
0 0.117676 0.449707 0.008789 0.010742
0 0.089355 0.449219 0.008789 0.011719
0 0.002930 0.438965 0.005859 0.018555
0 0.028809 0.456055 0.008789 0.011719
0 0.040039 0.447754 0.007812 0.012695
0 0.052246 0.438965 0.006836 0.008789
0 0.237305 0.711426 0.009766 0.012695
0 0.237793 0.673828 0.008789 0.009766
0 0.204102 0.673828 0.007812 0.009766
0 0.116699 0.712402 0.006836 0.010742
0 0.297852 0.690918 0.007812 0.008789
0 0.462402 0.725586 0.008789 0.011719
0 0.479492 0.711426 0.007812 0.008789
0 0.482422 0.725586 0.005859 0.009766
0 0.400879 0.714355 0.008789 0.010742
0 0.351562 0.738281 0.009766 0.011719
0 0.398926 0.828613 0.014648 0.020508
0 0.529785 0.797852 0.012695 0.015625
0 0.517578 0.793945 0.011719 0.013672
0 0.497559 0.734375 0.010742 0.011719
0 0.526367 0.724121 0.009766 0.014648
0 0.544434 0.719727 0.008789 0.007812
0 0.507812 0.725586 0.005859 0.007812
0 0.465332 0.754395 0.008789 0.008789
0 0.463867 0.779785 0.011719 0.016602
0 0.327148 0.720703 0.009766 0.011719
0 0.439941 0.723633 0.008789 0.011719
0 0.391113 0.736328 0.008789 0.009766
0 0.790039 0.689453 0.007812 0.009766
0 0.592773 0.758789 0.009766 0.009766
0 0.612305 0.731934 0.007812 0.010742
0 0.588867 0.729004 0.007812 0.010742
0 0.580078 0.715332 0.007812 0.010742
0 0.770996 0.717773 0.008789 0.009766
0 0.641113 0.715332 0.008789 0.010742
0 0.641602 0.730469 0.009766 0.011719
0 0.587891 0.778320 0.007812 0.013672
0 0.752930 0.723633 0.007812 0.009766
0 0.993164 0.703613 0.009766 0.010742
0 0.927734 0.702637 0.007812 0.008789
0 0.864258 0.700195 0.007812 0.007812
0 0.966797 0.684570 0.007812 0.007812
0 0.793457 0.723145 0.010742 0.010742
0 0.804688 0.723633 0.007812 0.009766
0 0.824219 0.729004 0.007812 0.008789
0 0.884277 0.770020 0.008789 0.010742
0 0.988281 0.778809 0.013672 0.012695
0 0.953613 0.784180 0.010742 0.011719
0 0.986328 0.825684 0.009766 0.010742
0 0.956055 0.856445 0.017578 0.015625
0 0.911621 0.698730 0.006836 0.008789
0 0.711914 0.720215 0.007812 0.008789
0 0.672852 0.718750 0.007812 0.011719
0 0.615723 0.773926 0.008789 0.012695
0 0.692871 0.761230 0.006836 0.008789
0 0.298828 0.720215 0.007812 0.010742
0 0.637207 0.884766 0.024414 0.039062
0 0.621582 0.865723 0.020508 0.026367
