0 0.084473 0.567982 0.008789 0.013158
0 0.096191 0.583333 0.008789 0.014620
0 0.117188 0.569444 0.007812 0.013158
0 0.181641 0.601608 0.007812 0.016082
0 0.194824 0.668860 0.006836 0.016082
0 0.169922 0.652047 0.007812 0.014620
0 0.155273 0.684942 0.005859 0.013158
0 0.110352 0.718567 0.005859 0.010234
0 0.104492 0.650585 0.005859 0.011696
0 0.071777 0.657164 0.004883 0.019006
0 0.124512 0.752193 0.012695 0.016082
0 0.137207 0.759503 0.008789 0.013158
0 0.154785 0.723684 0.010742 0.017544
0 0.161621 0.703216 0.010742 0.014620
0 0.162109 0.745614 0.011719 0.020468
0 0.179199 0.733187 0.008789 0.013158
0 0.191895 0.750731 0.008789 0.016082
0 0.191895 0.720029 0.008789 0.013158
0 0.189941 0.785088 0.010742 0.020468
0 0.167480 0.850146 0.010742 0.021930
0 0.154785 0.828216 0.010742 0.019006
0 0.132324 0.798246 0.008789 0.017544
0 0.083496 0.862573 0.010742 0.020468
0 0.088867 0.967105 0.015625 0.036550
0 0.236816 0.834064 0.010742 0.024854
0 0.420410 0.923246 0.010742 0.021930
0 0.451660 0.807018 0.010742 0.023392
0 0.467773 0.807018 0.011719 0.020468
0 0.419434 0.789474 0.010742 0.023392
0 0.358398 0.628655 0.007812 0.017544
0 0.386230 0.614035 0.008789 0.017544
0 0.405273 0.613304 0.007812 0.013158
0 0.416016 0.609649 0.007812 0.017544
0 0.404297 0.584795 0.007812 0.011696
0 0.376465 0.590643 0.008789 0.014620
0 0.370117 0.570906 0.005859 0.016082
0 0.379395 0.556287 0.008789 0.016082
0 0.395996 0.570175 0.006836 0.014620
0 0.408203 0.551901 0.007812 0.016082
0 0.421875 0.576023 0.005859 0.014620
0 0.394531 0.543860 0.007812 0.008772
0 0.340820 0.578216 0.005859 0.010234
0 0.341797 0.559942 0.007812 0.008772
0 0.325195 0.604532 0.007812 0.016082
0 0.309082 0.612573 0.008789 0.017544
0 0.317871 0.588450 0.008789 0.016082
0 0.315430 0.556287 0.007812 0.013158
0 0.434570 0.544591 0.005859 0.016082
0 0.424805 0.543860 0.005859 0.017544
0 0.514648 0.578216 0.003906 0.013158
0 0.520996 0.562135 0.004883 0.016082
0 0.530273 0.566520 0.003906 0.013158
0 0.547363 0.584795 0.004883 0.020468
0 0.573730 0.575292 0.006836 0.016082
0 0.565430 0.547515 0.005859 0.016082
0 0.578125 0.537281 0.003906 0.007310
0 0.605957 0.548246 0.006836 0.011696
0 0.611816 0.595029 0.004883 0.014620
0 0.622070 0.635965 0.005859 0.017544
0 0.588867 0.673246 0.003906 0.016082
0 0.575684 0.679094 0.008789 0.016082
0 0.569336 0.692982 0.005859 0.020468
0 0.551270 0.755848 0.008789 0.020468
0 0.490234 0.715643 0.007812 0.021930
0 0.471191 0.683480 0.008789 0.016082
0 0.444336 0.685673 0.011719 0.023392
0 0.368164 0.681287 0.005859 0.020468
0 0.471191 0.730994 0.010742 0.023392
0 0.579102 0.816520 0.013672 0.030702
0 0.589355 0.847953 0.006836 0.026316
0 0.574707 0.845760 0.010742 0.021930
0 0.603027 0.891082 0.008789 0.027778
0 0.621094 0.840643 0.013672 0.035088
0 0.661133 0.589912 0.007812 0.016082
0 0.584473 0.523392 0.006836 0.014620
0 0.615234 0.519006 0.005859 0.011696
0 0.729492 0.612573 0.007812 0.014620
0 0.759766 0.570906 0.007812 0.016082
0 0.778320 0.546784 0.005859 0.014620
0 0.782227 0.530702 0.005859 0.011696
0 0.742188 0.533626 0.005859 0.017544
0 0.801758 0.529240 0.005859 0.011696
0 0.819336 0.539474 0.007812 0.011696
0 0.831543 0.523392 0.006836 0.014620
0 0.828125 0.603070 0.007812 0.016082
0 0.777344 0.599415 0.007812 0.014620
0 0.799316 0.644006 0.006836 0.016082
0 0.834961 0.682018 0.011719 0.021930
0 0.868652 0.698830 0.006836 0.014620
0 0.880859 0.577485 0.013672 0.029240
0 0.897461 0.576754 0.015625 0.036550
0 0.919434 0.577485 0.010742 0.029240
0 0.916504 0.672515 0.008789 0.014620
0 0.952148 0.706871 0.009766 0.021930
0 0.928711 0.706140 0.005859 0.017544
0 0.919922 0.738304 0.009766 0.020468
0 0.931152 0.791667 0.010742 0.021930
0 0.974121 0.758772 0.010742 0.029240
0 0.879883 0.706871 0.007812 0.021930
0 0.865234 0.746345 0.011719 0.021930
0 0.840820 0.858918 0.011719 0.019006
0 0.891113 0.818713 0.008789 0.023392
0 0.958984 0.833333 0.013672 0.026316
0 0.847168 0.937135 0.014648 0.029240
0 0.819336 0.947368 0.015625 0.032164
0 0.803711 0.863304 0.011719 0.024854
0 0.772949 0.869152 0.008789 0.024854
0 0.792480 0.870614 0.006836 0.024854
0 0.783691 0.829678 0.012695 0.024854
0 0.753906 0.858918 0.007812 0.027778
0 0.742676 0.857456 0.010742 0.024854
0 0.689941 0.857456 0.008789 0.021930
0 0.706543 0.807749 0.012695 0.024854
0 0.669434 0.806287 0.010742 0.024854
0 0.649414 0.844298 0.011719 0.027778
0 0.629883 0.811404 0.009766 0.020468
0 0.751465 0.967836 0.012695 0.023392
0 0.808594 0.811404 0.013672 0.029240
0 0.794434 0.787281 0.014648 0.024854
0 0.812500 0.772661 0.011719 0.024854
0 0.793457 0.750731 0.012695 0.021930
0 0.760254 0.782164 0.014648 0.029240
0 0.739258 0.745614 0.009766 0.023392
0 0.716309 0.785088 0.010742 0.017544
0 0.685059 0.717105 0.004883 0.016082
0 0.639160 0.719298 0.008789 0.023392
0 0.825195 0.557749 0.005859 0.013158
0 0.724121 0.513158 0.004883 0.011696
0 0.735352 0.513889 0.005859 0.007310
0 0.005371 0.684942 0.008789 0.019006
0 0.061035 0.671053 0.004883 0.017544
0 0.204102 0.707602 0.011719 0.020468
0 0.211426 0.735380 0.008789 0.020468
0 0.047852 0.477339 0.005859 0.013158
0 0.041992 0.459064 0.007812 0.014620
0 0.109863 0.449561 0.006836 0.013158
0 0.101562 0.443713 0.005859 0.013158
0 0.114258 0.429094 0.005859 0.010234
0 0.151855 0.451754 0.006836 0.011696
0 0.142090 0.448830 0.004883 0.011696
0 0.169922 0.508772 0.007812 0.014620
0 0.200684 0.483918 0.004883 0.011696
0 0.190430 0.504386 0.005859 0.014620
0 0.211426 0.478070 0.004883 0.011696
0 0.216797 0.473684 0.005859 0.011696
0 0.206543 0.452485 0.004883 0.010234
0 0.181641 0.432018 0.005859 0.013158
0 0.169922 0.399123 0.003906 0.011696
0 0.156250 0.402778 0.003906 0.010234
0 0.145020 0.402047 0.006836 0.011696
0 0.146484 0.418860 0.005859 0.010234
0 0.203125 0.389620 0.005859 0.010234
0 0.190430 0.380117 0.005859 0.011696
0 0.174805 0.364035 0.005859 0.008772
0 0.229492 0.383772 0.005859 0.010234
0 0.221191 0.396930 0.002930 0.010234
0 0.277832 0.434942 0.004883 0.013158
0 0.295898 0.438596 0.003906 0.011696
0 0.284668 0.415205 0.004883 0.008772
0 0.305664 0.411550 0.003906 0.010234
0 0.292969 0.394006 0.003906 0.007310
0 0.285156 0.390351 0.003906 0.008772
0 0.277344 0.393275 0.003906 0.005848
0 0.270508 0.371345 0.003906 0.005848
0 0.277832 0.381579 0.002930 0.008772
0 0.266113 0.389620 0.004883 0.010234
0 0.256836 0.377193 0.005859 0.008772
0 0.241211 0.366959 0.003906 0.008772
0 0.286621 0.369152 0.002930 0.004386
0 0.297363 0.378655 0.004883 0.005848
0 0.306152 0.381579 0.002930 0.005848
0 0.314453 0.385965 0.001953 0.008772
0 0.323242 0.383772 0.003906 0.010234
0 0.327637 0.380848 0.002930 0.007310
0 0.322754 0.372807 0.002930 0.005848
0 0.323730 0.412281 0.004883 0.005848
0 0.330566 0.462719 0.004883 0.010234
0 0.341309 0.465643 0.002930 0.010234
0 0.345215 0.502924 0.002930 0.011696
0 0.346191 0.535088 0.006836 0.020468
0 0.337402 0.520468 0.004883 0.011696
0 0.329590 0.519006 0.006836 0.014620
0 0.334961 0.552632 0.003906 0.011696
0 0.382812 0.524123 0.005859 0.010234
0 0.389648 0.521930 0.003906 0.011696
0 0.411621 0.529971 0.006836 0.016082
0 0.388184 0.488304 0.006836 0.011696
0 0.379883 0.490497 0.003906 0.010234
0 0.368652 0.480263 0.006836 0.010234
0 0.397949 0.449561 0.004883 0.010234
0 0.406250 0.447368 0.003906 0.008772
0 0.403809 0.428363 0.004883 0.008772
0 0.405762 0.415936 0.002930 0.007310
0 0.398926 0.415205 0.002930 0.008772
0 0.389160 0.429094 0.004883 0.010234
0 0.405273 0.401316 0.003906 0.004386
0 0.393066 0.381579 0.002930 0.008772
0 0.384277 0.377924 0.002930 0.007310
0 0.375000 0.380117 0.003906 0.008772
0 0.375977 0.368421 0.003906 0.002924
0 0.447754 0.529971 0.010742 0.019006
0 0.429688 0.500731 0.005859 0.016082
0 0.444336 0.492690 0.009766 0.014620
0 0.452148 0.474415 0.007812 0.016082
0 0.433105 0.478070 0.006836 0.008772
0 0.413086 0.497807 0.003906 0.013158
0 0.420898 0.499269 0.005859 0.016082
0 0.419922 0.519737 0.007812 0.013158
0 0.512695 0.529971 0.003906 0.013158
0 0.542969 0.521930 0.005859 0.014620
0 0.566406 0.521930 0.007812 0.011696
0 0.567871 0.499269 0.006836 0.010234
0 0.589355 0.483918 0.004883 0.014620
0 0.569336 0.461257 0.005859 0.010234
0 0.560547 0.467105 0.005859 0.013158
0 0.548828 0.475146 0.005859 0.014620
0 0.547363 0.489766 0.006836 0.011696
0 0.529785 0.505848 0.006836 0.011696
0 0.521484 0.491959 0.005859 0.010234
0 0.511230 0.479532 0.008789 0.014620
0 0.516113 0.453216 0.008789 0.011696
0 0.499023 0.428363 0.003906 0.008772
0 0.557617 0.414474 0.007812 0.013158
0 0.561035 0.444444 0.004883 0.011696
0 0.570312 0.434211 0.005859 0.008772
0 0.582031 0.438596 0.005859 0.008772
0 0.603027 0.456140 0.002930 0.011696
0 0.606934 0.435673 0.004883 0.011696
0 0.603516 0.425439 0.003906 0.005848
0 0.591309 0.410088 0.004883 0.010234
0 0.605469 0.402778 0.005859 0.010234
0 0.620605 0.432749 0.006836 0.014620
0 0.619629 0.494883 0.004883 0.007310
0 0.615234 0.476608 0.005859 0.005848
0 0.672363 0.413012 0.004883 0.010234
0 0.702637 0.462719 0.004883 0.013158
0 0.714355 0.443713 0.006836 0.013158
0 0.743164 0.443713 0.003906 0.010234
0 0.753418 0.453947 0.002930 0.007310
0 0.757812 0.464181 0.003906 0.013158
0 0.751953 0.478070 0.003906 0.011696
0 0.735840 0.502924 0.006836 0.008772
0 0.699219 0.448830 0.005859 0.008772
0 0.724121 0.372807 0.004883 0.008772
0 0.729980 0.374269 0.002930 0.008772
0 0.736328 0.374269 0.003906 0.008772
0 0.744141 0.373538 0.003906 0.010234
0 0.790039 0.440058 0.017578 0.040936
0 0.233887 0.432018 0.004883 0.013158
0 0.209961 0.365497 0.005859 0.011696
0 0.014160 0.448830 0.004883 0.017544
0 0.103027 0.697368 0.006836 0.017544
0 0.145996 0.559942 0.006836 0.011696
0 0.074219 0.503655 0.005859 0.013158
