0 0.092285 0.305185 0.004883 0.008889
0 0.117676 0.305926 0.004883 0.010370
0 0.133301 0.305185 0.004883 0.008889
0 0.152832 0.306667 0.004883 0.008889
0 0.169434 0.305185 0.004883 0.008889
0 0.186523 0.309630 0.005859 0.008889
0 0.206543 0.304444 0.004883 0.007407
0 0.224609 0.309630 0.003906 0.008889
0 0.241699 0.312593 0.004883 0.008889
0 0.251953 0.354074 0.003906 0.008889
0 0.228516 0.357778 0.003906 0.007407
0 0.250488 0.383704 0.004883 0.008889
0 0.225586 0.381481 0.007812 0.013333
0 0.208008 0.380000 0.005859 0.010370
0 0.186035 0.377778 0.004883 0.008889
0 0.184570 0.327407 0.003906 0.008889
0 0.168945 0.350370 0.005859 0.010370
0 0.162109 0.327407 0.005859 0.011852
0 0.151367 0.349630 0.007812 0.011852
0 0.141602 0.329630 0.005859 0.010370
0 0.127930 0.348889 0.005859 0.010370
0 0.104492 0.325926 0.005859 0.008889
0 0.066895 0.360000 0.004883 0.011852
0 0.107422 0.402963 0.005859 0.011852
0 0.133789 0.402963 0.005859 0.011852
0 0.141113 0.377037 0.004883 0.010370
0 0.160156 0.379259 0.005859 0.008889
0 0.156250 0.402963 0.003906 0.008889
0 0.119629 0.377778 0.004883 0.008889
0 0.038086 0.425185 0.007812 0.011852
0 0.019043 0.422222 0.006836 0.008889
0 0.012695 0.408148 0.005859 0.010370
0 0.012695 0.453333 0.007812 0.011852
0 0.066895 0.489630 0.008789 0.016296
0 0.052734 0.466667 0.005859 0.014815
0 0.092773 0.471111 0.007812 0.014815
0 0.104980 0.480000 0.006836 0.014815
0 0.112305 0.483704 0.005859 0.013333
0 0.125977 0.495556 0.005859 0.013333
0 0.153809 0.491111 0.004883 0.013333
0 0.173340 0.497778 0.006836 0.011852
0 0.183594 0.516296 0.007812 0.013333
0 0.200684 0.446667 0.006836 0.013333
0 0.199219 0.434074 0.005859 0.011852
0 0.177246 0.440741 0.006836 0.010370
0 0.228516 0.432593 0.005859 0.011852
0 0.245117 0.449630 0.005859 0.013333
0 0.260742 0.438519 0.005859 0.008889
0 0.236816 0.414815 0.004883 0.008889
0 0.214844 0.412593 0.005859 0.010370
0 0.110352 0.427407 0.005859 0.010370
0 0.118652 0.442222 0.004883 0.010370
0 0.093262 0.431852 0.006836 0.013333
0 0.088379 0.405185 0.006836 0.010370
0 0.080078 0.376296 0.005859 0.008889
0 0.061035 0.379259 0.004883 0.008889
0 0.315430 0.401481 0.005859 0.011852
0 0.335449 0.407407 0.004883 0.008889
0 0.309570 0.503704 0.007812 0.014815
0 0.279297 0.308889 0.005859 0.007407
0 0.256836 0.309630 0.003906 0.005926
0 0.254883 0.330370 0.005859 0.008889
0 0.297852 0.311111 0.003906 0.008889
0 0.317383 0.310370 0.003906 0.007407
0 0.339844 0.305185 0.003906 0.008889
0 0.359863 0.305926 0.004883 0.010370
0 0.396973 0.307407 0.004883 0.007407
0 0.415527 0.313333 0.004883 0.007407
0 0.436523 0.308148 0.005859 0.008889
0 0.455078 0.317037 0.005859 0.008889
0 0.428711 0.337037 0.005859 0.007407
0 0.388184 0.343704 0.008789 0.023704
0 0.339844 0.382963 0.005859 0.010370
0 0.348633 0.331111 0.005859 0.010370
0 0.339844 0.444444 0.005859 0.011852
0 0.348633 0.432593 0.005859 0.014815
0 0.371582 0.431852 0.006836 0.010370
0 0.354004 0.413333 0.004883 0.008889
0 0.360352 0.405185 0.005859 0.007407
0 0.397461 0.435556 0.005859 0.011852
0 0.395508 0.411111 0.005859 0.013333
0 0.419922 0.434815 0.005859 0.013333
0 0.441895 0.435556 0.008789 0.011852
0 0.466797 0.415556 0.007812 0.016296
0 0.465820 0.385926 0.005859 0.010370
0 0.484863 0.384444 0.004883 0.010370
0 0.487305 0.362963 0.005859 0.011852
0 0.441895 0.388148 0.006836 0.014815
0 0.305176 0.431111 0.006836 0.011852
0 0.404297 0.376296 0.005859 0.017778
0 0.401367 0.359259 0.005859 0.010370
0 0.381348 0.380741 0.006836 0.014815
0 0.343750 0.374815 0.005859 0.014815
0 0.324219 0.357037 0.005859 0.011852
0 0.442871 0.357778 0.006836 0.013333
0 0.424316 0.358519 0.004883 0.008889
0 0.502441 0.388889 0.004883 0.010370
0 0.503906 0.357037 0.005859 0.011852
0 0.528809 0.362222 0.004883 0.010370
0 0.544434 0.360741 0.004883 0.010370
0 0.539062 0.391111 0.003906 0.008889
0 0.522949 0.396296 0.006836 0.013333
0 0.525391 0.412593 0.003906 0.010370
0 0.515625 0.436296 0.005859 0.010370
0 0.495605 0.438519 0.006836 0.011852
0 0.471680 0.333333 0.003906 0.008889
0 0.472656 0.313333 0.005859 0.010370
0 0.489258 0.320741 0.005859 0.010370
0 0.506836 0.322222 0.005859 0.010370
0 0.450195 0.333333 0.005859 0.011852
0 0.487793 0.337778 0.006836 0.011852
0 0.522461 0.311111 0.003906 0.005926
0 0.529785 0.322222 0.004883 0.010370
0 0.524902 0.334074 0.004883 0.010370
0 0.542480 0.340000 0.004883 0.010370
0 0.546875 0.315556 0.005859 0.011852
0 0.564941 0.336296 0.006836 0.008889
0 0.586426 0.340000 0.004883 0.010370
0 0.583008 0.309630 0.005859 0.011852
0 0.605957 0.314074 0.004883 0.011852
0 0.607422 0.337037 0.007812 0.013333
0 0.624512 0.316296 0.006836 0.010370
0 0.644043 0.317778 0.004883 0.010370
0 0.663574 0.323704 0.004883 0.010370
0 0.627930 0.341481 0.003906 0.007407
0 0.607422 0.386667 0.005859 0.011852
0 0.587891 0.388148 0.007812 0.011852
0 0.563477 0.388889 0.009766 0.019259
0 0.564941 0.357037 0.008789 0.014815
0 0.543457 0.415556 0.004883 0.010370
0 0.566406 0.414815 0.005859 0.011852
0 0.587402 0.414815 0.006836 0.011852
0 0.607910 0.414815 0.008789 0.011852
0 0.606445 0.442222 0.005859 0.013333
0 0.586914 0.443704 0.007812 0.013333
0 0.563477 0.442222 0.005859 0.010370
0 0.541016 0.440741 0.007812 0.010370
0 0.632324 0.414815 0.004883 0.011852
0 0.631348 0.385185 0.006836 0.011852
0 0.647949 0.358519 0.006836 0.011852
0 0.661133 0.357778 0.005859 0.013333
0 0.677734 0.366667 0.005859 0.010370
0 0.688477 0.415556 0.007812 0.013333
0 0.659668 0.391852 0.004883 0.010370
0 0.644043 0.440000 0.004883 0.011852
0 0.652832 0.455556 0.006836 0.013333
0 0.670898 0.464444 0.007812 0.013333
0 0.679688 0.478519 0.007812 0.011852
0 0.713867 0.471111 0.007812 0.017778
0 0.704102 0.442963 0.007812 0.011852
0 0.680176 0.437037 0.006836 0.011852
0 0.715820 0.390370 0.005859 0.010370
0 0.713379 0.366667 0.004883 0.010370
0 0.700195 0.341481 0.005859 0.010370
0 0.703125 0.317037 0.005859 0.008889
0 0.720703 0.323704 0.005859 0.013333
0 0.737793 0.322963 0.004883 0.011852
0 0.686523 0.314815 0.005859 0.010370
0 0.739258 0.395556 0.005859 0.014815
0 0.758789 0.395556 0.005859 0.011852
0 0.777344 0.397778 0.007812 0.016296
0 0.749023 0.370370 0.003906 0.008889
0 0.812500 0.371111 0.005859 0.010370
0 0.818848 0.343704 0.006836 0.011852
0 0.813477 0.324444 0.005859 0.008889
0 0.780762 0.323704 0.004883 0.010370
0 0.757324 0.322222 0.006836 0.010370
0 0.783691 0.441481 0.006836 0.011852
0 0.759766 0.440741 0.007812 0.013333
0 0.737793 0.434074 0.006836 0.011852
0 0.718262 0.414815 0.006836 0.014815
0 0.729980 0.457778 0.006836 0.014815
0 0.746094 0.470370 0.007812 0.013333
0 0.733398 0.479259 0.005859 0.010370
0 0.806152 0.448889 0.006836 0.014815
0 0.829102 0.448889 0.007812 0.014815
0 0.836914 0.325926 0.005859 0.008889
0 0.854004 0.325926 0.004883 0.008889
0 0.862793 0.347407 0.006836 0.010370
0 0.886719 0.345185 0.005859 0.011852
0 0.872070 0.370370 0.005859 0.011852
0 0.850098 0.374815 0.004883 0.011852
0 0.830566 0.377778 0.006836 0.008889
0 0.809570 0.421481 0.005859 0.010370
0 0.832031 0.421481 0.005859 0.013333
0 0.852539 0.428889 0.005859 0.010370
0 0.876465 0.422963 0.006836 0.013333
0 0.887695 0.401481 0.005859 0.011852
0 0.915039 0.460000 0.007812 0.016296
0 0.919922 0.430370 0.005859 0.013333
0 0.893555 0.427407 0.005859 0.010370
0 0.875488 0.451852 0.006836 0.011852
0 0.855957 0.474074 0.006836 0.014815
0 0.832520 0.504444 0.006836 0.013333
0 0.823242 0.505185 0.005859 0.011852
0 0.845703 0.521481 0.007812 0.014815
0 0.785156 0.511111 0.007812 0.014815
0 0.792969 0.491111 0.005859 0.013333
0 0.813477 0.485185 0.005859 0.013333
0 0.751465 0.496296 0.008789 0.014815
0 0.733887 0.517778 0.006836 0.016296
0 0.726074 0.508148 0.008789 0.014815
0 0.712402 0.502222 0.008789 0.017778
0 0.808594 0.475556 0.007812 0.014815
0 0.836426 0.478519 0.008789 0.014815
0 0.898438 0.456296 0.005859 0.014815
0 0.875488 0.495556 0.006836 0.013333
0 0.925781 0.514074 0.007812 0.014815
0 0.939453 0.469630 0.007812 0.011852
0 0.978516 0.491111 0.007812 0.013333
0 0.954102 0.506667 0.007812 0.011852
0 0.977051 0.509630 0.006836 0.014815
0 0.982910 0.562963 0.006836 0.014815
0 0.913086 0.587407 0.007812 0.016296
0 0.896484 0.575556 0.009766 0.013333
0 0.902344 0.537037 0.007812 0.016296
0 0.879395 0.544444 0.006836 0.013333
0 0.815918 0.546667 0.008789 0.017778
0 0.842773 0.550370 0.007812 0.019259
0 0.797363 0.581481 0.008789 0.019259
0 0.833984 0.577778 0.007812 0.020741
0 0.890625 0.600000 0.011719 0.020741
0 0.896973 0.637037 0.010742 0.017778
0 0.861328 0.638519 0.011719 0.020741
0 0.900391 0.666667 0.009766 0.017778
0 0.994629 0.483704 0.010742 0.022222
0 0.096191 0.522222 0.006836 0.016296
0 0.115234 0.525185 0.007812 0.013333
0 0.108398 0.542963 0.007812 0.013333
0 0.123535 0.555556 0.006836 0.014815
0 0.161621 0.537037 0.006836 0.016296
0 0.195801 0.539259 0.008789 0.014815
0 0.188477 0.562222 0.007812 0.016296
0 0.215820 0.550370 0.005859 0.013333
0 0.225098 0.532593 0.006836 0.013333
0 0.234863 0.525926 0.008789 0.014815
0 0.195312 0.480000 0.007812 0.014815
0 0.210938 0.507407 0.007812 0.013333
0 0.227051 0.499259 0.006836 0.014815
0 0.060547 0.537778 0.007812 0.014815
0 0.067871 0.565185 0.006836 0.013333
0 0.079590 0.583704 0.006836 0.014815
0 0.104492 0.594074 0.007812 0.017778
0 0.029785 0.525926 0.010742 0.017778
0 0.041992 0.510370 0.007812 0.013333
0 0.021973 0.497037 0.006836 0.013333
0 0.017578 0.577037 0.007812 0.016296
0 0.019043 0.689630 0.008789 0.016296
0 0.139160 0.771852 0.008789 0.020741
0 0.084473 0.795556 0.008789 0.017778
0 0.148926 0.656296 0.010742 0.017778
0 0.216797 0.457037 0.009766 0.019259
0 0.437988 0.414074 0.006836 0.013333
0 0.418945 0.410370 0.005859 0.014815
0 0.817871 0.637037 0.006836 0.014815
0 0.980957 0.823704 0.010742 0.020741
0 0.843262 0.766667 0.008789 0.022222
0 0.802734 0.668148 0.007812 0.017778
0 0.201172 0.786667 0.009766 0.020741
0 0.645508 0.507407 0.007812 0.016296
0 0.634277 0.468889 0.006836 0.016296
0 0.687012 0.503704 0.008789 0.014815
0 0.715820 0.577778 0.005859 0.014815
0 0.696289 0.564444 0.007812 0.014815
0 0.721191 0.545926 0.006836 0.016296
0 0.720703 0.525926 0.007812 0.014815
0 0.707520 0.518519 0.006836 0.014815
0 0.762695 0.525185 0.007812 0.016296
0 0.754883 0.574815 0.005859 0.014815
0 0.747070 0.554074 0.005859 0.011852
0 0.797363 0.391852 0.006836 0.013333
0 0.797852 0.348889 0.005859 0.013333
0 0.920898 0.620000 0.011719 0.025185
0 0.979980 0.637037 0.008789 0.020741
0 0.670898 0.491111 0.007812 0.016296
0 0.698730 0.491852 0.006836 0.017778
0 0.896973 0.482963 0.006836 0.011852
0 0.257812 0.484444 0.007812 0.014815
0 0.252930 0.464444 0.005859 0.013333
0 0.062988 0.595556 0.008789 0.014815
0 0.080566 0.619259 0.010742 0.017778
0 0.111328 0.638519 0.007812 0.017778
0 0.036621 0.625926 0.008789 0.022222
0 0.075684 0.657778 0.006836 0.014815
0 0.102539 0.560000 0.007812 0.014815
0 0.145508 0.684444 0.007812 0.017778
0 0.948730 0.747407 0.008789 0.019259
0 0.841309 0.393333 0.004883 0.007407
0 0.844727 0.345926 0.005859 0.013333
0 0.819336 0.420741 0.005859 0.008889
0 0.847168 0.455556 0.006836 0.013333
0 0.862305 0.391111 0.007812 0.014815
0 0.867188 0.569630 0.007812 0.013333
0 0.859375 0.539259 0.005859 0.011852
0 0.896973 0.518519 0.004883 0.011852
0 0.868652 0.508148 0.006836 0.014815
0 0.804199 0.564444 0.008789 0.011852
0 0.962891 0.563704 0.009766 0.016296
0 0.972168 0.539259 0.008789 0.017778
0 0.962402 0.537037 0.004883 0.013333
0 0.944824 0.525926 0.008789 0.017778
0 0.785156 0.584444 0.005859 0.013333
0 0.773438 0.508148 0.007812 0.011852
0 0.786621 0.459259 0.004883 0.011852
0 0.608887 0.357778 0.004883 0.007407
0 0.788574 0.374074 0.004883 0.010370
0 0.783203 0.342963 0.005859 0.013333
0 0.770996 0.425926 0.004883 0.007407
0 0.691895 0.542963 0.004883 0.013333
0 0.584473 0.360741 0.004883 0.007407
0 0.502441 0.408148 0.004883 0.010370
0 0.481934 0.412593 0.004883 0.010370
0 0.504395 0.337037 0.004883 0.010370
0 0.511719 0.340000 0.003906 0.007407
0 0.362305 0.380000 0.005859 0.010370
0 0.245605 0.488889 0.004883 0.011852
0 0.121582 0.328148 0.004883 0.010370
0 0.199219 0.334074 0.005859 0.010370
0 0.210938 0.353333 0.003906 0.007407
0 0.083984 0.331852 0.005859 0.014815
0 0.194336 0.402963 0.005859 0.011852
0 0.174805 0.409630 0.005859 0.007407
0 0.155273 0.429630 0.005859 0.011852
0 0.143066 0.424444 0.004883 0.007407
0 0.136719 0.436296 0.005859 0.013333
0 0.067871 0.436296 0.006836 0.010370
0 0.071289 0.453333 0.005859 0.008889
0 0.133301 0.482963 0.004883 0.011852
0 0.102539 0.371111 0.005859 0.010370
0 0.174805 0.552593 0.005859 0.014815
0 0.157715 0.552593 0.008789 0.014815
0 0.208008 0.565926 0.005859 0.014815
0 0.087402 0.545185 0.006836 0.011852
0 0.768555 0.485185 0.005859 0.013333
0 0.762695 0.485926 0.005859 0.014815
0 0.783203 0.559259 0.007812 0.010370
0 0.664062 0.529630 0.009766 0.013333
0 0.765625 0.580741 0.007812 0.014815
0 0.784668 0.531852 0.010742 0.014815
0 0.731445 0.580000 0.007812 0.016296
0 0.774414 0.616296 0.009766 0.017778
0 0.979980 0.690370 0.008789 0.020741
0 0.017578 0.842963 0.009766 0.029630
