0 0.065918 0.183480 0.028320 0.045322
0 0.152832 0.157164 0.024414 0.036550
0 0.225586 0.150585 0.023438 0.035088
0 0.318359 0.144737 0.023438 0.046784
0 0.423340 0.126462 0.028320 0.045322
0 0.357422 0.013158 0.023438 0.026316
0 0.596680 0.168129 0.021484 0.040936
0 0.749512 0.130848 0.024414 0.045322
0 0.833984 0.119883 0.025391 0.049708
0 0.903320 0.157895 0.023438 0.043860
0 0.695312 0.033626 0.021484 0.032164
0 0.785645 0.027047 0.024414 0.033626
0 0.657227 0.015351 0.015625 0.027778
0 0.936523 0.021199 0.021484 0.030702
