0 0.856934 0.539714 0.012695 0.022135
0 0.854004 0.508464 0.012695 0.019531
0 0.835449 0.533203 0.014648 0.027344
0 0.818359 0.563802 0.015625 0.028646
0 0.873047 0.587891 0.015625 0.027344
0 0.906250 0.589193 0.013672 0.024740
0 0.904785 0.529948 0.014648 0.026042
0 0.922363 0.524740 0.014648 0.026042
0 0.917480 0.557943 0.014648 0.024740
0 0.947754 0.600911 0.012695 0.022135
0 0.978516 0.543620 0.013672 0.027344
0 0.978027 0.614583 0.012695 0.020833
0 0.996582 0.536458 0.006836 0.020833
0 0.886230 0.620443 0.014648 0.027344
0 0.846191 0.630208 0.018555 0.028646
0 0.786621 0.509115 0.012695 0.020833
0 0.761719 0.539062 0.013672 0.018229
0 0.770020 0.572917 0.012695 0.023438
0 0.725098 0.578125 0.014648 0.023438
0 0.719238 0.520182 0.014648 0.024740
0 0.687012 0.526042 0.014648 0.023438
0 0.684570 0.561198 0.015625 0.023438
0 0.666992 0.582031 0.013672 0.023438
0 0.692383 0.616536 0.013672 0.022135
0 0.741211 0.621745 0.015625 0.022135
0 0.637695 0.530599 0.013672 0.024740
0 0.617188 0.505208 0.013672 0.023438
0 0.595703 0.536458 0.015625 0.026042
0 0.622070 0.591797 0.013672 0.024740
0 0.561523 0.520833 0.015625 0.026042
0 0.515137 0.516276 0.014648 0.027344
0 0.506836 0.569010 0.015625 0.026042
0 0.501953 0.606120 0.015625 0.024740
0 0.543457 0.608073 0.014648 0.023438
0 0.522461 0.603516 0.015625 0.024740
0 0.581055 0.621094 0.015625 0.026042
0 0.621582 0.634766 0.012695 0.022135
0 0.472656 0.572917 0.015625 0.026042
0 0.463379 0.509766 0.014648 0.024740
0 0.420410 0.513021 0.014648 0.026042
0 0.428711 0.546875 0.013672 0.026042
0 0.438477 0.583984 0.013672 0.022135
0 0.403809 0.592448 0.016602 0.026042
0 0.379883 0.539062 0.013672 0.026042
0 0.467285 0.619141 0.012695 0.019531
0 0.376953 0.580729 0.017578 0.026042
0 0.308594 0.574870 0.015625 0.022135
0 0.285645 0.605469 0.016602 0.023438
0 0.280273 0.554036 0.015625 0.022135
0 0.311523 0.501953 0.011719 0.019531
0 0.274414 0.507812 0.013672 0.020833
0 0.249512 0.506510 0.016602 0.026042
0 0.218262 0.563151 0.016602 0.027344
0 0.199707 0.517578 0.018555 0.024740
0 0.255859 0.581380 0.015625 0.027344
0 0.145508 0.587240 0.015625 0.026042
0 0.301270 0.642578 0.014648 0.022135
0 0.209473 0.626953 0.016602 0.027344
0 0.154785 0.633464 0.014648 0.019531
0 0.107910 0.623698 0.014648 0.020833
0 0.045898 0.614583 0.015625 0.028646
0 0.153320 0.694661 0.013672 0.022135
0 0.306152 0.856771 0.016602 0.028646
0 0.251953 0.815755 0.013672 0.022135
0 0.292969 0.834635 0.015625 0.023438
0 0.241699 0.974609 0.032227 0.048177
0 0.331055 0.853516 0.013672 0.022135
0 0.440918 0.848958 0.016602 0.023438
0 0.403809 0.882812 0.014648 0.020833
0 0.410156 0.857422 0.011719 0.022135
0 0.428223 0.876302 0.014648 0.023438
0 0.454102 0.886719 0.015625 0.023438
0 0.709961 0.837891 0.015625 0.024740
0 0.763672 0.832682 0.015625 0.027344
0 0.936523 0.876302 0.011719 0.023438
0 0.370117 0.987630 0.013672 0.024740
