0 0.038086 0.639394 0.070312 0.145455
0 0.319824 0.636364 0.047852 0.069697
0 0.415039 0.655303 0.052734 0.128788
0 0.240723 0.550758 0.028320 0.043939
0 0.013184 0.561364 0.026367 0.071212
0 0.121094 0.489394 0.044922 0.087879
0 0.100586 0.465152 0.023438 0.054545
0 0.167969 0.509848 0.027344 0.056061
0 0.193359 0.420455 0.023438 0.040909
0 0.288574 0.415909 0.022461 0.056061
0 0.224121 0.384091 0.018555 0.022727
0 0.145508 0.400000 0.015625 0.045455
0 0.079590 0.437121 0.020508 0.062121
0 0.108887 0.361364 0.010742 0.025758
0 0.033203 0.343182 0.007812 0.013636
0 0.050293 0.330303 0.004883 0.012121
0 0.041016 0.350000 0.007812 0.015152
0 0.002441 0.334848 0.004883 0.012121
0 0.095703 0.329545 0.005859 0.013636
0 0.057129 0.347727 0.002930 0.004545
0 0.063965 0.352273 0.006836 0.010606
0 0.020996 0.345455 0.004883 0.009091
0 0.158691 0.353030 0.006836 0.015152
0 0.054199 0.334091 0.004883 0.007576
0 0.028320 0.329545 0.003906 0.007576
0 0.124023 0.363636 0.005859 0.012121
0 0.320801 0.325000 0.006836 0.010606
0 0.366699 0.343939 0.010742 0.021212
0 0.318359 0.390152 0.017578 0.037879
0 0.147949 0.348485 0.006836 0.015152
0 0.270020 0.359848 0.004883 0.010606
0 0.340820 0.324242 0.003906 0.006061
0 0.283203 0.368939 0.007812 0.019697
0 0.287598 0.338636 0.008789 0.016667
0 0.347656 0.321970 0.005859 0.010606
0 0.402832 0.325000 0.008789 0.013636
0 0.407715 0.350758 0.006836 0.016667
0 0.385254 0.419697 0.018555 0.033333
0 0.417480 0.374242 0.006836 0.009091
0 0.806641 0.488636 0.052734 0.074242
0 0.564453 0.316667 0.005859 0.009091
0 0.578613 0.334848 0.010742 0.024242
0 0.584473 0.302273 0.006836 0.013636
0 0.594238 0.321212 0.006836 0.009091
0 0.609375 0.342424 0.005859 0.009091
0 0.587891 0.376515 0.013672 0.025758
0 0.547852 0.340152 0.005859 0.010606
0 0.559570 0.334848 0.009766 0.021212
0 0.533691 0.357576 0.008789 0.018182
0 0.569336 0.409848 0.025391 0.046970
0 0.503906 0.362121 0.007812 0.012121
0 0.501953 0.348485 0.005859 0.009091
0 0.502441 0.418182 0.012695 0.015152
0 0.489258 0.471970 0.025391 0.062121
0 0.424316 0.368939 0.008789 0.016667
0 0.699219 0.329545 0.009766 0.019697
0 0.682129 0.327273 0.004883 0.012121
0 0.672363 0.334091 0.006836 0.010606
0 0.691895 0.357576 0.006836 0.012121
0 0.729004 0.346970 0.008789 0.021212
0 0.700195 0.400758 0.007812 0.016667
0 0.751465 0.459848 0.018555 0.037879
0 0.810059 0.391667 0.012695 0.025758
0 0.806152 0.357576 0.012695 0.024242
0 0.793457 0.309848 0.006836 0.007576
0 0.809082 0.323485 0.006836 0.013636
0 0.839355 0.305303 0.006836 0.010606
0 0.835449 0.348485 0.010742 0.021212
0 0.842285 0.356818 0.012695 0.022727
0 0.837891 0.333333 0.007812 0.009091
0 0.762695 0.398485 0.007812 0.015152
0 0.762695 0.352273 0.013672 0.031818
0 0.752930 0.375758 0.013672 0.030303
0 0.851074 0.335606 0.004883 0.007576
0 0.851562 0.295455 0.003906 0.006061
0 0.868164 0.296970 0.005859 0.009091
0 0.959961 0.334848 0.011719 0.021212
0 0.981445 0.340909 0.009766 0.015152
0 0.982422 0.315909 0.005859 0.007576
0 0.966309 0.296970 0.004883 0.012121
0 0.974609 0.287879 0.005859 0.012121
0 0.929199 0.306818 0.004883 0.010606
0 0.956543 0.365152 0.008789 0.018182
0 0.976562 0.334091 0.005859 0.010606
0 0.954590 0.393939 0.014648 0.027273
0 0.975098 0.424242 0.020508 0.030303
0 0.968750 0.481818 0.025391 0.057576
0 0.894531 0.412121 0.009766 0.015152
0 0.945312 0.294697 0.007812 0.016667
0 0.981445 0.301515 0.005859 0.009091
0 0.847168 0.294697 0.004883 0.010606
0 0.664551 0.363636 0.010742 0.021212
0 0.877441 0.415152 0.022461 0.033333
0 0.354492 0.497727 0.025391 0.077273
0 0.577148 0.469697 0.033203 0.051515
0 0.441895 0.415152 0.026367 0.069697
0 0.370117 0.328030 0.005859 0.010606
0 0.345703 0.312121 0.005859 0.009091
0 0.419434 0.316667 0.006836 0.015152
0 0.365234 0.320455 0.005859 0.013636
0 0.080566 0.326515 0.006836 0.010606
0 0.073730 0.333333 0.004883 0.009091
