0 0.203125 0.368383 0.033203 0.061516
0 0.202148 0.409871 0.000000 0.004292
0 0.314941 0.399857 0.028320 0.058655
0 0.443848 0.390558 0.020508 0.060086
0 0.554199 0.349070 0.032227 0.045780
0 0.757324 0.346924 0.026367 0.052933
0 0.864258 0.393419 0.033203 0.062947
0 0.916016 0.325465 0.033203 0.061516
0 0.478027 0.311874 0.008789 0.017167
0 0.971680 0.345494 0.009766 0.018598
0 0.836426 0.331187 0.010742 0.015737
0 0.793457 0.346209 0.010742 0.020029
0 0.689941 0.348355 0.006836 0.015737
0 0.655273 0.343348 0.007812 0.014306
0 0.673828 0.340486 0.007812 0.014306
0 0.417480 0.346209 0.012695 0.017167
0 0.231934 0.381974 0.026367 0.048641
0 0.045410 0.375536 0.020508 0.027182
0 0.338379 0.326180 0.008789 0.017167
