0 0.141602 0.340410 0.027344 0.060029
0 0.188477 0.323572 0.027344 0.049780
0 0.198242 0.245242 0.023438 0.048316
0 0.073730 0.223280 0.016602 0.030747
0 0.342773 0.264275 0.027344 0.051245
0 0.406738 0.235725 0.020508 0.046852
0 0.391113 0.172767 0.022461 0.038067
0 0.458496 0.409224 0.043945 0.068814
0 0.591797 0.422401 0.035156 0.060029
0 0.498535 0.350659 0.040039 0.086384
0 0.489746 0.272328 0.026367 0.049780
0 0.422363 0.180088 0.008789 0.017570
0 0.278320 0.254758 0.023438 0.040996
0 0.459473 0.228404 0.028320 0.035139
0 0.922852 0.168375 0.044922 0.102489
0 0.612793 0.185944 0.014648 0.029283
0 0.520508 0.174963 0.015625 0.027818
0 0.381348 0.254758 0.028320 0.049780
0 0.341797 0.710102 0.050781 0.055637
