0 0.683105 0.189437 0.026367 0.054930
0 0.523926 0.270423 0.038086 0.078873
0 0.525879 0.460563 0.063477 0.115493
0 0.427246 0.295070 0.051758 0.091549
0 0.050781 0.169718 0.037109 0.063380
0 0.251953 0.238028 0.050781 0.087324
0 0.218750 0.228169 0.037109 0.067606
0 0.192383 0.211268 0.023438 0.047887
0 0.277832 0.144366 0.022461 0.032394
0 0.223145 0.566901 0.108398 0.260563
0 0.325684 0.376761 0.041992 0.088732
0 0.712402 0.199296 0.043945 0.074648
0 0.769531 0.330282 0.046875 0.091549
0 0.910156 0.205634 0.066406 0.129577
0 0.840820 0.121831 0.015625 0.032394
0 0.204590 0.192254 0.030273 0.054930
0 0.175293 0.132394 0.008789 0.016901
