0 0.535156 0.548529 0.003906 0.008824
0 0.500000 0.555147 0.003906 0.007353
0 0.550781 0.615441 0.005859 0.010294
0 0.525879 0.647059 0.006836 0.011765
0 0.493164 0.633824 0.007812 0.011765
0 0.493652 0.666912 0.006836 0.010294
0 0.602539 0.721324 0.009766 0.016176
0 0.505859 0.869118 0.027344 0.050000
0 0.349121 0.523529 0.002930 0.005882
0 0.493164 0.533824 0.003906 0.008824
0 0.396973 0.512500 0.002930 0.007353
0 0.413086 0.519853 0.003906 0.007353
0 0.294434 0.590441 0.006836 0.010294
0 0.293457 0.613235 0.006836 0.011765
0 0.322266 0.663971 0.007812 0.016176
0 0.272949 0.647059 0.008789 0.014706
0 0.277344 0.669118 0.009766 0.014706
0 0.235352 0.642647 0.005859 0.011765
0 0.228027 0.665441 0.008789 0.013235
0 0.236816 0.694118 0.010742 0.020588
0 0.167969 0.645588 0.009766 0.017647
0 0.139160 0.724265 0.012695 0.019118
0 0.104004 0.649265 0.008789 0.016176
0 0.058105 0.653676 0.008789 0.019118
0 0.015625 0.677941 0.009766 0.017647
0 0.069824 0.715441 0.010742 0.019118
0 0.223633 0.755882 0.011719 0.023529
0 0.254395 0.782353 0.012695 0.020588
0 0.099121 0.825000 0.014648 0.023529
0 0.028320 0.729412 0.013672 0.020588
0 0.027832 0.708824 0.010742 0.014706
0 0.033691 0.755147 0.010742 0.019118
0 0.062988 0.843382 0.020508 0.054412
0 0.174805 0.528676 0.003906 0.007353
0 0.187500 0.521324 0.003906 0.007353
0 0.201172 0.516912 0.003906 0.007353
0 0.114746 0.544853 0.004883 0.007353
0 0.081543 0.539706 0.004883 0.008824
0 0.062988 0.550735 0.004883 0.007353
0 0.039551 0.596324 0.006836 0.010294
0 0.149414 0.519118 0.003906 0.008824
0 0.152832 0.552941 0.004883 0.008824
0 0.151855 0.561765 0.004883 0.008824
0 0.090820 0.524265 0.003906 0.007353
0 0.119629 0.509559 0.002930 0.007353
0 0.138672 0.497059 0.003906 0.005882
0 0.147461 0.497794 0.003906 0.007353
0 0.004395 0.539706 0.004883 0.008824
0 0.051270 0.553676 0.006836 0.013235
0 0.113281 0.528676 0.005859 0.010294
0 0.409668 0.651471 0.006836 0.011765
0 0.575195 0.644118 0.005859 0.011765
0 0.223145 0.517647 0.002930 0.005882
0 0.232422 0.508824 0.003906 0.005882
0 0.250488 0.511029 0.002930 0.004412
0 0.238281 0.507353 0.003906 0.005882
0 0.726562 0.531618 0.003906 0.007353
0 0.208984 0.695588 0.007812 0.011765
0 0.831055 0.633824 0.005859 0.011765
0 0.919922 0.548529 0.005859 0.008824
0 0.959961 0.655147 0.007812 0.013235
0 0.945801 0.660294 0.008789 0.017647
0 0.930176 0.652206 0.008789 0.016176
0 0.921387 0.600000 0.006836 0.011765
0 0.892090 0.597059 0.006836 0.014706
0 0.861816 0.604412 0.006836 0.011765
0 0.863770 0.625000 0.006836 0.014706
0 0.872559 0.647794 0.008789 0.019118
0 0.842773 0.552206 0.003906 0.007353
0 0.854492 0.536029 0.003906 0.007353
0 0.823242 0.554412 0.003906 0.008824
0 0.941406 0.677941 0.009766 0.017647
0 0.976562 0.706618 0.009766 0.016176
0 0.933594 0.700735 0.009766 0.019118
0 0.932617 0.744118 0.011719 0.020588
0 0.992188 0.737500 0.011719 0.019118
0 0.853516 0.677941 0.009766 0.014706
0 0.839355 0.716912 0.008789 0.016176
0 0.791016 0.633824 0.007812 0.014706
0 0.893555 0.753676 0.011719 0.016176
0 0.871094 0.791912 0.011719 0.019118
0 0.832520 0.675000 0.006836 0.011765
0 0.817383 0.705147 0.007812 0.013235
0 0.757812 0.692647 0.009766 0.014706
0 0.770020 0.618382 0.006836 0.010294
0 0.758301 0.575000 0.004883 0.008824
0 0.717285 0.643382 0.008789 0.013235
0 0.720703 0.672794 0.007812 0.013235
0 0.700684 0.711029 0.008789 0.016176
0 0.671387 0.669853 0.006836 0.013235
0 0.712891 0.570588 0.003906 0.008824
0 0.692383 0.569853 0.005859 0.010294
0 0.675781 0.561765 0.003906 0.008824
0 0.675293 0.538971 0.004883 0.010294
0 0.846680 0.957353 0.017578 0.041176
0 0.719238 0.805147 0.010742 0.022059
0 0.701660 0.747059 0.006836 0.017647
0 0.676758 0.780147 0.009766 0.016176
0 0.639160 0.827206 0.008789 0.022059
0 0.634766 0.684559 0.007812 0.013235
0 0.688477 0.686029 0.007812 0.013235
0 0.636230 0.557353 0.004883 0.008824
0 0.622070 0.550735 0.003906 0.007353
0 0.583984 0.552206 0.003906 0.007353
0 0.573242 0.555882 0.003906 0.005882
0 0.565430 0.555147 0.003906 0.007353
0 0.596191 0.525000 0.002930 0.005882
0 0.534180 0.564706 0.003906 0.008824
0 0.187988 0.805882 0.008789 0.014706
0 0.951660 0.738971 0.008789 0.022059
0 0.924805 0.819118 0.011719 0.023529
0 0.068848 0.802206 0.020508 0.039706
