0 0.939453 0.177477 0.007812 0.019820
0 0.885254 0.160360 0.008789 0.018018
0 0.873047 0.181081 0.007812 0.023423
0 0.859863 0.173874 0.006836 0.019820
0 0.808594 0.216216 0.009766 0.018018
0 0.792480 0.136036 0.006836 0.016216
0 0.797852 0.245946 0.009766 0.019820
0 0.696289 0.256757 0.009766 0.016216
0 0.682617 0.266667 0.009766 0.021622
0 0.686035 0.198198 0.004883 0.014414
0 0.689453 0.160360 0.005859 0.018018
0 0.754395 0.180180 0.006836 0.018018
0 0.717285 0.302703 0.008789 0.018018
0 0.748047 0.326126 0.007812 0.018018
0 0.786133 0.316216 0.005859 0.019820
0 0.972168 0.409009 0.006836 0.021622
0 0.766113 0.524324 0.010742 0.028829
0 0.788086 0.580180 0.009766 0.021622
0 0.991699 0.880180 0.012695 0.027027
0 0.971191 0.862162 0.010742 0.027027
0 0.929199 0.827928 0.010742 0.023423
0 0.901367 0.967568 0.009766 0.021622
0 0.924805 0.864865 0.007812 0.018018
0 0.645508 0.146847 0.009766 0.019820
0 0.560547 0.148649 0.007812 0.016216
0 0.544922 0.179279 0.007812 0.012613
0 0.621094 0.177477 0.009766 0.023423
0 0.664062 0.236036 0.007812 0.021622
0 0.547852 0.231532 0.007812 0.019820
0 0.548828 0.263063 0.011719 0.018018
0 0.525879 0.236937 0.008789 0.016216
0 0.524902 0.192793 0.008789 0.021622
0 0.578613 0.345946 0.010742 0.021622
0 0.603027 0.381081 0.006836 0.019820
0 0.636719 0.288288 0.013672 0.021622
0 0.617188 0.274775 0.007812 0.023423
0 0.535156 0.618919 0.009766 0.027027
0 0.646484 0.446847 0.011719 0.025225
0 0.515137 0.819820 0.010742 0.025225
0 0.487793 0.807207 0.008789 0.021622
0 0.458496 0.862162 0.010742 0.027027
0 0.463379 0.976577 0.012695 0.025225
0 0.155762 0.672072 0.012695 0.021622
0 0.191406 0.748649 0.013672 0.027027
0 0.126465 0.777477 0.010742 0.023423
0 0.120117 0.634234 0.009766 0.021622
0 0.241211 0.514414 0.013672 0.027027
0 0.205078 0.497297 0.011719 0.025225
0 0.223633 0.451351 0.009766 0.023423
0 0.217773 0.364865 0.009766 0.019820
0 0.156738 0.453153 0.010742 0.019820
0 0.125977 0.380180 0.009766 0.018018
0 0.122559 0.348649 0.008789 0.019820
0 0.193359 0.319820 0.013672 0.023423
0 0.044434 0.362162 0.008789 0.021622
0 0.147949 0.429730 0.010742 0.016216
0 0.171875 0.363964 0.007812 0.018018
0 0.115234 0.309910 0.009766 0.018018
0 0.080078 0.310811 0.009766 0.019820
0 0.065430 0.286486 0.007812 0.018018
0 0.113281 0.263964 0.007812 0.019820
0 0.096191 0.246847 0.008789 0.018018
0 0.080566 0.258559 0.008789 0.016216
0 0.050293 0.265766 0.008789 0.019820
0 0.088379 0.202703 0.006836 0.016216
0 0.143555 0.199099 0.007812 0.019820
0 0.166504 0.204505 0.006836 0.019820
0 0.148926 0.245045 0.008789 0.021622
0 0.205078 0.245045 0.007812 0.025225
0 0.195312 0.288288 0.007812 0.021622
0 0.205566 0.124324 0.008789 0.021622
0 0.185547 0.162162 0.007812 0.018018
0 0.165527 0.175676 0.008789 0.023423
0 0.135742 0.127928 0.007812 0.018018
0 0.114746 0.124324 0.006836 0.021622
0 0.099121 0.127027 0.008789 0.023423
0 0.065430 0.145946 0.007812 0.021622
0 0.062012 0.123423 0.008789 0.027027
0 0.046875 0.149550 0.009766 0.021622
0 0.104980 0.290090 0.006836 0.021622
0 0.219238 0.290090 0.008789 0.018018
0 0.207520 0.316216 0.008789 0.023423
0 0.206055 0.093694 0.009766 0.025225
0 0.225098 0.108108 0.008789 0.018018
0 0.238281 0.122523 0.009766 0.021622
0 0.247070 0.145045 0.007812 0.016216
0 0.265625 0.144144 0.007812 0.021622
0 0.271484 0.124324 0.007812 0.018018
0 0.272461 0.101802 0.007812 0.019820
0 0.304688 0.150450 0.007812 0.016216
0 0.227051 0.220721 0.010742 0.027027
0 0.248535 0.201802 0.008789 0.021622
0 0.322266 0.215315 0.007812 0.019820
0 0.314941 0.269369 0.008789 0.023423
0 0.305176 0.287387 0.008789 0.019820
0 0.261230 0.245045 0.008789 0.021622
0 0.316406 0.331532 0.007812 0.018018
0 0.364746 0.272072 0.006836 0.021622
0 0.365234 0.163063 0.009766 0.023423
0 0.333496 0.162162 0.006836 0.018018
0 0.260742 0.393694 0.007812 0.023423
0 0.484863 0.116216 0.006836 0.019820
0 0.453125 0.110811 0.007812 0.016216
0 0.488770 0.171171 0.006836 0.018018
0 0.487793 0.198198 0.008789 0.021622
0 0.458984 0.197297 0.009766 0.019820
0 0.450684 0.162162 0.008789 0.021622
0 0.450684 0.272072 0.008789 0.021622
0 0.435059 0.253153 0.006836 0.016216
0 0.417480 0.199099 0.008789 0.023423
0 0.417969 0.235135 0.005859 0.019820
0 0.406250 0.229730 0.007812 0.019820
0 0.386719 0.236937 0.007812 0.019820
0 0.356445 0.124324 0.007812 0.021622
0 0.476074 0.287387 0.008789 0.019820
0 0.265137 0.448649 0.012695 0.028829
0 0.414062 0.618018 0.011719 0.021622
0 0.317383 0.379279 0.007812 0.019820
0 0.412109 0.361261 0.007812 0.019820
0 0.281738 0.388288 0.010742 0.023423
0 0.298828 0.301802 0.007812 0.023423
0 0.544434 0.645946 0.010742 0.023423
0 0.284668 0.167568 0.008789 0.021622
0 0.303223 0.212613 0.006836 0.021622
0 0.285645 0.348649 0.008789 0.023423
0 0.255859 0.033333 0.007812 0.019820
0 0.223633 0.027928 0.007812 0.019820
0 0.389160 0.072973 0.008789 0.019820
0 0.365723 0.316216 0.008789 0.023423
0 0.360840 0.482883 0.008789 0.021622
0 0.583496 0.113514 0.006836 0.018018
0 0.540527 0.111712 0.006836 0.014414
0 0.648438 0.209910 0.007812 0.019820
0 0.002930 0.178378 0.005859 0.018018
0 0.094727 0.034234 0.007812 0.021622
0 0.161133 0.107207 0.009766 0.019820
0 0.104004 0.096396 0.008789 0.019820
0 0.114258 0.159459 0.011719 0.027027
