0 0.061523 0.452485 0.031250 0.062865
0 0.159180 0.383041 0.013672 0.026316
0 0.229492 0.431287 0.023438 0.043860
0 0.317871 0.383041 0.020508 0.032164
0 0.379883 0.439327 0.039062 0.071637
0 0.481934 0.418860 0.018555 0.036550
0 0.534668 0.478070 0.032227 0.049708
0 0.514160 0.379386 0.008789 0.019006
0 0.618164 0.423977 0.015625 0.029240
0 0.754395 0.393275 0.012695 0.023392
0 0.773438 0.438596 0.027344 0.046784
0 0.872070 0.442982 0.013672 0.026316
0 0.908691 0.453947 0.020508 0.051170
0 0.964355 0.457602 0.020508 0.046784
