0 0.218750 0.007923 0.005859 0.015845
0 0.236816 0.005282 0.006836 0.010563
0 0.254883 0.006162 0.007812 0.012324
0 0.287109 0.009683 0.007812 0.019366
0 0.310059 0.046655 0.004883 0.019366
0 0.211426 0.103873 0.006836 0.014085
0 0.177734 0.267606 0.009766 0.021127
0 0.164062 0.279049 0.007812 0.026408
0 0.140137 0.256162 0.004883 0.022887
0 0.096680 0.256162 0.007812 0.026408
0 0.125488 0.257923 0.006836 0.012324
0 0.222168 0.297535 0.008789 0.024648
0 0.255371 0.279049 0.008789 0.022887
0 0.085938 0.272887 0.009766 0.024648
0 0.096191 0.301056 0.004883 0.017606
0 0.133789 0.300176 0.007812 0.019366
0 0.148438 0.302817 0.007812 0.017606
0 0.124512 0.350352 0.008789 0.028169
0 0.123047 0.328345 0.007812 0.019366
0 0.075195 0.329225 0.007812 0.024648
0 0.094727 0.377641 0.007812 0.019366
0 0.114746 0.365317 0.008789 0.022887
0 0.120117 0.386444 0.007812 0.026408
0 0.144043 0.375880 0.010742 0.029930
0 0.138184 0.350352 0.008789 0.024648
0 0.139648 0.401408 0.007812 0.028169
0 0.049805 0.308979 0.007812 0.022887
0 0.185059 0.320423 0.008789 0.031690
0 0.193848 0.349472 0.006836 0.019366
0 0.218262 0.335387 0.008789 0.026408
0 0.236816 0.323063 0.008789 0.026408
0 0.256836 0.352113 0.007812 0.028169
0 0.158691 0.376761 0.006836 0.024648
0 0.189941 0.385563 0.008789 0.024648
0 0.185547 0.402289 0.007812 0.026408
0 0.180664 0.422535 0.007812 0.021127
0 0.279297 0.489437 0.009766 0.031690
0 0.256836 0.478873 0.009766 0.031690
0 0.219727 0.474472 0.009766 0.026408
0 0.164551 0.445423 0.006836 0.031690
0 0.112305 0.301937 0.007812 0.022887
0 0.153320 0.351232 0.007812 0.029930
0 0.130859 0.327465 0.009766 0.028169
0 0.032715 0.727113 0.012695 0.038732
0 0.098633 0.681338 0.013672 0.035211
0 0.026367 0.858275 0.015625 0.040493
0 0.248047 0.714789 0.009766 0.028169
0 0.186035 0.690141 0.006836 0.017606
0 0.202637 0.695423 0.008789 0.021127
0 0.224609 0.531690 0.009766 0.028169
0 0.237305 0.506162 0.007812 0.022887
0 0.238281 0.537852 0.007812 0.022887
0 0.253906 0.554577 0.009766 0.028169
0 0.278809 0.517606 0.008789 0.024648
0 0.312012 0.530810 0.010742 0.029930
0 0.310059 0.552817 0.008789 0.024648
0 0.286133 0.564261 0.009766 0.026408
0 0.273438 0.553697 0.009766 0.033451
0 0.312500 0.290493 0.009766 0.028169
0 0.318848 0.316901 0.008789 0.028169
0 0.358887 0.288732 0.010742 0.024648
0 0.420898 0.201585 0.003906 0.019366
0 0.500488 0.208627 0.006836 0.022887
0 0.483398 0.244718 0.007812 0.024648
0 0.481934 0.264085 0.008789 0.024648
0 0.461914 0.285211 0.009766 0.024648
0 0.428223 0.268486 0.008789 0.022887
0 0.420410 0.291373 0.006836 0.019366
0 0.485352 0.310739 0.007812 0.026408
0 0.508301 0.277289 0.008789 0.029930
0 0.525879 0.283451 0.008789 0.028169
0 0.519531 0.160211 0.007812 0.028169
0 0.529297 0.189261 0.005859 0.019366
0 0.527344 0.214789 0.005859 0.021127
0 0.514648 0.228873 0.003906 0.021127
0 0.520996 0.206866 0.006836 0.022887
0 0.334473 0.485915 0.008789 0.028169
0 0.292480 0.480634 0.010742 0.035211
0 0.353516 0.516725 0.009766 0.033451
0 0.384766 0.506162 0.011719 0.033451
0 0.426758 0.467430 0.009766 0.026408
0 0.382812 0.556338 0.011719 0.035211
0 0.412598 0.554577 0.008789 0.028169
0 0.412109 0.512324 0.009766 0.028169
0 0.465820 0.497359 0.009766 0.026408
0 0.479004 0.461268 0.008789 0.028169
0 0.430664 0.554577 0.009766 0.031690
0 0.426270 0.600352 0.008789 0.028169
0 0.356934 0.588908 0.010742 0.029930
0 0.339355 0.606514 0.010742 0.029930
0 0.471191 0.536092 0.010742 0.026408
0 0.457520 0.593310 0.010742 0.028169
0 0.389160 0.006162 0.006836 0.012324
0 0.415527 0.014085 0.006836 0.014085
0 0.426758 0.018486 0.005859 0.015845
0 0.391602 0.044014 0.005859 0.021127
0 0.395020 0.066901 0.006836 0.017606
0 0.466309 0.044014 0.004883 0.017606
0 0.454590 0.047535 0.004883 0.014085
0 0.481445 0.021127 0.005859 0.017606
0 0.497559 0.027289 0.004883 0.022887
0 0.541504 0.053697 0.006836 0.019366
0 0.554199 0.030810 0.004883 0.019366
0 0.571777 0.049296 0.006836 0.017606
0 0.532227 0.095951 0.007812 0.022887
0 0.516113 0.113556 0.008789 0.022887
0 0.538574 0.118838 0.006836 0.019366
0 0.553223 0.120599 0.008789 0.022887
0 0.529785 0.166373 0.008789 0.022887
0 0.548828 0.156690 0.007812 0.017606
0 0.562988 0.156690 0.006836 0.017606
0 0.551758 0.172535 0.000000 0.003521
0 0.548828 0.199824 0.005859 0.019366
0 0.548340 0.216549 0.008789 0.021127
0 0.561035 0.230634 0.008789 0.021127
0 0.576172 0.186620 0.007812 0.021127
0 0.581543 0.245599 0.008789 0.019366
0 0.545898 0.255282 0.009766 0.024648
0 0.562988 0.259683 0.008789 0.022887
0 0.570312 0.285211 0.007812 0.028169
0 0.506348 0.037852 0.006836 0.022887
0 0.588379 0.058979 0.006836 0.019366
0 0.610840 0.062500 0.004883 0.019366
0 0.623047 0.089789 0.007812 0.017606
0 0.592773 0.128521 0.007812 0.021127
0 0.594238 0.160211 0.008789 0.021127
0 0.606934 0.160211 0.008789 0.021127
0 0.611328 0.178697 0.007812 0.019366
0 0.614746 0.172535 0.006836 0.024648
0 0.590332 0.212148 0.008789 0.022887
0 0.608887 0.217430 0.008789 0.019366
0 0.642578 0.165493 0.007812 0.024648
0 0.643555 0.129401 0.007812 0.019366
0 0.663086 0.136444 0.007812 0.022887
0 0.642578 0.087148 0.005859 0.012324
0 0.637207 0.064261 0.006836 0.019366
0 0.655273 0.040493 0.005859 0.014085
0 0.666016 0.041373 0.005859 0.019366
0 0.675293 0.036972 0.006836 0.028169
0 0.684082 0.039613 0.008789 0.022887
0 0.690430 0.051056 0.007812 0.021127
0 0.703613 0.020246 0.006836 0.022887
0 0.695312 0.108275 0.007812 0.022887
0 0.663574 0.112676 0.004883 0.010563
0 0.660156 0.106514 0.005859 0.012324
0 0.670898 0.092430 0.005859 0.019366
0 0.682617 0.153169 0.007812 0.021127
0 0.715820 0.155810 0.005859 0.019366
0 0.665039 0.212148 0.007812 0.019366
0 0.656738 0.162852 0.006836 0.019366
0 0.743164 0.025528 0.007812 0.029930
0 0.755859 0.027289 0.007812 0.022887
0 0.770508 0.031690 0.005859 0.017606
0 0.776855 0.038732 0.006836 0.021127
0 0.789062 0.022887 0.007812 0.021127
0 0.766113 0.013204 0.004883 0.015845
0 0.734375 0.007923 0.003906 0.008803
0 0.727051 0.033451 0.006836 0.021127
0 0.732910 0.051056 0.004883 0.010563
0 0.742676 0.051056 0.008789 0.024648
0 0.808594 0.015845 0.007812 0.017606
0 0.801758 0.030810 0.005859 0.019366
0 0.805176 0.035211 0.006836 0.021127
0 0.842285 0.047535 0.006836 0.021127
0 0.868164 0.058099 0.007812 0.024648
0 0.803223 0.105634 0.006836 0.021127
0 0.812012 0.067782 0.006836 0.015845
0 0.831055 0.114437 0.005859 0.017606
0 0.717285 0.122359 0.006836 0.019366
0 0.736816 0.147887 0.008789 0.024648
0 0.751953 0.169894 0.009766 0.022887
0 0.743652 0.211268 0.008789 0.017606
0 0.728516 0.230634 0.009766 0.024648
0 0.693359 0.094190 0.007812 0.026408
0 0.740234 0.110915 0.007812 0.021127
0 0.720215 0.204225 0.004883 0.017606
0 0.692871 0.231514 0.006836 0.022887
0 0.698730 0.237676 0.006836 0.021127
0 0.737793 0.250880 0.006836 0.022887
0 0.768555 0.252641 0.007812 0.022887
0 0.757812 0.241197 0.007812 0.024648
0 0.758789 0.221831 0.007812 0.024648
0 0.722168 0.292254 0.006836 0.024648
0 0.646973 0.259683 0.006836 0.026408
0 0.670410 0.250880 0.006836 0.029930
0 0.756348 0.091549 0.004883 0.021127
0 0.742188 0.070423 0.005859 0.014085
0 0.749512 0.084507 0.004883 0.021127
0 0.721680 0.088908 0.005859 0.019366
0 0.737305 0.095951 0.007812 0.022887
0 0.706055 0.044014 0.007812 0.021127
0 0.827148 0.051937 0.009766 0.022887
0 0.820312 0.064261 0.005859 0.015845
0 0.770996 0.203345 0.008789 0.019366
0 0.791016 0.238556 0.003906 0.022887
0 0.807129 0.271127 0.006836 0.031690
0 0.889160 0.029049 0.006836 0.019366
0 0.910645 0.046655 0.006836 0.015845
0 0.929199 0.025528 0.006836 0.015845
0 0.925781 0.042254 0.005859 0.017606
0 0.903320 0.120599 0.007812 0.022887
0 0.900391 0.171655 0.005859 0.019366
0 0.907715 0.159331 0.006836 0.019366
0 0.899414 0.144366 0.005859 0.010563
0 0.880371 0.127641 0.006836 0.019366
0 0.896484 0.094190 0.005859 0.019366
0 0.976074 0.126761 0.008789 0.024648
0 0.962402 0.192782 0.010742 0.029930
0 0.992188 0.179577 0.007812 0.021127
0 0.986816 0.204225 0.008789 0.021127
0 0.847656 0.116197 0.007812 0.014085
0 0.921875 0.161092 0.007812 0.015845
0 0.929688 0.123239 0.005859 0.017606
0 0.944824 0.345070 0.008789 0.024648
0 0.947266 0.434859 0.011719 0.031690
0 0.963379 0.445423 0.006836 0.024648
0 0.948730 0.512324 0.010742 0.031690
0 0.871582 0.470070 0.010742 0.028169
0 0.893066 0.492077 0.010742 0.026408
0 0.883789 0.531690 0.011719 0.031690
0 0.856445 0.498239 0.011719 0.028169
0 0.628906 0.268486 0.007812 0.019366
0 0.615723 0.232394 0.008789 0.021127
0 0.623535 0.197183 0.008789 0.024648
0 0.599121 0.247359 0.006836 0.019366
0 0.608887 0.250000 0.008789 0.017606
0 0.590820 0.246479 0.009766 0.031690
0 0.615723 0.303697 0.008789 0.022887
0 0.630371 0.308099 0.004883 0.021127
0 0.654785 0.279930 0.008789 0.017606
0 0.653320 0.316901 0.007812 0.021127
0 0.683105 0.189261 0.004883 0.022887
0 0.694824 0.307218 0.008789 0.022887
0 0.680176 0.302817 0.008789 0.024648
0 0.669434 0.290493 0.006836 0.014085
0 0.634277 0.319542 0.004883 0.026408
0 0.625488 0.357394 0.006836 0.024648
0 0.652832 0.359155 0.006836 0.024648
0 0.666992 0.338028 0.007812 0.021127
0 0.671387 0.377641 0.008789 0.026408
0 0.658691 0.390845 0.008789 0.028169
0 0.622559 0.419894 0.008789 0.022887
0 0.666016 0.410211 0.007812 0.024648
0 0.706055 0.375000 0.009766 0.024648
0 0.728516 0.331866 0.009766 0.026408
0 0.759277 0.314261 0.008789 0.029930
0 0.751465 0.353873 0.010742 0.031690
0 0.742188 0.411092 0.009766 0.022887
0 0.727051 0.438380 0.008789 0.028169
0 0.713867 0.433979 0.009766 0.022887
0 0.778320 0.331866 0.009766 0.026408
0 0.765137 0.421655 0.006836 0.022887
0 0.773926 0.423415 0.006836 0.026408
0 0.787598 0.446303 0.008789 0.022887
0 0.817871 0.407570 0.008789 0.022887
0 0.674805 0.425176 0.007812 0.022887
0 0.679688 0.205986 0.005859 0.021127
0 0.799805 0.492077 0.009766 0.026408
0 0.792969 0.401408 0.005859 0.017606
0 0.780273 0.407570 0.007812 0.022887
0 0.777832 0.468310 0.010742 0.031690
0 0.951660 0.631162 0.010742 0.026408
0 0.979492 0.633803 0.009766 0.024648
0 0.994141 0.625880 0.009766 0.033451
0 0.992188 0.570423 0.009766 0.028169
0 0.919922 0.553697 0.011719 0.026408
0 0.895996 0.588028 0.012695 0.031690
0 0.887207 0.563380 0.008789 0.021127
0 0.882324 0.600352 0.014648 0.035211
0 0.840332 0.706866 0.012695 0.036972
0 0.850098 0.699824 0.006836 0.033451
0 0.854980 0.687500 0.006836 0.026408
0 0.891113 0.680458 0.010742 0.026408
0 0.910156 0.660211 0.011719 0.028169
0 0.902832 0.623239 0.012695 0.031690
0 0.928223 0.603873 0.010742 0.028169
0 0.934082 0.667254 0.012695 0.035211
0 0.946289 0.736796 0.011719 0.036972
0 0.986328 0.699824 0.005859 0.029930
0 0.975586 0.655810 0.011719 0.029930
0 0.685059 0.456866 0.006836 0.029930
0 0.630371 0.459507 0.008789 0.028169
0 0.652832 0.494718 0.010742 0.024648
0 0.638672 0.550176 0.009766 0.026408
0 0.602539 0.525528 0.009766 0.026408
0 0.608398 0.502641 0.007812 0.026408
0 0.604492 0.557218 0.011719 0.033451
0 0.594727 0.559859 0.005859 0.028169
0 0.688965 0.582746 0.010742 0.028169
0 0.722168 0.577465 0.010742 0.031690
0 0.744141 0.580986 0.009766 0.031690
0 0.708984 0.449824 0.009766 0.029930
0 0.743164 0.455106 0.007812 0.026408
0 0.703125 0.607394 0.009766 0.028169
0 0.550781 0.481514 0.009766 0.029930
0 0.559570 0.477993 0.009766 0.029930
0 0.581543 0.460387 0.008789 0.026408
0 0.553711 0.537852 0.009766 0.033451
0 0.543945 0.568662 0.011719 0.031690
0 0.528809 0.520246 0.010742 0.036972
0 0.512207 0.564261 0.008789 0.029930
0 0.491699 0.492958 0.008789 0.024648
0 0.495605 0.573063 0.008789 0.026408
0 0.645020 0.557218 0.006836 0.029930
0 0.666016 0.643486 0.009766 0.029930
0 0.537109 0.456866 0.009766 0.022887
0 0.524902 0.463908 0.006836 0.022887
0 0.532227 0.477993 0.011719 0.029930
0 0.590820 0.481514 0.005859 0.022887
0 0.607422 0.456866 0.009766 0.019366
0 0.822754 0.559859 0.008789 0.028169
0 0.801758 0.570423 0.009766 0.031690
0 0.762207 0.627641 0.010742 0.033451
0 0.774414 0.638204 0.009766 0.029930
0 0.804688 0.626761 0.009766 0.028169
0 0.826172 0.575704 0.005859 0.024648
0 0.364746 0.749120 0.010742 0.033451
0 0.374512 0.747359 0.008789 0.026408
0 0.384766 0.697183 0.009766 0.028169
0 0.401367 0.721831 0.011719 0.035211
0 0.400879 0.660211 0.010742 0.035211
0 0.438965 0.654930 0.012695 0.038732
0 0.389160 0.764085 0.010742 0.031690
0 0.326660 0.798415 0.006836 0.026408
0 0.418457 0.808979 0.014648 0.036972
0 0.423828 0.839789 0.013672 0.038732
0 0.439941 0.785211 0.008789 0.021127
0 0.452148 0.853873 0.015625 0.038732
0 0.437988 0.955986 0.014648 0.035211
0 0.484375 0.884683 0.017578 0.029930
0 0.275391 0.658451 0.011719 0.028169
0 0.328613 0.668134 0.010742 0.036972
0 0.734863 0.617958 0.012695 0.031690
0 0.793945 0.556338 0.011719 0.021127
0 0.937012 0.847711 0.012695 0.036972
0 0.930664 0.965669 0.015625 0.036972
0 0.977539 0.987676 0.015625 0.024648
0 0.991211 0.875000 0.005859 0.021127
0 0.815430 0.888204 0.013672 0.033451
0 0.812988 0.941901 0.012695 0.031690
0 0.786133 0.985915 0.011719 0.028169
0 0.895020 0.844190 0.010742 0.040493
0 0.760742 0.906690 0.013672 0.045775
0 0.680176 0.947183 0.012695 0.035211
0 0.700684 0.980634 0.012695 0.031690
0 0.579102 0.962148 0.013672 0.040493
0 0.498047 0.967430 0.015625 0.036972
0 0.551758 0.906690 0.009766 0.035211
0 0.681152 0.219190 0.006836 0.019366
0 0.710449 0.368838 0.008789 0.022887
0 0.885254 0.379401 0.008789 0.015845
