0 0.295898 0.578589 0.044922 0.060644
0 0.153320 0.626238 0.039062 0.074257
0 0.130371 0.501238 0.018555 0.024752
0 0.165039 0.498762 0.019531 0.032178
0 0.275391 0.475866 0.017578 0.028465
0 0.060059 0.525371 0.034180 0.055693
0 0.852539 0.604579 0.039062 0.060644
0 0.944824 0.615099 0.036133 0.071782
0 0.969727 0.485767 0.017578 0.025990
0 0.986328 0.476485 0.011719 0.019802
0 0.983398 0.467203 0.015625 0.021040
0 0.906738 0.496287 0.022461 0.027228
0 0.878906 0.445545 0.009766 0.012376
0 0.741211 0.555074 0.027344 0.038366
0 0.693359 0.584158 0.044922 0.064356
0 0.793945 0.468441 0.013672 0.021040
0 0.686523 0.473391 0.013672 0.021040
0 0.844727 0.459158 0.011719 0.019802
0 0.565430 0.603960 0.039062 0.056931
0 0.559570 0.472153 0.015625 0.025990
0 0.487305 0.556312 0.029297 0.040842
0 0.427246 0.612624 0.040039 0.071782
0 0.370605 0.553218 0.026367 0.047030
0 0.367676 0.441213 0.008789 0.016089
0 0.491211 0.443069 0.007812 0.012376
0 0.440430 0.458540 0.015625 0.021040
0 0.216309 0.447401 0.006836 0.011139
0 0.171875 0.418936 0.007812 0.013614
0 0.262207 0.535891 0.028320 0.044554
0 0.133301 0.453589 0.012695 0.023515
0 0.058105 0.454827 0.014648 0.025990
0 0.035645 0.441832 0.010742 0.014851
0 0.693848 0.446782 0.006836 0.012376
0 0.904785 0.558168 0.020508 0.039604
0 0.662598 0.449257 0.008789 0.012376
0 0.057129 0.425124 0.010742 0.016089
0 0.020020 0.424505 0.012695 0.019802
