0 0.878906 0.764436 0.019531 0.035433
0 0.843262 0.580709 0.014648 0.027559
0 0.940430 0.567585 0.009766 0.019685
0 0.625977 0.614173 0.013672 0.023622
0 0.665039 0.555118 0.013672 0.020997
0 0.521973 0.543307 0.010742 0.018373
0 0.105957 0.667979 0.028320 0.044619
0 0.251465 0.666667 0.018555 0.031496
0 0.156250 0.522310 0.009766 0.015748
0 0.186523 0.549869 0.011719 0.015748
0 0.077637 0.523622 0.010742 0.013123
0 0.211914 0.515748 0.007812 0.010499
0 0.580566 0.471785 0.008789 0.011811
0 0.799316 0.511155 0.006836 0.009186
0 0.397949 0.578084 0.012695 0.022310
0 0.638184 0.534777 0.010742 0.017060
