0 0.937988 0.349850 0.036133 0.060060
0 0.909668 0.286036 0.016602 0.028529
0 0.848145 0.450450 0.043945 0.072072
0 0.917969 0.269520 0.009766 0.022523
0 0.815430 0.746246 0.066406 0.276276
0 0.994629 0.250751 0.008789 0.030030
0 0.959961 0.268769 0.011719 0.018018
0 0.843750 0.268018 0.011719 0.022523
0 0.875488 0.257508 0.010742 0.022523
0 0.836914 0.274024 0.009766 0.019520
0 0.827148 0.262012 0.005859 0.016517
0 0.914062 0.241742 0.003906 0.006006
0 0.815918 0.340841 0.024414 0.045045
0 0.817871 0.289039 0.012695 0.016517
0 0.825195 0.277778 0.009766 0.018018
0 0.748535 0.441441 0.026367 0.057057
0 0.666504 0.372372 0.032227 0.066066
0 0.682617 0.360360 0.011719 0.045045
0 0.612305 0.350601 0.017578 0.046547
0 0.698242 0.502252 0.037109 0.073574
0 0.592285 0.472222 0.034180 0.064565
0 0.500000 0.560060 0.072266 0.120120
0 0.288574 0.521772 0.040039 0.070571
0 0.140137 0.483483 0.045898 0.081081
0 0.225098 0.779279 0.057617 0.327327
0 0.052734 0.572823 0.050781 0.085586
0 0.750000 0.277778 0.009766 0.027027
0 0.719727 0.266517 0.007812 0.013514
0 0.699707 0.235736 0.006836 0.012012
0 0.687988 0.245495 0.006836 0.013514
0 0.739258 0.252252 0.005859 0.012012
0 0.759766 0.240991 0.003906 0.007508
0 0.762695 0.277027 0.005859 0.016517
0 0.739746 0.228228 0.006836 0.012012
0 0.640137 0.272523 0.012695 0.022523
0 0.651367 0.272523 0.009766 0.019520
0 0.655273 0.290541 0.007812 0.013514
0 0.666992 0.242492 0.005859 0.010511
0 0.660156 0.264264 0.007812 0.012012
0 0.631348 0.235736 0.008789 0.015015
0 0.614746 0.240991 0.006836 0.013514
0 0.621094 0.277027 0.007812 0.013514
0 0.653320 0.234985 0.007812 0.013514
0 0.607422 0.246997 0.007812 0.013514
0 0.595215 0.232733 0.006836 0.012012
0 0.607910 0.231231 0.004883 0.009009
0 0.627930 0.222222 0.005859 0.009009
0 0.579590 0.283784 0.008789 0.021021
0 0.589844 0.249249 0.005859 0.012012
0 0.568359 0.237237 0.005859 0.012012
0 0.543945 0.271021 0.009766 0.022523
0 0.539551 0.239489 0.008789 0.016517
0 0.557129 0.247748 0.006836 0.012012
0 0.543945 0.224474 0.005859 0.010511
0 0.551270 0.231231 0.004883 0.009009
0 0.574707 0.233483 0.006836 0.010511
0 0.498535 0.251502 0.006836 0.013514
0 0.486816 0.285285 0.012695 0.021021
0 0.473145 0.285285 0.008789 0.018018
0 0.476074 0.250751 0.004883 0.015015
0 0.474121 0.240991 0.006836 0.013514
0 0.485840 0.240240 0.004883 0.009009
0 0.494141 0.234234 0.005859 0.012012
0 0.499512 0.236486 0.004883 0.010511
0 0.460938 0.232733 0.005859 0.012012
0 0.459473 0.295045 0.010742 0.022523
0 0.449219 0.268769 0.009766 0.021021
0 0.455078 0.244745 0.005859 0.012012
0 0.445801 0.246997 0.004883 0.010511
0 0.435547 0.243243 0.007812 0.015015
0 0.447754 0.230480 0.006836 0.013514
0 0.403320 0.279279 0.011719 0.021021
0 0.411133 0.237988 0.005859 0.010511
0 0.422363 0.230480 0.004883 0.010511
0 0.399902 0.249249 0.006836 0.012012
0 0.385742 0.232733 0.005859 0.012012
0 0.381836 0.271021 0.007812 0.016517
0 0.377441 0.269520 0.006836 0.013514
0 0.366699 0.296547 0.008789 0.019520
0 0.370605 0.240240 0.006836 0.012012
0 0.333008 0.278529 0.009766 0.022523
0 0.316895 0.250000 0.006836 0.013514
0 0.333984 0.256757 0.005859 0.012012
0 0.297852 0.304805 0.007812 0.018018
0 0.292480 0.278529 0.006836 0.016517
0 0.295898 0.255255 0.005859 0.012012
0 0.300781 0.243243 0.007812 0.012012
0 0.313477 0.280781 0.007812 0.018018
0 0.261230 0.243994 0.006836 0.013514
0 0.275879 0.259009 0.006836 0.013514
0 0.290039 0.253003 0.005859 0.013514
0 0.238281 0.279279 0.005859 0.015015
0 0.231445 0.261261 0.007812 0.015015
0 0.194336 0.261261 0.005859 0.012012
0 0.212402 0.263514 0.008789 0.013514
0 0.164551 0.256006 0.006836 0.013514
0 0.153320 0.296547 0.011719 0.022523
0 0.206543 0.304054 0.010742 0.016517
0 0.179199 0.280030 0.006836 0.010511
0 0.132324 0.259760 0.006836 0.012012
0 0.112305 0.262012 0.007812 0.013514
0 0.094238 0.276276 0.008789 0.015015
0 0.093262 0.256757 0.006836 0.012012
0 0.099121 0.305556 0.010742 0.019520
0 0.669922 0.229730 0.003906 0.009009
0 0.678223 0.238739 0.004883 0.009009
0 0.683594 0.231982 0.005859 0.007508
0 0.687500 0.228979 0.005859 0.010511
0 0.708984 0.234234 0.005859 0.012012
0 0.715820 0.237988 0.005859 0.013514
0 0.698730 0.266517 0.006836 0.019520
0 0.806152 0.249249 0.006836 0.012012
0 0.795410 0.246997 0.006836 0.010511
0 0.818848 0.232733 0.002930 0.006006
0 0.786133 0.236486 0.005859 0.010511
0 0.862305 0.240240 0.005859 0.009009
0 0.836426 0.229730 0.004883 0.009009
0 0.840820 0.224474 0.003906 0.007508
