0 0.841797 0.627924 0.019531 0.033626
0 0.685547 0.646930 0.021484 0.033626
0 0.696289 0.634503 0.009766 0.023392
0 0.642578 0.625731 0.011719 0.023392
0 0.555664 0.649854 0.019531 0.033626
0 0.521484 0.649123 0.009766 0.020468
0 0.511230 0.629386 0.006836 0.013158
0 0.502930 0.643275 0.005859 0.017544
0 0.467773 0.640351 0.011719 0.020468
0 0.453613 0.637427 0.006836 0.014620
0 0.421875 0.620614 0.009766 0.016082
0 0.417480 0.668860 0.018555 0.033626
0 0.383301 0.630848 0.010742 0.021930
0 0.354004 0.634503 0.010742 0.020468
0 0.340820 0.626462 0.005859 0.013158
0 0.328613 0.626462 0.006836 0.013158
0 0.280273 0.636696 0.017578 0.033626
0 0.271973 0.608918 0.010742 0.021930
0 0.255371 0.629386 0.008789 0.016082
0 0.239258 0.617690 0.009766 0.021930
0 0.213379 0.638889 0.022461 0.038012
0 0.303223 0.631579 0.006836 0.014620
0 0.155273 0.644737 0.015625 0.026316
0 0.143555 0.618421 0.007812 0.014620
0 0.130371 0.619883 0.008789 0.017544
0 0.092285 0.599415 0.014648 0.020468
0 0.030273 0.614766 0.013672 0.024854
0 0.041992 0.623538 0.009766 0.024854
0 0.012207 0.611111 0.008789 0.011696
0 0.112305 0.623538 0.015625 0.024854
0 0.078125 0.603801 0.007812 0.014620
