0 0.220215 0.353801 0.061523 0.137427
0 0.379395 0.785819 0.012695 0.027778
0 0.395020 0.775585 0.008789 0.013158
0 0.401367 0.792398 0.011719 0.020468
0 0.416992 0.769006 0.009766 0.017544
0 0.439453 0.772661 0.013672 0.027778
0 0.461914 0.769737 0.011719 0.021930
0 0.474609 0.769006 0.009766 0.020468
0 0.499023 0.783626 0.013672 0.029240
0 0.517578 0.759503 0.011719 0.013158
0 0.518555 0.782164 0.009766 0.020468
0 0.553711 0.801901 0.015625 0.019006
0 0.582031 0.784357 0.009766 0.019006
0 0.548828 0.766082 0.005859 0.011696
0 0.561035 0.758772 0.006836 0.011696
0 0.569336 0.752193 0.009766 0.016082
0 0.604980 0.802632 0.014648 0.020468
0 0.655273 0.796053 0.013672 0.027778
0 0.618652 0.769006 0.010742 0.020468
0 0.603516 0.755848 0.005859 0.011696
0 0.669434 0.777047 0.010742 0.019006
0 0.706543 0.814327 0.014648 0.029240
0 0.691895 0.764620 0.006836 0.011696
0 0.702148 0.754386 0.005859 0.011696
0 0.727051 0.801170 0.012695 0.023392
0 0.715820 0.759503 0.005859 0.013158
0 0.752441 0.764620 0.004883 0.011696
0 0.789551 0.805556 0.008789 0.017544
0 0.807617 0.807018 0.015625 0.026316
0 0.845215 0.799708 0.012695 0.029240
0 0.885254 0.817982 0.016602 0.030702
0 0.906250 0.809211 0.011719 0.024854
0 0.787109 0.711988 0.005859 0.011696
0 0.830078 0.739766 0.005859 0.014620
0 0.835938 0.728801 0.005859 0.010234
