0 0.125000 0.364568 0.123047 0.105417
0 0.490234 0.344436 0.107422 0.103221
0 0.504395 0.237555 0.024414 0.022694
0 0.561523 0.161420 0.033203 0.038799
0 0.607910 0.243045 0.026367 0.021962
0 0.628418 0.298316 0.030273 0.043192
0 0.409668 0.272694 0.020508 0.024158
0 0.395996 0.278917 0.024414 0.026354
0 0.694824 0.241215 0.032227 0.030015
0 0.736328 0.231332 0.027344 0.026354
0 0.806152 0.223646 0.030273 0.031479
0 0.866699 0.218155 0.026367 0.026354
0 0.746094 0.311127 0.097656 0.093704
0 0.812988 0.289531 0.053711 0.066618
0 0.951660 0.218155 0.028320 0.027818
0 0.989746 0.213763 0.020508 0.024890
0 0.981934 0.247438 0.036133 0.033675
0 0.963867 0.336750 0.072266 0.062958
