0 0.067871 0.323944 0.032227 0.056338
0 0.128418 0.354930 0.030273 0.056338
0 0.182129 0.336620 0.028320 0.050704
0 0.234375 0.351408 0.025391 0.049296
0 0.267090 0.321127 0.026367 0.061972
0 0.313477 0.335915 0.025391 0.049296
0 0.352051 0.341549 0.024414 0.046479
0 0.379395 0.332394 0.024414 0.047887
0 0.413086 0.330986 0.029297 0.064789
0 0.790039 0.386620 0.025391 0.043662
0 0.803711 0.342958 0.023438 0.046479
0 0.434570 0.348592 0.023438 0.046479
0 0.834961 0.335211 0.033203 0.059155
0 0.911133 0.374648 0.029297 0.050704
0 0.857422 0.357746 0.021484 0.036620
0 0.457520 0.308451 0.022461 0.047887
0 0.486328 0.334507 0.027344 0.054930
0 0.505371 0.337324 0.018555 0.040845
0 0.544922 0.319718 0.025391 0.047887
0 0.573730 0.330986 0.024414 0.042254
0 0.585938 0.364789 0.025391 0.050704
0 0.616211 0.342254 0.025391 0.050704
0 0.639160 0.354225 0.020508 0.035211
0 0.670898 0.353521 0.027344 0.050704
0 0.703125 0.352113 0.027344 0.047887
0 0.726074 0.340845 0.018555 0.036620
0 0.720703 0.374648 0.017578 0.042254
0 0.744141 0.385915 0.025391 0.050704
0 0.767578 0.354225 0.025391 0.046479
