0 0.513672 0.405276 0.021484 0.035971
0 0.558105 0.431655 0.020508 0.033573
0 0.490723 0.494005 0.020508 0.033573
0 0.608398 0.496403 0.019531 0.040767
0 0.704102 0.507194 0.023438 0.038369
0 0.633789 0.438849 0.023438 0.033573
0 0.733887 0.407074 0.024414 0.039568
0 0.793457 0.309952 0.020508 0.032374
0 0.829102 0.410072 0.023438 0.043165
0 0.606445 0.199640 0.019531 0.029976
0 0.120605 0.414868 0.026367 0.035971
0 0.160156 0.514988 0.023438 0.037170
0 0.206055 0.419664 0.021484 0.035971
0 0.235352 0.507194 0.023438 0.038369
0 0.275879 0.405276 0.022461 0.033573
0 0.330078 0.419065 0.019531 0.034772
0 0.332520 0.500000 0.022461 0.035971
0 0.382324 0.431055 0.018555 0.029976
0 0.412598 0.489209 0.022461 0.033573
0 0.449707 0.424460 0.020508 0.031175
