0 0.119141 0.407028 0.025391 0.052709
0 0.212891 0.392387 0.025391 0.043924
0 0.239746 0.237921 0.016602 0.033675
0 0.293457 0.239385 0.014648 0.016105
0 0.342773 0.334553 0.015625 0.016105
0 0.353027 0.437042 0.022461 0.042460
0 0.934570 0.390190 0.031250 0.057101
0 0.840332 0.388726 0.024414 0.048316
0 0.834473 0.232064 0.026367 0.048316
0 0.989746 0.314056 0.014648 0.027818
0 0.915039 0.288433 0.015625 0.026354
0 0.688477 0.458272 0.031250 0.055637
0 0.727539 0.347731 0.011719 0.027818
0 0.734863 0.263543 0.012695 0.017570
0 0.708496 0.265007 0.012695 0.014641
0 0.660156 0.215227 0.011719 0.023426
0 0.614746 0.270132 0.012695 0.021962
0 0.546875 0.299414 0.011719 0.024890
0 0.496582 0.272328 0.006836 0.014641
0 0.457031 0.276720 0.009766 0.017570
0 0.907715 0.817716 0.071289 0.133236
0 0.274902 0.265739 0.016602 0.016105
