0 0.117676 0.546324 0.030273 0.077941
0 0.204102 0.441912 0.019531 0.051471
0 0.312500 0.305882 0.023438 0.097059
0 0.324219 0.411765 0.011719 0.038235
0 0.362793 0.500735 0.036133 0.063235
0 0.567871 0.486765 0.043945 0.085294
0 0.504395 0.369118 0.022461 0.044118
0 0.552246 0.393382 0.016602 0.030882
0 0.740723 0.596324 0.057617 0.089706
0 0.971680 0.431618 0.033203 0.057353
0 0.948730 0.378676 0.018555 0.033824
0 0.935059 0.334559 0.014648 0.027941
0 0.813965 0.361029 0.014648 0.033824
0 0.741699 0.334559 0.020508 0.039706
