0 0.777832 0.819222 0.006836 0.013730
0 0.741211 0.815789 0.005859 0.020595
0 0.742188 0.759725 0.003906 0.018307
0 0.695801 0.541190 0.034180 0.167048
0 0.647461 0.565217 0.035156 0.086957
0 0.541992 0.473684 0.031250 0.064073
0 0.436523 0.536613 0.031250 0.093822
0 0.196777 0.691076 0.008789 0.027460
0 0.299316 0.692220 0.008789 0.020595
0 0.360840 0.734554 0.010742 0.032037
0 0.230469 0.721968 0.005859 0.020595
0 0.272949 0.692220 0.004883 0.016018
0 0.262695 0.703661 0.003906 0.020595
0 0.057129 0.735698 0.012695 0.029748
0 0.082520 0.740275 0.010742 0.038902
0 0.125000 0.673913 0.005859 0.011442
0 0.089355 0.672769 0.004883 0.013730
0 0.036621 0.688787 0.004883 0.013730
0 0.077637 0.677346 0.002930 0.013730
