0 0.198242 0.335069 0.025391 0.062500
0 0.282715 0.319444 0.024414 0.055556
0 0.228516 0.476562 0.025391 0.057292
0 0.147949 0.500000 0.022461 0.059028
0 0.260742 0.391493 0.021484 0.050347
0 0.203125 0.403646 0.021484 0.053819
0 0.232422 0.431424 0.025391 0.060764
0 0.338379 0.381944 0.024414 0.059028
0 0.297852 0.506944 0.023438 0.052083
0 0.376953 0.443576 0.025391 0.060764
0 0.527344 0.416667 0.027344 0.069444
0 0.420410 0.397569 0.022461 0.052083
0 0.372070 0.330729 0.023438 0.057292
0 0.446777 0.355035 0.018555 0.053819
0 0.524902 0.321181 0.024414 0.052083
0 0.796875 0.392361 0.023438 0.048611
0 0.768066 0.323785 0.026367 0.057292
0 0.687012 0.341146 0.024414 0.057292
0 0.720215 0.427951 0.024414 0.050347
0 0.738281 0.483507 0.027344 0.053819
0 0.645996 0.445312 0.022461 0.064236
0 0.578125 0.396701 0.025391 0.067708
0 0.611816 0.339410 0.024414 0.057292
0 0.509766 0.400174 0.025391 0.046875
0 0.643066 0.420139 0.020508 0.048611
