0 0.297363 0.328776 0.008789 0.019531
0 0.104492 0.308594 0.007812 0.018229
0 0.119629 0.327474 0.012695 0.022135
0 0.076660 0.294271 0.008789 0.020833
0 0.086426 0.309245 0.010742 0.016927
0 0.128906 0.306641 0.007812 0.016927
0 0.539062 0.344401 0.019531 0.029948
0 0.965820 0.307943 0.009766 0.016927
0 0.905273 0.348307 0.025391 0.042969
0 0.924805 0.321615 0.025391 0.031250
0 0.183594 0.361328 0.041016 0.037760
0 0.150391 0.313802 0.025391 0.036458
0 0.305176 0.312500 0.014648 0.036458
0 0.314941 0.304688 0.000977 0.002604
0 0.316406 0.365234 0.023438 0.042969
0 0.340332 0.313151 0.018555 0.037760
0 0.321777 0.318359 0.012695 0.027344
0 0.411621 0.295573 0.024414 0.044271
0 0.500977 0.311849 0.017578 0.032552
0 0.578125 0.355469 0.027344 0.065104
0 0.613281 0.313802 0.021484 0.031250
0 0.588379 0.283854 0.014648 0.026042
0 0.674805 0.325521 0.019531 0.031250
0 0.668945 0.408854 0.042969 0.083333
0 0.760254 0.382812 0.032227 0.057292
0 0.808594 0.418620 0.029297 0.053385
0 0.818359 0.324870 0.021484 0.035156
0 0.857910 0.317708 0.018555 0.033854
0 0.847168 0.319661 0.012695 0.024740
0 0.746582 0.297526 0.014648 0.022135
0 0.788086 0.304688 0.011719 0.020833
0 0.054688 0.316406 0.009766 0.041667
0 0.703613 0.309245 0.012695 0.022135
0 0.742676 0.347005 0.012695 0.024740
