0 0.117676 0.392857 0.028320 0.053936
0 0.131836 0.481050 0.029297 0.049563
0 0.208984 0.372449 0.027344 0.048105
0 0.248047 0.310496 0.025391 0.043732
0 0.243164 0.497085 0.029297 0.052478
0 0.341797 0.480321 0.027344 0.048105
0 0.303711 0.346939 0.025391 0.052478
0 0.346680 0.278426 0.025391 0.046647
0 0.400391 0.356414 0.025391 0.045190
0 0.441895 0.486152 0.028320 0.053936
0 0.460449 0.269679 0.024414 0.049563
0 0.491699 0.344023 0.026367 0.049563
0 0.570312 0.266035 0.025391 0.045190
0 0.583984 0.357143 0.025391 0.046647
0 0.547363 0.492711 0.028320 0.049563
0 0.677734 0.277697 0.023438 0.045190
0 0.796387 0.263120 0.024414 0.048105
0 0.686523 0.368805 0.029297 0.049563
0 0.773438 0.370991 0.027344 0.048105
0 0.870605 0.400146 0.030273 0.042274
0 0.654785 0.502915 0.028320 0.049563
0 0.760254 0.494169 0.026367 0.040816
0 0.858398 0.487609 0.025391 0.045190
