0 0.139648 0.221192 0.035156 0.071523
0 0.266113 0.225166 0.038086 0.066225
0 0.403809 0.228477 0.036133 0.070199
0 0.523438 0.206623 0.033203 0.066225
0 0.134277 0.398013 0.038086 0.067550
0 0.261230 0.396026 0.036133 0.066225
0 0.375977 0.377483 0.041016 0.066225
0 0.310547 0.572848 0.042969 0.078146
0 0.514160 0.370861 0.038086 0.066225
0 0.512695 0.554305 0.037109 0.067550
0 0.650391 0.217219 0.033203 0.058278
0 0.768555 0.247682 0.037109 0.066225
0 0.884277 0.250993 0.038086 0.064901
0 0.895020 0.422517 0.038086 0.068874
0 0.754883 0.401325 0.035156 0.066225
0 0.645020 0.386755 0.038086 0.076821
0 0.755859 0.566887 0.042969 0.076821
