0 0.856445 0.489726 0.031250 0.061644
0 0.753906 0.470890 0.033203 0.068493
0 0.642578 0.459760 0.031250 0.070205
0 0.553711 0.431507 0.027344 0.068493
0 0.442383 0.449486 0.033203 0.059932
0 0.345215 0.434932 0.026367 0.065068
0 0.228027 0.437500 0.026367 0.073630
0 0.124512 0.433219 0.030273 0.071918
0 0.074707 0.100171 0.026367 0.070205
0 0.142578 0.155822 0.025391 0.068493
0 0.209473 0.145548 0.024414 0.065068
0 0.301270 0.140411 0.028320 0.068493
0 0.359863 0.166952 0.026367 0.059932
0 0.440918 0.150685 0.026367 0.068493
0 0.506836 0.151541 0.025391 0.066781
0 0.554199 0.157534 0.030273 0.065068
0 0.614258 0.169521 0.025391 0.054795
0 0.684570 0.170377 0.029297 0.063356
0 0.785645 0.184075 0.030273 0.070205
0 0.876953 0.183219 0.029297 0.075342
