0 0.053223 0.327965 0.020508 0.040996
0 0.123535 0.319180 0.016602 0.035139
0 0.185059 0.296486 0.018555 0.039531
0 0.265625 0.279649 0.015625 0.038067
0 0.291016 0.210835 0.015625 0.038067
0 0.377441 0.207174 0.016602 0.033675
0 0.459473 0.196925 0.016602 0.030747
0 0.353516 0.281113 0.019531 0.035139
0 0.451660 0.278917 0.016602 0.033675
0 0.049316 0.379941 0.016602 0.036603
0 0.129395 0.374085 0.018555 0.036603
0 0.224609 0.358712 0.019531 0.040996
0 0.314941 0.337482 0.018555 0.042460
0 0.401855 0.360176 0.016602 0.040996
0 0.492188 0.356515 0.019531 0.039531
0 0.063965 0.497072 0.018555 0.039531
0 0.161621 0.499268 0.020508 0.040996
0 0.244141 0.502928 0.019531 0.042460
0 0.326660 0.501464 0.020508 0.039531
0 0.405273 0.503660 0.021484 0.043924
0 0.483887 0.507321 0.022461 0.042460
0 0.548828 0.196193 0.019531 0.038067
0 0.540039 0.277452 0.021484 0.039531
0 0.628418 0.210102 0.018555 0.036603
0 0.626465 0.273060 0.020508 0.045388
0 0.579590 0.363104 0.018555 0.043924
0 0.567383 0.502928 0.021484 0.048316
0 0.644531 0.497804 0.021484 0.046852
0 0.671387 0.350659 0.018555 0.039531
0 0.703125 0.209370 0.019531 0.038067
0 0.712891 0.287701 0.015625 0.039531
0 0.760742 0.350659 0.021484 0.042460
0 0.779297 0.276720 0.019531 0.040996
0 0.847656 0.286237 0.019531 0.036603
0 0.848145 0.350659 0.018555 0.042460
0 0.914551 0.295754 0.018555 0.043924
0 0.941406 0.346999 0.017578 0.038067
0 0.908203 0.489019 0.017578 0.040996
0 0.802246 0.500732 0.020508 0.046852
0 0.720703 0.494876 0.021484 0.046852
