0 0.315430 0.274397 0.068359 0.112277
0 0.746094 0.450157 0.068359 0.088143
0 0.538574 0.529906 0.022461 0.033578
0 0.080078 0.651626 0.017578 0.029381
0 0.086426 0.726128 0.020508 0.027282
0 0.187988 0.551941 0.022461 0.031480
0 0.100586 0.553515 0.023438 0.026233
0 0.090820 0.460126 0.019531 0.022036
0 0.091797 0.518888 0.015625 0.024134
0 0.460938 0.555614 0.027344 0.034627
0 0.464355 0.737146 0.024414 0.030430
0 0.926270 0.479014 0.020508 0.032529
0 0.931152 0.639035 0.022461 0.031480
0 0.979980 0.433368 0.020508 0.027282
0 0.854004 0.470094 0.026367 0.031480
0 0.035156 0.752361 0.015625 0.033578
0 0.060547 0.803253 0.027344 0.036726
0 0.084473 0.834732 0.024414 0.038825
0 0.114746 0.761805 0.026367 0.033578
0 0.133789 0.740294 0.021484 0.024134
0 0.192871 0.760231 0.024414 0.026233
0 0.112793 0.798531 0.022461 0.031480
0 0.137207 0.812172 0.024414 0.029381
0 0.191895 0.861490 0.030273 0.039874
0 0.150879 0.905037 0.028320 0.032529
0 0.163574 0.931794 0.026367 0.031480
0 0.107422 0.937566 0.033203 0.032529
0 0.051270 0.924974 0.024414 0.032529
0 0.077637 0.892445 0.024414 0.038825
0 0.053711 0.966946 0.031250 0.043022
0 0.321289 0.942288 0.025391 0.031480
0 0.362305 0.986359 0.031250 0.027282
0 0.446289 0.979538 0.031250 0.040923
0 0.554199 0.933368 0.034180 0.043022
0 0.387695 0.739244 0.023438 0.028332
0 0.407227 0.758657 0.023438 0.029381
0 0.402832 0.781742 0.028320 0.031480
0 0.437988 0.830535 0.030273 0.040923
0 0.540039 0.783841 0.025391 0.029381
0 0.563477 0.823715 0.035156 0.060860
0 0.550293 0.863589 0.032227 0.039874
0 0.446289 0.467996 0.019531 0.023085
0 0.559570 0.454879 0.019531 0.028332
0 0.607910 0.493704 0.020508 0.030430
0 0.625977 0.544596 0.021484 0.031480
0 0.563965 0.533054 0.016602 0.020986
0 0.708984 0.044596 0.019531 0.022036
0 0.753418 0.043547 0.016602 0.019937
0 0.772461 0.068206 0.019531 0.023085
0 0.759766 0.101784 0.021484 0.025184
0 0.817871 0.048793 0.020508 0.026233
0 0.853516 0.067681 0.019531 0.026233
0 0.871582 0.094439 0.020508 0.031480
0 0.910156 0.044596 0.017578 0.030430
0 0.913086 0.100210 0.021484 0.026233
0 0.983398 0.055614 0.021484 0.033578
0 0.979004 0.134837 0.020508 0.028332
0 0.907227 0.145331 0.019531 0.028332
0 0.923340 0.158972 0.020508 0.028332
0 0.918457 0.207240 0.020508 0.030430
0 0.972656 0.208290 0.019531 0.028332
0 0.980957 0.253410 0.022461 0.030430
0 0.925781 0.263379 0.017578 0.025184
0 0.928223 0.296957 0.020508 0.035677
0 0.812988 0.113851 0.018555 0.028332
0 0.788574 0.181532 0.020508 0.025184
0 0.821289 0.193075 0.021484 0.025184
0 0.864746 0.219307 0.020508 0.023085
0 0.806152 0.224554 0.020508 0.025184
0 0.751465 0.231375 0.018555 0.024134
0 0.745117 0.256034 0.017578 0.025184
0 0.783691 0.306925 0.018555 0.024134
0 0.808594 0.260231 0.017578 0.025184
0 0.853516 0.253410 0.019531 0.026233
0 0.860840 0.292235 0.022461 0.026233
0 0.876465 0.331584 0.026367 0.035677
0 0.784668 0.396118 0.018555 0.024134
0 0.794434 0.430745 0.018555 0.030430
0 0.806641 0.361490 0.017578 0.019937
0 0.852539 0.376180 0.023438 0.026233
0 0.932617 0.337880 0.021484 0.023085
0 0.983887 0.376705 0.024414 0.035677
0 0.933594 0.396118 0.023438 0.030430
0 0.871582 0.516264 0.024414 0.035677
0 0.792969 0.534103 0.023438 0.027282
0 0.582520 0.736621 0.032227 0.039874
0 0.609863 0.778069 0.030273 0.030430
0 0.618652 0.941238 0.036133 0.039874
0 0.637695 0.984260 0.033203 0.031480
0 0.770508 0.835782 0.031250 0.049318
0 0.806641 0.799580 0.029297 0.039874
0 0.835449 0.729276 0.030273 0.031480
0 0.856934 0.779119 0.028320 0.040923
0 0.876465 0.758132 0.022461 0.026233
0 0.886719 0.804827 0.029297 0.037775
0 0.854004 0.862015 0.030273 0.032529
0 0.911621 0.840504 0.028320 0.035677
0 0.971680 0.902938 0.029297 0.043022
0 0.957520 0.879328 0.024414 0.035677
0 0.965820 0.847849 0.023438 0.029381
0 0.993164 0.852571 0.013672 0.032529
0 0.965332 0.796957 0.028320 0.034627
0 0.982910 0.765477 0.026367 0.036726
0 0.509766 0.840504 0.025391 0.037775
0 0.038086 0.508919 0.025391 0.031480
0 0.052246 0.472193 0.020508 0.029381
0 0.008789 0.480063 0.017578 0.022036
0 0.039551 0.371983 0.016602 0.022036
0 0.082031 0.360965 0.017578 0.023085
0 0.174316 0.389822 0.018555 0.026233
0 0.164062 0.469570 0.019531 0.032529
0 0.194824 0.495278 0.022461 0.029381
0 0.153320 0.550367 0.025391 0.032529
0 0.211426 0.451207 0.024414 0.031480
0 0.363281 0.326863 0.023438 0.028332
0 0.417480 0.327387 0.018555 0.025184
0 0.460938 0.328437 0.017578 0.027282
0 0.471191 0.366212 0.018555 0.027282
0 0.432129 0.276495 0.018555 0.026233
0 0.046875 0.275971 0.021484 0.031480
0 0.020020 0.292235 0.016602 0.019937
0 0.363770 0.301154 0.016602 0.023085
0 0.520020 0.360441 0.018555 0.028332
0 0.435547 0.514690 0.023438 0.032529
0 0.497070 0.487933 0.021484 0.035677
0 0.028320 0.182581 0.011719 0.016789
0 0.036133 0.216684 0.013672 0.019937
0 0.060059 0.230325 0.016602 0.022036
0 0.072266 0.205666 0.015625 0.020986
0 0.099121 0.212487 0.018555 0.024134
0 0.062012 0.178909 0.012695 0.015740
0 0.102051 0.168940 0.014648 0.018888
0 0.136719 0.201994 0.015625 0.022036
0 0.101074 0.122246 0.014648 0.019937
0 0.060547 0.112277 0.015625 0.020986
0 0.186523 0.169990 0.015625 0.025184
0 0.036133 0.124344 0.013672 0.015740
0 0.064941 0.074502 0.012695 0.014690
0 0.108887 0.071878 0.012695 0.019937
0 0.083984 0.099685 0.009766 0.012592
0 0.254395 0.187828 0.020508 0.023085
0 0.268555 0.160546 0.017578 0.023085
0 0.296387 0.153200 0.014648 0.018888
0 0.316895 0.116474 0.018555 0.023085
0 0.343262 0.119622 0.016602 0.023085
0 0.362793 0.089717 0.014648 0.019937
0 0.401855 0.083421 0.014648 0.017838
0 0.466797 0.132214 0.017578 0.025184
0 0.478516 0.107555 0.015625 0.022036
0 0.350098 0.245540 0.016602 0.027282
0 0.376953 0.262854 0.017578 0.026233
0 0.374512 0.195698 0.020508 0.026233
0 0.421387 0.251836 0.022461 0.033578
0 0.421387 0.209339 0.020508 0.026233
0 0.441895 0.178384 0.018555 0.027282
0 0.453125 0.208814 0.015625 0.023085
0 0.506348 0.197272 0.018555 0.029381
0 0.519043 0.056663 0.018555 0.023085
0 0.520020 0.087618 0.018555 0.024134
0 0.564941 0.056663 0.016602 0.020986
0 0.571777 0.119622 0.022461 0.029381
0 0.586914 0.089192 0.019531 0.025184
0 0.567871 0.166317 0.022461 0.026233
0 0.594727 0.151626 0.017578 0.028332
0 0.609375 0.132739 0.019531 0.028332
0 0.651367 0.112802 0.017578 0.030430
0 0.654785 0.061385 0.018555 0.026233
0 0.620605 0.051941 0.018555 0.022036
0 0.717285 0.118048 0.018555 0.030430
0 0.684570 0.165792 0.017578 0.025184
0 0.725098 0.160546 0.018555 0.025184
0 0.656250 0.192550 0.017578 0.024134
0 0.623047 0.199370 0.015625 0.023085
0 0.526367 0.239244 0.023438 0.031480
0 0.574707 0.232949 0.018555 0.020986
0 0.628906 0.240294 0.019531 0.020986
0 0.541504 0.312697 0.016602 0.023085
0 0.592773 0.312172 0.017578 0.026233
0 0.586914 0.350997 0.021484 0.028332
0 0.708496 0.354145 0.020508 0.024134
0 0.719238 0.310073 0.020508 0.030430
0 0.758789 0.366212 0.019531 0.023085
0 0.930176 0.742392 0.028320 0.034627
0 0.715332 0.386149 0.022461 0.025184
0 0.028809 0.839979 0.022461 0.036726
0 0.559570 0.024134 0.013672 0.016789
0 0.601562 0.019412 0.015625 0.019937
0 0.710449 0.015740 0.016602 0.020986
0 0.794434 0.016789 0.016602 0.020986
0 0.932617 0.029381 0.015625 0.018888
0 0.007812 0.890346 0.015625 0.038825
0 0.598633 0.882476 0.031250 0.037775
