0 0.132324 0.398392 0.012695 0.019006
0 0.216797 0.410819 0.011719 0.023392
0 0.246582 0.415936 0.008789 0.013158
0 0.269043 0.420322 0.008789 0.013158
0 0.278320 0.353070 0.007812 0.016082
0 0.246582 0.342836 0.008789 0.016082
0 0.225098 0.320906 0.008789 0.016082
0 0.192871 0.328947 0.008789 0.014620
0 0.081543 0.419591 0.008789 0.014620
0 0.036621 0.297515 0.006836 0.010234
0 0.035156 0.272661 0.007812 0.013158
0 0.427734 0.439327 0.013672 0.021930
0 0.424316 0.393275 0.010742 0.017544
0 0.345703 0.429825 0.007812 0.014620
0 0.359375 0.394737 0.009766 0.017544
0 0.278809 0.279971 0.008789 0.019006
0 0.503906 0.351608 0.007812 0.019006
0 0.483398 0.363304 0.007812 0.016082
0 0.320312 0.355994 0.007812 0.016082
0 0.706055 0.455409 0.013672 0.030702
0 0.675781 0.451023 0.009766 0.021930
0 0.554199 0.317982 0.006836 0.016082
0 0.917480 0.452485 0.012695 0.024854
0 0.973145 0.529971 0.010742 0.021930
0 0.757324 0.483187 0.010742 0.019006
0 0.768555 0.307018 0.007812 0.014620
0 0.789551 0.327485 0.006836 0.011696
0 0.910156 0.359649 0.007812 0.017544
0 0.847656 0.346491 0.007812 0.014620
0 0.841797 0.314327 0.007812 0.014620
0 0.936523 0.281433 0.007812 0.013158
0 0.917969 0.328216 0.007812 0.013158
0 0.835449 0.513889 0.008789 0.016082
0 0.826660 0.500000 0.008789 0.017544
0 0.827148 0.477339 0.009766 0.016082
0 0.038086 0.390351 0.007812 0.017544
0 0.045410 0.360380 0.006836 0.016082
0 0.045898 0.331140 0.007812 0.016082
0 0.101074 0.315058 0.006836 0.013158
0 0.118164 0.312135 0.007812 0.013158
0 0.002930 0.271930 0.005859 0.011696
0 0.192383 0.306287 0.007812 0.013158
0 0.217285 0.302632 0.006836 0.011696
0 0.246094 0.296784 0.007812 0.014620
0 0.267090 0.293860 0.008789 0.014620
0 0.300293 0.370614 0.006836 0.013158
0 0.293945 0.414474 0.007812 0.013158
0 0.203125 0.396199 0.007812 0.014620
0 0.284180 0.323099 0.007812 0.011696
0 0.255859 0.326023 0.007812 0.014620
0 0.312012 0.320906 0.008789 0.013158
0 0.301758 0.301901 0.007812 0.013158
0 0.332520 0.338450 0.006836 0.013158
0 0.348633 0.373538 0.007812 0.016082
0 0.373047 0.354532 0.007812 0.013158
0 0.350586 0.306287 0.009766 0.016082
0 0.338867 0.405702 0.007812 0.013158
0 0.395996 0.339181 0.008789 0.014620
0 0.390625 0.383041 0.005859 0.011696
0 0.403809 0.393275 0.008789 0.014620
0 0.446777 0.358918 0.008789 0.016082
0 0.449219 0.328216 0.007812 0.016082
0 0.424805 0.328947 0.007812 0.014620
0 0.401855 0.265351 0.008789 0.019006
0 0.459473 0.284357 0.008789 0.019006
0 0.433594 0.291667 0.007812 0.013158
0 0.451660 0.266082 0.006836 0.011696
0 0.477051 0.335526 0.008789 0.016082
0 0.503906 0.327485 0.007812 0.014620
0 0.528809 0.336257 0.006836 0.014620
0 0.530273 0.286550 0.007812 0.011696
0 0.493164 0.283626 0.007812 0.017544
0 0.578125 0.296053 0.007812 0.013158
0 0.680176 0.345760 0.008789 0.016082
0 0.659668 0.335526 0.006836 0.016082
0 0.694336 0.383772 0.009766 0.013158
0 0.592773 0.389620 0.007812 0.016082
0 0.622070 0.355263 0.007812 0.014620
0 0.648926 0.374269 0.006836 0.011696
0 0.539551 0.358187 0.008789 0.014620
0 0.828613 0.348684 0.008789 0.016082
0 0.757812 0.420322 0.007812 0.016082
0 0.801270 0.489035 0.010742 0.016082
0 0.850586 0.398392 0.007812 0.013158
0 0.795898 0.461257 0.009766 0.013158
0 0.779785 0.423246 0.006836 0.016082
0 0.894043 0.372076 0.006836 0.013158
0 0.873535 0.375000 0.006836 0.013158
0 0.863281 0.362573 0.007812 0.014620
0 0.903809 0.336988 0.006836 0.013158
0 0.895996 0.313596 0.006836 0.010234
0 0.938477 0.339181 0.007812 0.014620
0 0.923828 0.355263 0.007812 0.014620
0 0.938965 0.456140 0.008789 0.014620
0 0.979004 0.446637 0.008789 0.013158
0 0.992676 0.463450 0.008789 0.017544
0 0.971191 0.410819 0.008789 0.014620
0 0.947754 0.415936 0.008789 0.016082
0 0.977539 0.314327 0.009766 0.017544
0 0.963379 0.288012 0.008789 0.014620
0 0.978027 0.284357 0.008789 0.013158
0 0.938477 0.297515 0.007812 0.010234
0 0.879883 0.288743 0.007812 0.013158
0 0.854980 0.331140 0.006836 0.010234
0 0.896973 0.283626 0.006836 0.011696
0 0.908691 0.272661 0.006836 0.013158
0 0.918945 0.263889 0.005859 0.013158
0 0.934570 0.253655 0.007812 0.013158
0 0.971191 0.248538 0.006836 0.014620
0 0.961914 0.241959 0.005859 0.010234
0 0.927734 0.219298 0.007812 0.011696
0 0.895996 0.329678 0.006836 0.013158
0 0.986816 0.231725 0.008789 0.013158
0 0.951660 0.223684 0.004883 0.011696
0 0.964355 0.230263 0.006836 0.013158
0 0.873047 0.489766 0.009766 0.029240
0 0.975098 0.500731 0.008789 0.019006
0 0.883789 0.396199 0.007812 0.014620
