0 0.058594 0.736364 0.027344 0.054545
0 0.099609 0.474242 0.025391 0.048485
0 0.173340 0.506818 0.022461 0.046970
0 0.174805 0.381061 0.021484 0.043939
0 0.043457 0.356061 0.022461 0.039394
0 0.085938 0.339394 0.019531 0.039394
0 0.053711 0.237879 0.023438 0.036364
0 0.105957 0.169697 0.018555 0.051515
0 0.085449 0.126515 0.018555 0.040909
0 0.097656 0.043182 0.019531 0.034848
0 0.031250 0.021212 0.013672 0.036364
0 0.150391 0.009091 0.015625 0.018182
0 0.265625 0.328788 0.033203 0.060606
0 0.323730 0.040909 0.018555 0.030303
0 0.385742 0.050758 0.015625 0.034848
0 0.407227 0.014394 0.013672 0.022727
0 0.419922 0.058333 0.017578 0.040909
0 0.329102 0.079545 0.017578 0.037879
0 0.353027 0.108333 0.018555 0.043939
0 0.416016 0.112879 0.019531 0.040909
0 0.310059 0.131061 0.020508 0.043939
0 0.373535 0.176515 0.022461 0.037879
0 0.423828 0.177273 0.019531 0.039394
0 0.342285 0.220455 0.020508 0.037879
0 0.415527 0.230303 0.020508 0.033333
0 0.354004 0.271212 0.018555 0.039394
0 0.340820 0.308333 0.017578 0.037879
0 0.407227 0.312879 0.021484 0.037879
0 0.326172 0.341667 0.023438 0.040909
0 0.346191 0.402273 0.024414 0.043939
0 0.397461 0.375758 0.021484 0.036364
0 0.426270 0.412879 0.022461 0.046970
0 0.299316 0.434091 0.022461 0.040909
0 0.312500 0.451515 0.025391 0.054545
0 0.437988 0.468182 0.026367 0.051515
0 0.442383 0.262879 0.021484 0.040909
0 0.440430 0.378788 0.021484 0.042424
0 0.485352 0.319697 0.019531 0.042424
0 0.500488 0.518939 0.022461 0.043939
0 0.534180 0.225758 0.017578 0.057576
0 0.568848 0.299242 0.018555 0.043939
0 0.607422 0.233333 0.019531 0.042424
0 0.619141 0.266667 0.017578 0.039394
0 0.573730 0.387879 0.016602 0.039394
0 0.592285 0.409848 0.020508 0.043939
0 0.632812 0.495455 0.019531 0.036364
0 0.663086 0.475758 0.021484 0.045455
0 0.706543 0.508333 0.018555 0.037879
0 0.735352 0.504545 0.025391 0.048485
0 0.690430 0.439394 0.017578 0.039394
0 0.671387 0.374242 0.022461 0.042424
0 0.665527 0.317424 0.020508 0.040909
0 0.684570 0.228788 0.015625 0.033333
0 0.736328 0.269697 0.019531 0.042424
0 0.742188 0.342424 0.023438 0.042424
0 0.475098 0.023485 0.016602 0.031818
0 0.525879 0.023485 0.014648 0.031818
0 0.539551 0.040152 0.016602 0.031818
0 0.471680 0.086364 0.013672 0.027273
0 0.573242 0.091667 0.013672 0.034848
0 0.590332 0.137121 0.016602 0.028788
0 0.571777 0.185606 0.018555 0.031818
0 0.635742 0.161364 0.019531 0.037879
0 0.634766 0.103788 0.015625 0.034848
0 0.622070 0.031061 0.015625 0.034848
0 0.685059 0.043182 0.016602 0.031818
0 0.701172 0.075000 0.013672 0.028788
0 0.668945 0.131061 0.017578 0.043939
0 0.701172 0.118939 0.019531 0.034848
0 0.706543 0.159091 0.016602 0.051515
0 0.735840 0.186364 0.018555 0.042424
0 0.764160 0.182576 0.018555 0.040909
0 0.788574 0.229545 0.018555 0.037879
0 0.751953 0.321212 0.015625 0.036364
0 0.799805 0.295455 0.013672 0.033333
0 0.804688 0.340909 0.013672 0.042424
0 0.722656 0.024242 0.015625 0.027273
0 0.751953 0.058333 0.015625 0.034848
0 0.779297 0.011364 0.013672 0.019697
0 0.791992 0.028030 0.013672 0.031818
0 0.807129 0.046970 0.018555 0.045455
0 0.797852 0.145455 0.017578 0.039394
0 0.768555 0.119697 0.013672 0.033333
0 0.863281 0.020455 0.015625 0.031818
0 0.879395 0.029545 0.014648 0.037879
0 0.951660 0.038636 0.014648 0.025758
0 0.986816 0.013636 0.014648 0.024242
0 0.995605 0.079545 0.008789 0.037879
0 0.990723 0.127273 0.018555 0.048485
0 0.969238 0.124242 0.016602 0.030303
0 0.942871 0.075758 0.018555 0.036364
0 0.919922 0.109091 0.017578 0.036364
0 0.841797 0.091667 0.019531 0.037879
0 0.853027 0.140152 0.020508 0.043939
0 0.901367 0.181061 0.019531 0.031818
0 0.934570 0.181061 0.019531 0.031818
0 0.924316 0.221212 0.024414 0.036364
0 0.971191 0.232576 0.016602 0.031818
0 0.963867 0.278788 0.019531 0.039394
0 0.951172 0.275000 0.009766 0.031818
0 0.991699 0.351515 0.016602 0.051515
0 0.850098 0.209091 0.020508 0.042424
0 0.874512 0.257576 0.016602 0.033333
0 0.890137 0.297727 0.018555 0.031818
0 0.893066 0.338636 0.016602 0.031818
0 0.893555 0.371212 0.021484 0.042424
0 0.818359 0.390909 0.019531 0.039394
0 0.795410 0.474242 0.022461 0.036364
0 0.859375 0.421970 0.023438 0.040909
0 0.767090 0.421970 0.020508 0.050000
0 0.794922 0.565152 0.021484 0.042424
0 0.868652 0.637879 0.024414 0.048485
0 0.969238 0.733333 0.022461 0.051515
0 0.877441 0.759091 0.026367 0.051515
0 0.754395 0.757576 0.026367 0.054545
0 0.625000 0.770455 0.027344 0.056061
0 0.016113 0.069697 0.020508 0.039394
0 0.008789 0.152273 0.017578 0.037879
0 0.470215 0.171212 0.016602 0.033333
0 0.490723 0.181818 0.018555 0.033333
0 0.506348 0.227273 0.018555 0.036364
0 0.589844 0.562121 0.019531 0.036364
0 0.902344 0.471970 0.023438 0.050000
