0 0.423340 0.097005 0.008789 0.014323
0 0.422363 0.160156 0.008789 0.013021
0 0.417969 0.193359 0.005859 0.011719
0 0.440918 0.130859 0.008789 0.016927
0 0.455078 0.163411 0.007812 0.014323
0 0.494141 0.190104 0.007812 0.010417
0 0.526855 0.194661 0.008789 0.014323
0 0.548828 0.201823 0.007812 0.013021
0 0.560547 0.137370 0.005859 0.011719
0 0.548340 0.103516 0.008789 0.014323
0 0.514160 0.104818 0.008789 0.014323
0 0.485352 0.106120 0.007812 0.011719
0 0.523926 0.136719 0.006836 0.013021
0 0.578125 0.152344 0.007812 0.013021
0 0.596680 0.112630 0.007812 0.011719
0 0.562500 0.085286 0.007812 0.014323
0 0.590332 0.171875 0.008789 0.013021
0 0.669922 0.089844 0.007812 0.015625
0 0.657715 0.246745 0.008789 0.016927
0 0.666016 0.274089 0.009766 0.016927
0 0.694824 0.281901 0.008789 0.016927
0 0.113281 0.188151 0.009766 0.014323
0 0.092773 0.265625 0.009766 0.018229
0 0.061523 0.268880 0.009766 0.016927
0 0.026855 0.253906 0.006836 0.015625
0 0.037598 0.272135 0.006836 0.015625
0 0.117676 0.259115 0.008789 0.018229
0 0.138184 0.347656 0.010742 0.023438
0 0.082520 0.223307 0.010742 0.014323
0 0.152344 0.198568 0.009766 0.016927
0 0.134766 0.222005 0.007812 0.014323
0 0.169434 0.187500 0.006836 0.015625
0 0.191406 0.197266 0.009766 0.016927
0 0.188477 0.224609 0.007812 0.016927
0 0.207520 0.166667 0.008789 0.015625
0 0.218750 0.145182 0.007812 0.014323
0 0.228027 0.086589 0.006836 0.014323
0 0.230957 0.232422 0.008789 0.014323
0 0.146973 0.135417 0.008789 0.013021
0 0.273438 0.147786 0.007812 0.011719
0 0.294922 0.152995 0.007812 0.014323
0 0.304199 0.102214 0.006836 0.011719
0 0.243652 0.201172 0.006836 0.011719
0 0.345703 0.071615 0.007812 0.013021
0 0.355469 0.270833 0.007812 0.015625
0 0.463867 0.298828 0.007812 0.014323
0 0.437500 0.302734 0.009766 0.016927
0 0.389160 0.281901 0.008789 0.014323
0 0.383789 0.233073 0.009766 0.015625
0 0.374512 0.279948 0.010742 0.015625
0 0.413574 0.238932 0.008789 0.014323
0 0.431152 0.258464 0.008789 0.014323
0 0.412598 0.289062 0.008789 0.015625
0 0.377441 0.207682 0.008789 0.014323
0 0.386719 0.190104 0.007812 0.013021
0 0.416016 0.210286 0.007812 0.011719
0 0.444336 0.215495 0.007812 0.011719
0 0.452148 0.252604 0.007812 0.013021
0 0.469727 0.253255 0.007812 0.011719
0 0.493164 0.229818 0.007812 0.011719
0 0.514648 0.229818 0.007812 0.016927
0 0.519043 0.285156 0.008789 0.013021
0 0.504883 0.301432 0.007812 0.014323
0 0.515625 0.315104 0.009766 0.015625
0 0.486328 0.309896 0.007812 0.013021
0 0.538574 0.320312 0.010742 0.015625
0 0.541504 0.288411 0.008789 0.016927
0 0.566406 0.290365 0.007812 0.015625
0 0.579590 0.320964 0.008789 0.014323
0 0.603516 0.329427 0.009766 0.015625
0 0.586914 0.294922 0.007812 0.016927
0 0.615234 0.301432 0.009766 0.016927
0 0.623047 0.328776 0.009766 0.016927
0 0.645996 0.336589 0.008789 0.016927
0 0.603027 0.258464 0.008789 0.014323
0 0.580078 0.261068 0.005859 0.014323
0 0.622070 0.279948 0.007812 0.015625
0 0.636230 0.305990 0.008789 0.015625
0 0.642578 0.277344 0.007812 0.013021
0 0.624512 0.241536 0.008789 0.014323
0 0.447754 0.040365 0.006836 0.013021
0 0.481445 0.037760 0.007812 0.013021
0 0.505859 0.039062 0.005859 0.013021
0 0.527344 0.045573 0.007812 0.010417
0 0.581055 0.051432 0.007812 0.011719
0 0.607910 0.041667 0.006836 0.015625
0 0.652344 0.052734 0.009766 0.014323
0 0.635254 0.047526 0.006836 0.009115
0 0.676270 0.315104 0.010742 0.018229
0 0.670410 0.341146 0.008789 0.020833
0 0.703125 0.346354 0.007812 0.015625
0 0.709473 0.320312 0.008789 0.015625
0 0.723633 0.353516 0.007812 0.016927
0 0.746094 0.376302 0.009766 0.013021
0 0.746582 0.333984 0.008789 0.016927
0 0.774902 0.337891 0.008789 0.022135
0 0.761230 0.293620 0.008789 0.014323
0 0.727539 0.285156 0.011719 0.015625
0 0.708984 0.247396 0.007812 0.015625
0 0.734375 0.253906 0.009766 0.013021
0 0.751953 0.218099 0.007812 0.014323
0 0.730957 0.221354 0.008789 0.013021
0 0.709473 0.209635 0.008789 0.015625
0 0.682617 0.167969 0.007812 0.013021
0 0.641113 0.208333 0.008789 0.015625
0 0.709473 0.151693 0.008789 0.014323
0 0.726562 0.152344 0.005859 0.013021
0 0.740723 0.186198 0.008789 0.015625
0 0.766602 0.194661 0.005859 0.014323
0 0.767090 0.170573 0.008789 0.013021
0 0.756836 0.122396 0.007812 0.015625
0 0.761230 0.093750 0.008789 0.015625
0 0.734863 0.121745 0.008789 0.014323
0 0.687012 0.053385 0.008789 0.013021
0 0.714355 0.025391 0.008789 0.014323
0 0.636230 0.406250 0.012695 0.023438
0 0.598145 0.407552 0.012695 0.020833
0 0.747070 0.166667 0.007812 0.013021
0 0.755371 0.267578 0.008789 0.014323
0 0.776855 0.298177 0.006836 0.015625
0 0.786133 0.363281 0.011719 0.018229
0 0.811035 0.371094 0.010742 0.018229
0 0.846680 0.376302 0.009766 0.018229
0 0.870117 0.435547 0.009766 0.014323
0 0.783203 0.255208 0.009766 0.015625
0 0.794434 0.309245 0.008789 0.016927
0 0.816895 0.306641 0.010742 0.016927
0 0.830078 0.343750 0.009766 0.015625
0 0.838867 0.355469 0.009766 0.018229
0 0.883301 0.357422 0.010742 0.019531
0 0.917969 0.324870 0.009766 0.016927
0 0.960938 0.346354 0.009766 0.023438
0 0.984375 0.384766 0.009766 0.024740
0 0.952637 0.335286 0.008789 0.016927
0 0.983398 0.304688 0.011719 0.018229
0 0.960449 0.291016 0.010742 0.016927
0 0.910645 0.274740 0.010742 0.020833
0 0.871094 0.272786 0.009766 0.016927
0 0.833008 0.292969 0.007812 0.013021
0 0.805176 0.231120 0.010742 0.016927
0 0.779297 0.223307 0.009766 0.016927
0 0.787109 0.194010 0.007812 0.015625
0 0.827637 0.131510 0.008789 0.013021
0 0.803223 0.164714 0.006836 0.011719
0 0.847656 0.138021 0.009766 0.015625
0 0.873535 0.142578 0.008789 0.014323
0 0.847168 0.232422 0.008789 0.016927
0 0.832520 0.236979 0.006836 0.013021
0 0.872559 0.208984 0.008789 0.014323
0 0.890625 0.205078 0.007812 0.014323
0 0.875977 0.247396 0.007812 0.015625
0 0.892090 0.246094 0.010742 0.015625
0 0.924805 0.181641 0.009766 0.016927
0 0.925781 0.214844 0.009766 0.013021
0 0.956543 0.182292 0.006836 0.013021
0 0.975586 0.181641 0.009766 0.016927
0 0.962402 0.117188 0.008789 0.013021
0 0.957031 0.151693 0.007812 0.014323
0 0.940430 0.076172 0.007812 0.011719
0 0.964355 0.076172 0.006836 0.011719
0 0.984863 0.077474 0.012695 0.016927
0 0.909180 0.076172 0.007812 0.014323
0 0.877441 0.074870 0.008789 0.011719
0 0.993164 0.123047 0.009766 0.016927
0 0.983887 0.155599 0.008789 0.016927
0 0.438965 0.409505 0.010742 0.022135
0 0.509277 0.435547 0.010742 0.024740
0 0.671387 0.428385 0.014648 0.015625
0 0.084961 0.134115 0.007812 0.015625
0 0.151855 0.054036 0.006836 0.011719
0 0.181152 0.059245 0.006836 0.011719
0 0.208496 0.093750 0.006836 0.013021
0 0.190430 0.140625 0.007812 0.013021
0 0.108398 0.800781 0.017578 0.039062
0 0.163086 0.843750 0.019531 0.033854
0 0.179688 0.859375 0.015625 0.033854
0 0.289551 0.953776 0.016602 0.029948
0 0.431152 0.955729 0.014648 0.036458
0 0.458008 0.787109 0.021484 0.035156
0 0.624023 0.861328 0.019531 0.037760
0 0.749023 0.932292 0.015625 0.039062
0 0.051270 0.018880 0.008789 0.014323
0 0.090332 0.010417 0.008789 0.013021
0 0.112793 0.030599 0.008789 0.011719
0 0.115234 0.013021 0.007812 0.013021
0 0.144043 0.009115 0.008789 0.010417
0 0.171387 0.037109 0.006836 0.011719
0 0.195312 0.012370 0.009766 0.011719
0 0.204102 0.032552 0.005859 0.013021
0 0.209473 0.062500 0.006836 0.013021
0 0.175293 0.087891 0.008789 0.014323
0 0.145508 0.090495 0.007812 0.011719
0 0.082520 0.193359 0.008789 0.014323
0 0.108398 0.220052 0.009766 0.013021
0 0.164551 0.227865 0.008789 0.010417
0 0.159180 0.141276 0.005859 0.011719
0 0.145996 0.111328 0.008789 0.014323
0 0.160156 0.111979 0.007812 0.013021
0 0.177246 0.167969 0.008789 0.015625
0 0.184570 0.162760 0.007812 0.015625
0 0.230957 0.029297 0.008789 0.011719
0 0.235352 0.058594 0.007812 0.013021
0 0.256836 0.029297 0.007812 0.014323
0 0.283691 0.036458 0.006836 0.013021
0 0.301758 0.031901 0.007812 0.014323
0 0.319824 0.022786 0.008789 0.016927
0 0.272461 0.007812 0.007812 0.010417
0 0.254883 0.179036 0.007812 0.011719
0 0.262207 0.218750 0.006836 0.010417
0 0.010254 0.268229 0.006836 0.013021
0 0.332031 0.271484 0.007812 0.011719
0 0.355957 0.235026 0.008789 0.014323
0 0.392578 0.160156 0.009766 0.013021
0 0.463867 0.218099 0.007812 0.014323
0 0.495605 0.205078 0.006836 0.011719
0 0.477539 0.166016 0.007812 0.011719
0 0.503418 0.163411 0.006836 0.011719
0 0.553223 0.169922 0.006836 0.014323
0 0.422852 0.292969 0.007812 0.015625
0 0.542969 0.365234 0.011719 0.014323
0 0.337402 0.033854 0.008789 0.013021
0 0.352539 0.009766 0.007812 0.009115
0 0.362305 0.039714 0.007812 0.011719
0 0.377930 0.013021 0.007812 0.013021
0 0.458496 0.012370 0.008789 0.011719
0 0.489746 0.007812 0.008789 0.013021
0 0.517090 0.016276 0.008789 0.014323
0 0.539062 0.009115 0.009766 0.013021
0 0.552246 0.045573 0.008789 0.013021
0 0.567383 0.010417 0.007812 0.013021
0 0.586914 0.020833 0.007812 0.010417
0 0.609863 0.019531 0.008789 0.015625
0 0.635742 0.021484 0.009766 0.016927
0 0.653809 0.022786 0.008789 0.014323
0 0.686035 0.022135 0.008789 0.013021
0 0.730957 0.024740 0.008789 0.015625
0 0.725586 0.058594 0.009766 0.015625
0 0.653320 0.089844 0.009766 0.013021
0 0.616699 0.083984 0.008789 0.014323
0 0.575195 0.108073 0.007812 0.013021
0 0.788086 0.059245 0.009766 0.016927
0 0.792480 0.104818 0.010742 0.016927
0 0.799805 0.110026 0.009766 0.014323
0 0.843262 0.008464 0.006836 0.009115
0 0.868164 0.007161 0.007812 0.009115
0 0.887695 0.010417 0.007812 0.010417
0 0.900879 0.009115 0.008789 0.010417
0 0.934570 0.013021 0.007812 0.013021
0 0.959473 0.016276 0.008789 0.011719
0 0.845215 0.084635 0.006836 0.010417
0 0.823730 0.167969 0.008789 0.010417
0 0.854492 0.169922 0.007812 0.011719
0 0.818848 0.196615 0.008789 0.015625
0 0.903320 0.190104 0.007812 0.013021
0 0.835449 0.035156 0.006836 0.010417
0 0.651855 0.312500 0.008789 0.013021
0 0.739258 0.354167 0.009766 0.015625
0 0.810059 0.274089 0.008789 0.014323
0 0.985840 0.021484 0.008789 0.011719
0 0.992188 0.050781 0.009766 0.013021
0 0.332520 0.505208 0.014648 0.020833
0 0.350098 0.942708 0.020508 0.028646
0 0.439453 0.887370 0.017578 0.027344
0 0.264648 0.662760 0.013672 0.026042
0 0.891113 0.286458 0.010742 0.015625
0 0.936035 0.218099 0.006836 0.011719
0 0.717285 0.197917 0.008789 0.010417
0 0.694336 0.201172 0.007812 0.009115
0 0.677734 0.248047 0.007812 0.016927
0 0.623047 0.110677 0.007812 0.013021
0 0.647461 0.115885 0.007812 0.013021
0 0.538086 0.082031 0.007812 0.013021
0 0.504883 0.080078 0.007812 0.011719
0 0.469238 0.076172 0.006836 0.011719
0 0.432617 0.074219 0.007812 0.010417
0 0.453125 0.098958 0.007812 0.013021
0 0.535156 0.160807 0.007812 0.014323
0 0.410156 0.125000 0.007812 0.013021
0 0.609375 0.138021 0.007812 0.013021
0 0.107910 0.141276 0.006836 0.011719
0 0.113281 0.111979 0.007812 0.013021
0 0.086426 0.110677 0.006836 0.010417
0 0.114746 0.057292 0.006836 0.013021
0 0.091797 0.063802 0.007812 0.013021
0 0.090820 0.040365 0.007812 0.013021
0 0.284180 0.120443 0.007812 0.014323
0 0.285645 0.173177 0.008789 0.015625
0 0.254883 0.234375 0.007812 0.013021
0 0.286621 0.239583 0.006836 0.010417
0 0.249023 0.004557 0.007812 0.009115
0 0.151367 0.033203 0.005859 0.011719
0 0.197754 0.113281 0.006836 0.013021
0 0.231934 0.110677 0.006836 0.013021
0 0.275391 0.100260 0.007812 0.013021
0 0.284668 0.070312 0.006836 0.013021
0 0.315918 0.070312 0.008789 0.013021
0 0.322754 0.097656 0.008789 0.013021
0 0.312012 0.128906 0.006836 0.013021
0 0.829102 0.074870 0.007812 0.014323
0 0.819336 0.032552 0.005859 0.010417
0 0.853027 0.031250 0.006836 0.010417
0 0.938477 0.039714 0.007812 0.011719
0 0.843750 0.104167 0.007812 0.013021
0 0.914062 0.041667 0.007812 0.013021
0 0.815918 0.067057 0.006836 0.014323
