0 0.225098 0.215190 0.075195 0.170886
0 0.112793 0.359968 0.073242 0.166139
0 0.316406 0.280854 0.076172 0.162975
0 0.369141 0.522152 0.070312 0.158228
0 0.352051 0.123418 0.069336 0.151899
0 0.468262 0.160601 0.055664 0.125000
0 0.534668 0.053006 0.071289 0.106013
0 0.696777 0.099684 0.061523 0.170886
0 0.771484 0.301424 0.054688 0.140823
0 0.847656 0.452532 0.078125 0.180380
0 0.901367 0.112342 0.070312 0.167722
0 0.368652 0.910601 0.079102 0.143987
0 0.538086 0.935127 0.083984 0.129747
0 0.163086 0.493671 0.068359 0.148734
0 0.511719 0.155063 0.068359 0.142405
0 0.543945 0.310127 0.078125 0.158228
0 0.494141 0.393987 0.072266 0.136076
