0 0.484863 0.597946 0.020508 0.042654
0 0.025879 0.590047 0.016602 0.030016
0 0.088867 0.605845 0.013672 0.026856
0 0.104492 0.609005 0.013672 0.030016
0 0.114258 0.631122 0.017578 0.036335
0 0.051758 0.630332 0.013672 0.025276
0 0.163086 0.616114 0.017578 0.034755
0 0.201172 0.638231 0.015625 0.031596
0 0.209473 0.628752 0.012695 0.028436
0 0.250977 0.600316 0.015625 0.028436
0 0.256836 0.621643 0.007812 0.023697
0 0.290039 0.616114 0.013672 0.028436
0 0.301758 0.619273 0.013672 0.028436
0 0.320801 0.670616 0.012695 0.030016
0 0.329102 0.677725 0.007812 0.025276
0 0.665527 0.718799 0.008789 0.018957
0 0.655273 0.715640 0.005859 0.012638
0 0.692871 0.721169 0.008789 0.023697
0 0.563965 0.255924 0.020508 0.047393
0 0.705078 0.721169 0.011719 0.023697
0 0.725586 0.712480 0.009766 0.018957
0 0.754883 0.709321 0.011719 0.025276
0 0.784668 0.778041 0.010742 0.023697
0 0.780762 0.707741 0.010742 0.025276
0 0.808105 0.713270 0.010742 0.026856
0 0.845215 0.698262 0.010742 0.025276
0 0.900879 0.703791 0.010742 0.020537
0 0.948730 0.701422 0.010742 0.022117
0 0.923828 0.810427 0.007812 0.018957
0 0.637207 0.708531 0.010742 0.014218
0 0.648926 0.706161 0.004883 0.012638
0 0.018066 0.544234 0.006836 0.014218
0 0.044922 0.557662 0.005859 0.012638
0 0.049805 0.557662 0.005859 0.015798
0 0.070801 0.592417 0.008789 0.015798
0 0.091309 0.547393 0.006836 0.017378
0 0.113770 0.557662 0.006836 0.015798
0 0.121094 0.599526 0.007812 0.017378
0 0.134766 0.631912 0.007812 0.015798
0 0.129883 0.580569 0.005859 0.014218
0 0.122070 0.556872 0.005859 0.011058
0 0.133301 0.568720 0.006836 0.012638
0 0.170410 0.543444 0.006836 0.012638
0 0.186523 0.602686 0.007812 0.020537
0 0.222656 0.543444 0.005859 0.012638
0 0.229004 0.569510 0.006836 0.014218
0 0.231445 0.552133 0.005859 0.011058
0 0.235840 0.588468 0.006836 0.014218
0 0.268066 0.593997 0.006836 0.015798
0 0.251953 0.560032 0.005859 0.014218
0 0.289062 0.584518 0.005859 0.012638
0 0.298340 0.563981 0.006836 0.012638
0 0.324219 0.557662 0.005859 0.012638
0 0.311523 0.552923 0.003906 0.009479
0 0.324219 0.605055 0.005859 0.012638
0 0.312500 0.624803 0.007812 0.020537
0 0.333008 0.611374 0.005859 0.012638
0 0.338867 0.632701 0.007812 0.017378
0 0.348633 0.631122 0.005859 0.014218
0 0.342285 0.607425 0.004883 0.014218
0 0.360840 0.606635 0.004883 0.012638
0 0.377930 0.607425 0.007812 0.017378
0 0.362305 0.562401 0.005859 0.012638
0 0.343750 0.559242 0.005859 0.012638
0 0.377930 0.576619 0.005859 0.015798
0 0.401855 0.607425 0.008789 0.014218
0 0.410156 0.573460 0.005859 0.015798
0 0.423828 0.577409 0.007812 0.017378
0 0.445801 0.612954 0.004883 0.006319
0 0.455566 0.600316 0.004883 0.009479
0 0.465332 0.595577 0.004883 0.009479
0 0.501465 0.619273 0.004883 0.009479
0 0.506348 0.616114 0.004883 0.009479
0 0.512695 0.616904 0.005859 0.014218
0 0.580078 0.650079 0.005859 0.011058
0 0.523438 0.612954 0.005859 0.012638
0 0.550781 0.625592 0.005859 0.012638
0 0.578613 0.631122 0.004883 0.011058
0 0.606445 0.650869 0.005859 0.012638
0 0.622070 0.679305 0.007812 0.018957
0 0.634766 0.686414 0.005859 0.014218
0 0.651367 0.681675 0.005859 0.014218
0 0.636230 0.631122 0.004883 0.011058
0 0.640625 0.616114 0.005859 0.012638
0 0.607910 0.630332 0.006836 0.012638
0 0.582520 0.618483 0.006836 0.014218
0 0.597656 0.616114 0.005859 0.012638
0 0.633301 0.668246 0.006836 0.015798
0 0.678711 0.687994 0.009766 0.017378
0 0.680664 0.710111 0.007812 0.014218
0 0.709473 0.695893 0.006836 0.014218
0 0.732422 0.680095 0.005859 0.014218
0 0.752441 0.676935 0.004883 0.011058
0 0.763672 0.673776 0.005859 0.011058
0 0.767090 0.695893 0.006836 0.014218
0 0.777832 0.669826 0.004883 0.009479
0 0.740234 0.657978 0.005859 0.011058
0 0.746094 0.652449 0.005859 0.012638
0 0.731445 0.652449 0.005859 0.012638
0 0.666992 0.672196 0.005859 0.011058
0 0.829102 0.696682 0.007812 0.012638
0 0.817383 0.707741 0.005859 0.009479
0 0.784668 0.689573 0.006836 0.011058
0 0.884277 0.759874 0.006836 0.015798
0 0.869141 0.744076 0.005859 0.012638
0 0.875977 0.752765 0.005859 0.011058
0 0.882324 0.705371 0.004883 0.011058
0 0.926270 0.710900 0.006836 0.012638
0 0.877441 0.710900 0.006836 0.012638
0 0.987305 0.725908 0.009766 0.020537
0 0.704102 0.648499 0.003906 0.007899
0 0.719727 0.644550 0.003906 0.009479
0 0.671875 0.661137 0.003906 0.007899
0 0.675293 0.612954 0.004883 0.009479
0 0.688965 0.605055 0.004883 0.009479
