0 0.107422 0.250000 0.044922 0.093567
0 0.204590 0.214912 0.045898 0.087719
0 0.283691 0.244152 0.043945 0.087719
0 0.301270 0.164474 0.038086 0.083333
0 0.395508 0.242690 0.042969 0.090643
0 0.398438 0.155702 0.035156 0.080409
0 0.432617 0.173246 0.027344 0.071637
0 0.508789 0.130117 0.041016 0.078947
0 0.509766 0.220029 0.044922 0.092105
0 0.593750 0.104532 0.033203 0.077485
0 0.629395 0.162281 0.041992 0.084795
0 0.631348 0.275585 0.043945 0.095029
0 0.689453 0.175439 0.041016 0.081871
0 0.748535 0.220760 0.043945 0.099415
0 0.751465 0.260234 0.000977 0.011696
0 0.863770 0.199561 0.051758 0.103801
