0 0.726562 0.194729 0.056641 0.079063
0 0.732910 0.104685 0.036133 0.060029
0 0.664551 0.147145 0.032227 0.057101
0 0.581543 0.237921 0.041992 0.077599
0 0.548828 0.193997 0.033203 0.057101
0 0.540039 0.120791 0.035156 0.062958
0 0.508789 0.159590 0.031250 0.061493
0 0.467285 0.173499 0.028320 0.051245
0 0.462402 0.501464 0.047852 0.083455
0 0.405762 0.164714 0.038086 0.071742
0 0.336914 0.178624 0.037109 0.067350
0 0.284668 0.196193 0.038086 0.064422
0 0.279785 0.150805 0.036133 0.052709
0 0.403320 0.347731 0.046875 0.083455
0 0.310547 0.182284 0.023438 0.048316
0 0.023926 0.390190 0.018555 0.027818
0 0.109863 0.374817 0.008789 0.020498
0 0.139160 0.333089 0.010742 0.021962
0 0.090820 0.337482 0.009766 0.019034
0 0.046387 0.313324 0.010742 0.020498
0 0.042969 0.259151 0.013672 0.017570
0 0.088379 0.257687 0.008789 0.014641
0 0.080078 0.239385 0.007812 0.013177
0 0.097656 0.222548 0.007812 0.014641
0 0.096680 0.202782 0.007812 0.013177
0 0.138672 0.228404 0.007812 0.014641
0 0.029297 0.223280 0.007812 0.013177
0 0.067871 0.210102 0.006836 0.013177
0 0.083008 0.192533 0.005859 0.013177
0 0.092773 0.191801 0.005859 0.011713
0 0.089844 0.168375 0.005859 0.011713
0 0.044922 0.194729 0.007812 0.014641
0 0.022949 0.188141 0.006836 0.013177
0 0.005859 0.377745 0.011719 0.020498
0 0.008301 0.358712 0.010742 0.020498
0 0.129883 0.377013 0.015625 0.027818
0 0.124512 0.239385 0.008789 0.016105
0 0.191895 0.219619 0.006836 0.014641
0 0.985840 0.341142 0.008789 0.017570
0 0.966797 0.345534 0.007812 0.011713
0 0.884766 0.338214 0.007812 0.014641
0 0.927246 0.356515 0.006836 0.013177
0 0.935547 0.351391 0.005859 0.011713
0 0.905762 0.348463 0.006836 0.011713
