0 0.784668 0.138955 0.073242 0.078385
0 0.934082 0.353919 0.030273 0.033254
0 0.904785 0.355899 0.022461 0.027712
0 0.933105 0.317102 0.018555 0.024545
0 0.909180 0.325812 0.017578 0.019794
0 0.652832 0.372922 0.016602 0.020586
0 0.568848 0.344022 0.010742 0.013460
0 0.596191 0.370546 0.014648 0.015835
0 0.530762 0.372130 0.014648 0.017419
0 0.657227 0.348377 0.011719 0.012668
0 0.882812 0.336896 0.017578 0.021378
0 0.620605 0.344022 0.014648 0.015044
0 0.197754 0.387173 0.012695 0.012668
0 0.639160 0.363816 0.014648 0.021378
0 0.952637 0.303642 0.014648 0.019794
0 0.575684 0.376880 0.014648 0.019002
0 0.546875 0.373713 0.013672 0.015835
0 0.524414 0.345606 0.011719 0.011876
0 0.607910 0.341251 0.012695 0.014252
0 0.586426 0.351544 0.014648 0.012668
0 0.647461 0.328187 0.013672 0.015044
0 0.577148 0.331354 0.011719 0.013460
0 0.908203 0.302850 0.011719 0.013460
0 0.921875 0.302850 0.011719 0.013460
0 0.914551 0.289786 0.012695 0.012668
0 0.876465 0.281869 0.010742 0.012668
0 0.957031 0.288599 0.013672 0.013460
0 0.940430 0.297308 0.013672 0.015044
0 0.895020 0.319873 0.012695 0.014252
0 0.045898 0.311164 0.007812 0.009501
0 0.125977 0.355503 0.007812 0.007918
0 0.304688 0.258907 0.089844 0.096595
0 0.249023 0.386382 0.009766 0.011085
0 0.231934 0.384006 0.008789 0.009501
0 0.250488 0.365796 0.008789 0.009501
0 0.641113 0.342835 0.012695 0.011085
0 0.672852 0.327395 0.011719 0.011876
0 0.494141 0.351544 0.011719 0.011085
0 0.495117 0.337292 0.009766 0.011085
0 0.514160 0.326207 0.010742 0.011085
0 0.539551 0.345210 0.008789 0.009501
0 0.606445 0.328187 0.011719 0.011876
0 0.509277 0.373317 0.014648 0.016627
0 0.563477 0.336896 0.011719 0.015044
0 0.855957 0.305622 0.012695 0.015835
0 0.988770 0.304434 0.012695 0.019794
0 0.899902 0.249802 0.012695 0.011876
0 0.870117 0.270784 0.009766 0.009501
0 0.873047 0.255344 0.007812 0.010293
0 0.979980 0.269200 0.010742 0.011085
0 0.935547 0.235946 0.009766 0.009501
0 0.887695 0.230800 0.007812 0.007126
0 0.875488 0.234759 0.008789 0.008709
0 0.905273 0.217340 0.009766 0.010293
0 0.981445 0.239905 0.009766 0.011085
0 0.992188 0.238321 0.007812 0.009501
0 0.963379 0.224466 0.010742 0.008709
0 0.949219 0.258511 0.011719 0.011876
0 0.942871 0.222486 0.008789 0.009501
0 0.957031 0.207047 0.009766 0.010293
0 0.935059 0.214568 0.010742 0.009501
0 0.931152 0.198733 0.008789 0.009501
0 0.907227 0.197546 0.007812 0.008709
0 0.612305 0.316310 0.009766 0.008709
0 0.628418 0.314331 0.008789 0.007918
0 0.661133 0.263262 0.007812 0.008709
0 0.712402 0.309976 0.008789 0.010293
0 0.704590 0.291766 0.008789 0.007126
0 0.551270 0.325020 0.008789 0.008709
0 0.640137 0.317894 0.008789 0.010293
0 0.658691 0.311560 0.008789 0.008709
0 0.646484 0.310768 0.007812 0.007126
0 0.636230 0.306017 0.006836 0.007126
0 0.600586 0.313539 0.007812 0.007918
0 0.594238 0.326603 0.008789 0.008709
0 0.552734 0.342439 0.009766 0.010293
0 0.895508 0.300871 0.015625 0.012668
0 0.168945 0.346793 0.011719 0.011085
