0 0.902832 0.550512 0.008789 0.020498
0 0.856934 0.562958 0.010742 0.021962
0 0.817383 0.566618 0.009766 0.020498
0 0.782227 0.620791 0.009766 0.020498
0 0.750977 0.560761 0.009766 0.017570
0 0.747559 0.629575 0.010742 0.023426
0 0.729492 0.618594 0.007812 0.016105
0 0.713379 0.581259 0.010742 0.020498
0 0.700195 0.553441 0.009766 0.020498
0 0.701660 0.628111 0.012695 0.026354
0 0.667480 0.524890 0.010742 0.019034
0 0.660645 0.575403 0.008789 0.017570
0 0.611328 0.401903 0.031250 0.051245
0 0.571777 0.624451 0.014648 0.024890
0 0.518066 0.610542 0.012695 0.023426
0 0.554688 0.577599 0.009766 0.019034
0 0.523438 0.574671 0.005859 0.016105
0 0.483887 0.569546 0.006836 0.017570
0 0.467285 0.506589 0.030273 0.049780
0 0.445801 0.557833 0.014648 0.020498
0 0.306152 0.521962 0.010742 0.019034
0 0.283691 0.530015 0.014648 0.026354
0 0.313965 0.569546 0.010742 0.020498
0 0.303711 0.628843 0.009766 0.016105
0 0.267578 0.500000 0.007812 0.016105
0 0.220703 0.475842 0.009766 0.020498
0 0.261230 0.529283 0.012695 0.021962
0 0.174805 0.564422 0.011719 0.024890
0 0.222168 0.568082 0.008789 0.017570
0 0.159180 0.542460 0.009766 0.019034
0 0.157715 0.622987 0.010742 0.019034
0 0.115234 0.587116 0.009766 0.026354
0 0.101562 0.562958 0.007812 0.021962
0 0.068848 0.550512 0.008789 0.020498
0 0.035645 0.611274 0.008789 0.021962
0 0.020508 0.605417 0.007812 0.021962
0 0.022949 0.540996 0.008789 0.019034
