0 0.073730 0.160590 0.008789 0.019097
0 0.166016 0.136285 0.007812 0.015625
0 0.220215 0.159722 0.008789 0.020833
0 0.644043 0.155382 0.008789 0.019097
0 0.745605 0.176215 0.008789 0.019097
0 0.791504 0.188368 0.008789 0.022569
0 0.854980 0.197917 0.010742 0.027778
0 0.912598 0.203125 0.008789 0.024306
0 0.951172 0.399306 0.011719 0.031250
0 0.151855 0.424479 0.010742 0.029514
0 0.316895 0.161458 0.008789 0.020833
0 0.460449 0.160590 0.008789 0.019097
0 0.139648 0.121528 0.007812 0.017361
0 0.113770 0.125868 0.006836 0.015625
0 0.059082 0.126736 0.008789 0.013889
0 0.036621 0.121528 0.010742 0.020833
0 0.044434 0.084201 0.008789 0.015625
0 0.017090 0.068576 0.008789 0.015625
0 0.026855 0.015625 0.006836 0.017361
0 0.052246 0.012153 0.008789 0.017361
0 0.072754 0.018229 0.008789 0.019097
0 0.101074 0.022569 0.008789 0.017361
0 0.128418 0.024306 0.008789 0.020833
0 0.148438 0.067708 0.009766 0.020833
0 0.097656 0.069444 0.007812 0.017361
0 0.125000 0.060764 0.007812 0.020833
0 0.156738 0.014757 0.008789 0.019097
0 0.183594 0.012153 0.007812 0.020833
0 0.208496 0.014757 0.008789 0.015625
0 0.230957 0.019965 0.008789 0.019097
0 0.250488 0.066840 0.008789 0.022569
0 0.242188 0.127604 0.007812 0.019097
0 0.215332 0.125000 0.006836 0.020833
0 0.192383 0.121528 0.007812 0.017361
0 0.200195 0.074653 0.007812 0.020833
0 0.224121 0.072917 0.008789 0.020833
0 0.256836 0.026910 0.009766 0.029514
0 0.083984 0.121528 0.009766 0.017361
0 0.339355 0.119792 0.008789 0.017361
0 0.372070 0.130208 0.007812 0.017361
0 0.373047 0.072917 0.007812 0.017361
0 0.398926 0.113715 0.008789 0.022569
0 0.400879 0.070312 0.008789 0.015625
0 0.420410 0.065972 0.006836 0.013889
0 0.426270 0.116319 0.008789 0.017361
0 0.450684 0.111111 0.006836 0.017361
0 0.451660 0.072049 0.006836 0.015625
0 0.477051 0.125868 0.008789 0.019097
0 0.531738 0.122396 0.008789 0.019097
0 0.532227 0.064236 0.007812 0.017361
0 0.552734 0.072049 0.007812 0.019097
0 0.558594 0.126736 0.007812 0.017361
0 0.500977 0.061632 0.007812 0.015625
0 0.505371 0.017361 0.006836 0.017361
0 0.527344 0.019097 0.007812 0.017361
0 0.554688 0.012153 0.007812 0.017361
0 0.481445 0.015625 0.009766 0.020833
0 0.475586 0.065104 0.007812 0.015625
0 0.449219 0.021701 0.007812 0.019097
0 0.426758 0.019097 0.007812 0.013889
0 0.401367 0.013021 0.007812 0.012153
0 0.374023 0.016493 0.007812 0.015625
0 0.355469 0.021701 0.009766 0.019097
0 0.063477 0.079861 0.007812 0.020833
0 0.574707 0.018229 0.008789 0.015625
0 0.584473 0.064236 0.006836 0.013889
0 0.607910 0.072049 0.006836 0.015625
0 0.604004 0.025174 0.006836 0.012153
0 0.625488 0.017361 0.006836 0.017361
0 0.633301 0.060764 0.008789 0.017361
0 0.611328 0.117188 0.007812 0.015625
0 0.582520 0.123264 0.008789 0.020833
0 0.637207 0.111979 0.008789 0.019097
0 0.621094 0.106771 0.007812 0.015625
0 0.659180 0.058160 0.007812 0.019097
0 0.684570 0.079861 0.007812 0.017361
0 0.690918 0.125868 0.006836 0.015625
0 0.710938 0.071181 0.005859 0.013889
0 0.680176 0.013021 0.010742 0.022569
0 0.655273 0.013889 0.009766 0.020833
0 0.704590 0.019097 0.008789 0.017361
0 0.730469 0.011285 0.009766 0.015625
0 0.736816 0.063368 0.008789 0.019097
0 0.719238 0.115451 0.008789 0.015625
0 0.743652 0.117188 0.006836 0.019097
0 0.752441 0.013889 0.008789 0.013889
0 0.780273 0.019097 0.009766 0.017361
0 0.762695 0.058160 0.007812 0.015625
0 0.784668 0.065104 0.006836 0.012153
0 0.805176 0.019965 0.006836 0.015625
0 0.809082 0.065972 0.006836 0.013889
0 0.837891 0.062500 0.007812 0.017361
0 0.855957 0.013889 0.006836 0.013889
0 0.878906 0.016493 0.005859 0.015625
0 0.892578 0.061632 0.007812 0.019097
0 0.866211 0.058160 0.007812 0.015625
0 0.848145 0.109375 0.008789 0.017361
0 0.877930 0.112847 0.009766 0.020833
0 0.898926 0.128472 0.006836 0.017361
0 0.918457 0.155382 0.008789 0.022569
0 0.887207 0.167535 0.008789 0.019097
0 0.862793 0.163194 0.008789 0.024306
0 0.829590 0.160590 0.008789 0.019097
0 0.823730 0.128472 0.006836 0.017361
0 0.795410 0.113715 0.008789 0.015625
0 0.766602 0.129340 0.009766 0.015625
0 0.953613 0.169271 0.006836 0.015625
0 0.975098 0.192708 0.010742 0.024306
0 0.974121 0.160590 0.006836 0.015625
