0 0.766602 0.442320 0.058594 0.038237
0 0.869141 0.453662 0.035156 0.032404
0 0.849609 0.393390 0.033203 0.031108
0 0.533691 0.262152 0.092773 0.075826
0 0.271484 0.063837 0.039062 0.033052
0 0.167969 0.112119 0.037109 0.029812
0 0.329102 0.130266 0.033203 0.028516
0 0.372070 0.165587 0.039062 0.027868
0 0.050781 0.184381 0.039062 0.029164
0 0.731934 0.103694 0.040039 0.028516
0 0.863281 0.106935 0.031250 0.029812
0 0.983398 0.114064 0.031250 0.031108
0 0.557129 0.047959 0.032227 0.027220
0 0.096680 0.387233 0.037109 0.034349
0 0.077637 0.319831 0.040039 0.033052
0 0.286133 0.279650 0.037109 0.034349
0 0.093750 0.446209 0.052734 0.039533
0 0.662109 0.248866 0.039062 0.042774
0 0.754395 0.280622 0.038086 0.038885
0 0.890625 0.226831 0.042969 0.029812
0 0.821777 0.326960 0.043945 0.038237
0 0.939453 0.339274 0.041016 0.026572
0 0.072266 0.297148 0.041016 0.038237
0 0.689453 0.456578 0.031250 0.033052
