0 0.413086 0.282489 0.091797 0.065894
0 0.858398 0.411531 0.021484 0.014033
0 0.691895 0.381940 0.022461 0.013423
0 0.627441 0.528371 0.030273 0.024405
0 0.564453 0.521660 0.023438 0.017084
0 0.747070 0.550946 0.033203 0.025625
0 0.833008 0.546065 0.035156 0.026846
0 0.865234 0.572605 0.035156 0.027456
0 0.888184 0.528371 0.028320 0.024405
0 0.907227 0.480781 0.027344 0.023185
0 0.882324 0.487492 0.024414 0.021965
0 0.265137 0.460647 0.024414 0.014643
0 0.208984 0.491763 0.017578 0.014643
0 0.186035 0.490848 0.018555 0.016473
0 0.857910 0.357230 0.026367 0.016473
