0 0.288086 0.492679 0.023438 0.042460
0 0.498047 0.265739 0.033203 0.054173
0 0.726074 0.407760 0.030273 0.051245
0 0.013672 0.677892 0.015625 0.029283
0 0.037598 0.658858 0.010742 0.026354
0 0.068359 0.659590 0.011719 0.021962
0 0.118652 0.695461 0.014648 0.029283
0 0.154297 0.685212 0.013672 0.023426
0 0.178711 0.680088 0.013672 0.024890
0 0.216797 0.708638 0.011719 0.020498
0 0.203613 0.655930 0.010742 0.020498
0 0.193359 0.632504 0.009766 0.017570
0 0.175781 0.658126 0.009766 0.019034
0 0.148926 0.652269 0.010742 0.021962
0 0.112793 0.649341 0.012695 0.021962
0 0.127930 0.625183 0.011719 0.020498
0 0.093262 0.625183 0.010742 0.020498
0 0.068359 0.632504 0.009766 0.020498
0 0.084961 0.607613 0.009766 0.017570
0 0.114258 0.603221 0.009766 0.020498
0 0.053711 0.604685 0.011719 0.020498
0 0.035645 0.628843 0.012695 0.019034
0 0.004883 0.628843 0.009766 0.019034
0 0.013184 0.601025 0.010742 0.021962
0 0.054688 0.581259 0.009766 0.017570
0 0.080078 0.584919 0.009766 0.019034
0 0.015137 0.574671 0.010742 0.019034
0 0.149902 0.600293 0.010742 0.020498
0 0.160156 0.592972 0.007812 0.017570
0 0.178223 0.588580 0.010742 0.023426
0 0.206055 0.592972 0.009766 0.017570
0 0.222656 0.642753 0.009766 0.020498
0 0.192383 0.611274 0.009766 0.019034
0 0.157715 0.636896 0.010742 0.017570
0 0.323730 0.677892 0.012695 0.023426
0 0.334961 0.660322 0.007812 0.020498
0 0.359863 0.679356 0.010742 0.020498
0 0.312500 0.661054 0.009766 0.019034
0 0.319336 0.644217 0.007812 0.017570
0 0.373535 0.633236 0.006836 0.016105
0 0.351562 0.633236 0.007812 0.019034
0 0.352539 0.597365 0.007812 0.014641
0 0.370605 0.573206 0.010742 0.016105
0 0.348145 0.555637 0.006836 0.013177
0 0.396973 0.575403 0.006836 0.014641
0 0.349121 0.617130 0.008789 0.019034
0 0.232422 0.590776 0.009766 0.019034
0 0.183105 0.562958 0.008789 0.016105
0 0.158691 0.557833 0.010742 0.020498
0 0.121094 0.535139 0.007812 0.013177
0 0.028320 0.538799 0.007812 0.017570
0 0.061523 0.491215 0.007812 0.013177
0 0.010742 0.492679 0.009766 0.019034
0 0.089844 0.497072 0.007812 0.016105
0 0.104492 0.497804 0.007812 0.014641
0 0.125977 0.495608 0.007812 0.016105
0 0.149414 0.531479 0.007812 0.014641
0 0.154785 0.516105 0.008789 0.016105
0 0.177246 0.522694 0.006836 0.014641
0 0.222168 0.564422 0.006836 0.016105
0 0.215820 0.551977 0.007812 0.014641
0 0.192383 0.543924 0.007812 0.016105
0 0.232910 0.502928 0.006836 0.013177
0 0.255859 0.506589 0.007812 0.011713
0 0.181152 0.480234 0.006836 0.014641
0 0.198242 0.484627 0.005859 0.011713
0 0.142090 0.478770 0.008789 0.014641
0 0.122070 0.476574 0.007812 0.013177
0 0.085938 0.469985 0.007812 0.011713
0 0.240234 0.535139 0.007812 0.013177
0 0.307617 0.535139 0.007812 0.016105
0 0.319336 0.517570 0.005859 0.013177
0 0.328125 0.538799 0.007812 0.014641
0 0.331055 0.515373 0.005859 0.011713
0 0.346680 0.515373 0.005859 0.011713
0 0.363770 0.519766 0.006836 0.011713
0 0.329590 0.491947 0.006836 0.011713
0 0.246094 0.472182 0.007812 0.013177
0 0.218262 0.487555 0.006836 0.011713
0 0.072266 0.549048 0.009766 0.017570
0 0.116211 0.584919 0.009766 0.019034
0 0.550781 0.600293 0.013672 0.026354
0 0.012695 0.442899 0.007812 0.016105
0 0.027344 0.431186 0.009766 0.016105
0 0.054199 0.447291 0.008789 0.013177
0 0.070312 0.420937 0.009766 0.013177
0 0.048340 0.418009 0.006836 0.013177
0 0.117188 0.427526 0.007812 0.011713
0 0.181152 0.464861 0.006836 0.010249
0 0.199707 0.464129 0.006836 0.011713
0 0.196777 0.432650 0.006836 0.013177
0 0.186035 0.416545 0.006836 0.013177
0 0.239258 0.457540 0.007812 0.013177
0 0.263672 0.450220 0.005859 0.010249
0 0.114258 0.456076 0.007812 0.013177
0 0.104004 0.407028 0.006836 0.011713
0 0.002930 0.426061 0.005859 0.011713
0 0.810547 0.665447 0.009766 0.013177
0 0.903809 0.663250 0.008789 0.014641
0 0.914062 0.668375 0.005859 0.013177
0 0.885742 0.669839 0.005859 0.010249
0 0.951660 0.669107 0.006836 0.011713
0 0.831543 0.666911 0.006836 0.010249
0 0.624023 0.213031 0.027344 0.062958
