0 0.274902 0.222963 0.106445 0.179259
0 0.433594 0.216296 0.093750 0.207407
0 0.585449 0.266667 0.090820 0.162963
0 0.745605 0.311852 0.102539 0.170370
0 0.868652 0.238519 0.026367 0.053333
0 0.962402 0.367407 0.030273 0.053333
0 0.088379 0.274074 0.010742 0.020741
0 0.104004 0.354074 0.014648 0.026667
0 0.076172 0.365926 0.019531 0.038519
0 0.008789 0.409630 0.017578 0.066667
0 0.105957 0.168889 0.010742 0.017778
0 0.071777 0.149630 0.008789 0.014815
0 0.046875 0.165185 0.007812 0.013333
0 0.020508 0.144444 0.007812 0.013333
0 0.053223 0.212593 0.008789 0.016296
0 0.193359 0.230370 0.009766 0.016296
0 0.166504 0.198519 0.008789 0.017778
0 0.042969 0.148148 0.007812 0.011852
0 0.047852 0.118519 0.005859 0.011852
0 0.335938 0.259259 0.005859 0.011852
0 0.339355 0.207407 0.006836 0.011852
0 0.349121 0.219259 0.006836 0.011852
0 0.358398 0.205185 0.005859 0.013333
0 0.366699 0.192593 0.006836 0.014815
0 0.334961 0.145185 0.005859 0.011852
0 0.327637 0.293333 0.008789 0.017778
0 0.367188 0.327407 0.015625 0.023704
0 0.833496 0.171852 0.008789 0.014815
0 0.897949 0.171111 0.008789 0.016296
0 0.366211 0.221481 0.007812 0.013333
0 0.585938 0.089630 0.007812 0.010370
0 0.607422 0.095556 0.007812 0.013333
0 0.627441 0.096296 0.006836 0.011852
0 0.565918 0.092593 0.006836 0.010370
0 0.488281 0.117037 0.009766 0.017778
0 0.511719 0.186667 0.007812 0.014815
0 0.679688 0.091111 0.005859 0.010370
0 0.701660 0.088148 0.004883 0.010370
0 0.724121 0.089630 0.006836 0.010370
0 0.758789 0.074074 0.005859 0.008889
0 0.774902 0.070370 0.004883 0.010370
0 0.175293 0.153333 0.006836 0.013333
0 0.149414 0.155556 0.005859 0.008889
