0 0.973145 0.295863 0.006836 0.016187
0 0.948242 0.283273 0.007812 0.016187
0 0.980469 0.345324 0.015625 0.043165
0 0.995117 0.383993 0.009766 0.044964
0 0.956055 0.354317 0.017578 0.039568
0 0.936523 0.382194 0.013672 0.030576
0 0.917969 0.473921 0.017578 0.052158
0 0.878906 0.353417 0.015625 0.041367
0 0.780273 0.377698 0.015625 0.035971
0 0.824219 0.347122 0.015625 0.046763
0 0.785156 0.313849 0.009766 0.023381
0 0.804199 0.329137 0.006836 0.021583
0 0.834961 0.291367 0.007812 0.021583
0 0.851074 0.332734 0.008789 0.021583
0 0.814453 0.318345 0.007812 0.017986
0 0.802246 0.309353 0.008789 0.021583
0 0.796875 0.297662 0.009766 0.019784
0 0.810547 0.528777 0.015625 0.046763
0 0.768555 0.343525 0.013672 0.039568
0 0.752441 0.310252 0.008789 0.016187
0 0.742676 0.265288 0.006836 0.019784
0 0.729004 0.240108 0.006836 0.016187
0 0.725098 0.276978 0.006836 0.021583
0 0.737793 0.302158 0.006836 0.017986
0 0.744629 0.368705 0.012695 0.021583
0 0.711426 0.339029 0.016602 0.041367
0 0.698242 0.343525 0.011719 0.039568
0 0.674805 0.397482 0.015625 0.028777
0 0.692383 0.278777 0.005859 0.017986
0 0.719727 0.296763 0.007812 0.021583
0 0.690918 0.250899 0.006836 0.016187
0 0.670898 0.245504 0.007812 0.019784
0 0.650879 0.253597 0.006836 0.021583
0 0.631836 0.223022 0.005859 0.014388
0 0.624023 0.265288 0.005859 0.019784
0 0.634277 0.329137 0.006836 0.025180
0 0.622559 0.308453 0.008789 0.019784
0 0.612305 0.315647 0.011719 0.023381
0 0.708008 0.259892 0.007812 0.016187
0 0.591797 0.223921 0.005859 0.019784
0 0.587891 0.240108 0.007812 0.023381
0 0.572754 0.386691 0.016602 0.039568
0 0.626465 0.455935 0.014648 0.026978
0 0.740234 0.523381 0.019531 0.050360
0 0.615723 0.397482 0.014648 0.035971
0 0.606445 0.375000 0.013672 0.037770
0 0.650391 0.322842 0.005859 0.019784
0 0.765137 0.295863 0.008789 0.023381
0 0.506836 0.091727 0.042969 0.115108
0 0.410645 0.181655 0.006836 0.014388
0 0.389648 0.176259 0.005859 0.017986
0 0.403320 0.260791 0.009766 0.021583
0 0.411133 0.339029 0.019531 0.048561
0 0.369629 0.178058 0.006836 0.021583
0 0.353516 0.167266 0.007812 0.021583
0 0.323730 0.189748 0.006836 0.012590
0 0.381348 0.212230 0.006836 0.010791
0 0.310059 0.228417 0.008789 0.017986
0 0.291504 0.193345 0.006836 0.019784
0 0.291504 0.222122 0.006836 0.016187
0 0.320312 0.258094 0.007812 0.016187
0 0.277832 0.262590 0.012695 0.025180
0 0.312988 0.288669 0.008789 0.019784
0 0.333008 0.290468 0.007812 0.019784
0 0.381836 0.285072 0.007812 0.019784
0 0.367676 0.244604 0.006836 0.017986
0 0.369141 0.272482 0.007812 0.016187
0 0.345215 0.250000 0.006836 0.014388
0 0.334961 0.353417 0.021484 0.044964
0 0.375488 0.377698 0.016602 0.046763
0 0.396973 0.357014 0.016602 0.037770
0 0.287109 0.384892 0.019531 0.053957
0 0.365234 0.209532 0.005859 0.019784
0 0.265625 0.166367 0.007812 0.023381
0 0.230469 0.169065 0.005859 0.014388
0 0.173340 0.158273 0.008789 0.021583
0 0.199219 0.207734 0.007812 0.026978
0 0.213379 0.218525 0.006836 0.016187
0 0.207031 0.252698 0.009766 0.023381
0 0.228516 0.254496 0.011719 0.023381
0 0.244141 0.274281 0.009766 0.023381
0 0.216797 0.277878 0.007812 0.019784
0 0.265625 0.302158 0.009766 0.025180
0 0.238770 0.373201 0.018555 0.044964
0 0.299316 0.280576 0.008789 0.017986
0 0.261230 0.380396 0.012695 0.023381
0 0.083984 0.361511 0.019531 0.050360
0 0.083008 0.294964 0.009766 0.021583
0 0.034668 0.378597 0.008789 0.016187
0 0.034668 0.320144 0.016602 0.028777
0 0.052246 0.411871 0.012695 0.021583
0 0.019043 0.222122 0.002930 0.019784
0 0.030762 0.196043 0.008789 0.025180
0 0.037598 0.172662 0.008789 0.017986
0 0.047852 0.224820 0.007812 0.021583
0 0.082031 0.217626 0.011719 0.025180
0 0.092773 0.214029 0.007812 0.021583
0 0.098145 0.178957 0.008789 0.026978
0 0.115234 0.178058 0.005859 0.014388
0 0.106934 0.169964 0.006836 0.019784
0 0.091309 0.136691 0.006836 0.014388
0 0.058594 0.202338 0.009766 0.019784
0 0.107422 0.206835 0.005859 0.014388
0 0.176758 0.098921 0.033203 0.097122
0 0.664551 0.364209 0.012695 0.023381
0 0.007812 0.382194 0.015625 0.048561
0 0.011719 0.292266 0.011719 0.030576
0 0.237305 0.234712 0.013672 0.023381
0 0.270020 0.230216 0.010742 0.028777
0 0.002441 0.216727 0.004883 0.019784
0 0.008789 0.189748 0.007812 0.016187
