0 0.179199 0.215332 0.122070 0.159180
0 0.366211 0.023926 0.044922 0.047852
0 0.370605 0.227051 0.090820 0.124023
0 0.485840 0.024414 0.043945 0.048828
0 0.586914 0.038574 0.048828 0.065430
0 0.643555 0.057129 0.035156 0.055664
0 0.714355 0.062012 0.036133 0.051758
0 0.778809 0.063965 0.038086 0.055664
0 0.801758 0.091797 0.021484 0.035156
0 0.932617 0.122070 0.035156 0.035156
0 0.942871 0.200195 0.043945 0.068359
0 0.889648 0.182129 0.035156 0.086914
0 0.856934 0.196289 0.055664 0.095703
0 0.749512 0.212891 0.077148 0.093750
0 0.660156 0.188477 0.087891 0.126953
0 0.587402 0.244629 0.077148 0.133789
0 0.986816 0.136719 0.026367 0.039062
0 0.727539 0.111816 0.019531 0.032227
