0 0.039062 0.321615 0.011719 0.018229
0 0.073242 0.332682 0.011719 0.019531
0 0.093750 0.315104 0.013672 0.018229
0 0.120605 0.305339 0.010742 0.016927
0 0.141602 0.297526 0.009766 0.016927
0 0.166504 0.285807 0.010742 0.019531
0 0.111328 0.251953 0.011719 0.016927
0 0.118164 0.233073 0.007812 0.015625
0 0.140137 0.225911 0.010742 0.016927
0 0.067383 0.251302 0.011719 0.015625
0 0.037598 0.277344 0.010742 0.015625
0 0.010742 0.283854 0.009766 0.015625
0 0.147949 0.360026 0.010742 0.016927
0 0.169922 0.358073 0.009766 0.015625
0 0.112793 0.417969 0.010742 0.015625
0 0.023926 0.460938 0.010742 0.015625
0 0.214844 0.385417 0.009766 0.018229
0 0.235840 0.368490 0.010742 0.018229
0 0.279297 0.360026 0.011719 0.016927
0 0.298340 0.358073 0.010742 0.018229
0 0.309082 0.316406 0.010742 0.015625
0 0.332031 0.287760 0.009766 0.018229
0 0.294922 0.237630 0.009766 0.014323
0 0.316895 0.231771 0.010742 0.015625
0 0.271484 0.265625 0.009766 0.015625
0 0.235840 0.322917 0.010742 0.015625
0 0.262207 0.324870 0.010742 0.016927
0 0.183105 0.222656 0.008789 0.015625
0 0.205078 0.212240 0.009766 0.013021
0 0.228027 0.207682 0.010742 0.016927
0 0.196777 0.268880 0.012695 0.019531
0 0.334961 0.353516 0.009766 0.014323
0 0.272461 0.428385 0.011719 0.015625
0 0.250488 0.434896 0.010742 0.015625
0 0.189941 0.455078 0.010742 0.019531
0 0.163086 0.457682 0.013672 0.019531
0 0.319824 0.419271 0.010742 0.018229
0 0.281250 0.424479 0.009766 0.018229
0 0.438477 0.317708 0.009766 0.015625
0 0.408691 0.328776 0.010742 0.019531
0 0.460938 0.366536 0.011719 0.019531
0 0.667480 0.404297 0.010742 0.016927
0 0.558105 0.336589 0.010742 0.016927
0 0.576172 0.322266 0.011719 0.016927
0 0.606934 0.319661 0.010742 0.016927
0 0.636719 0.224609 0.011719 0.016927
0 0.542969 0.269531 0.009766 0.018229
0 0.565918 0.260417 0.010742 0.013021
0 0.513672 0.279297 0.009766 0.014323
0 0.501465 0.280599 0.010742 0.016927
0 0.477051 0.248047 0.012695 0.016927
0 0.452148 0.247396 0.009766 0.015625
0 0.497070 0.222656 0.009766 0.018229
0 0.525391 0.216797 0.011719 0.016927
0 0.502930 0.178385 0.011719 0.018229
0 0.481445 0.188802 0.011719 0.015625
0 0.408691 0.205729 0.008789 0.015625
0 0.339355 0.175130 0.008789 0.014323
0 0.347168 0.167318 0.008789 0.014323
0 0.410156 0.139323 0.009766 0.015625
0 0.302246 0.175781 0.010742 0.015625
0 0.944336 0.151693 0.011719 0.019531
0 0.991211 0.160156 0.009766 0.018229
0 0.968750 0.108073 0.011719 0.018229
0 0.947754 0.108724 0.008789 0.014323
0 0.893066 0.201172 0.010742 0.019531
0 0.940430 0.199219 0.009766 0.015625
0 0.965332 0.208984 0.010742 0.016927
0 0.981934 0.214844 0.010742 0.018229
0 0.964355 0.250000 0.010742 0.018229
0 0.939453 0.251302 0.009766 0.015625
0 0.908203 0.246094 0.009766 0.015625
0 0.913086 0.348958 0.011719 0.018229
0 0.839355 0.348958 0.010742 0.015625
0 0.964355 0.412760 0.010742 0.018229
0 0.988281 0.368490 0.011719 0.020833
0 0.957031 0.367839 0.011719 0.019531
0 0.960449 0.460938 0.010742 0.018229
0 0.923340 0.453776 0.010742 0.019531
0 0.932129 0.412109 0.010742 0.016927
0 0.902832 0.438802 0.010742 0.018229
0 0.886719 0.410807 0.007812 0.014323
0 0.858887 0.427083 0.010742 0.018229
0 0.863281 0.393880 0.011719 0.016927
0 0.834473 0.384766 0.010742 0.016927
0 0.822754 0.434245 0.010742 0.016927
0 0.792480 0.413411 0.010742 0.016927
0 0.806152 0.369792 0.010742 0.018229
0 0.759766 0.410807 0.011719 0.019531
0 0.894531 0.376953 0.009766 0.014323
0 0.774414 0.649740 0.011719 0.018229
0 0.876953 0.779297 0.009766 0.022135
0 0.606445 0.681641 0.011719 0.019531
0 0.619629 0.621094 0.012695 0.020833
0 0.555664 0.685547 0.013672 0.022135
0 0.731445 0.789062 0.009766 0.018229
0 0.823242 0.779297 0.009766 0.016927
0 0.286133 0.576172 0.013672 0.022135
0 0.266602 0.581380 0.011719 0.011719
0 0.065918 0.665365 0.010742 0.018229
0 0.749023 0.216146 0.009766 0.015625
