0 0.356445 0.316304 0.123047 0.067618
0 0.692383 0.261082 0.099609 0.069872
0 0.198242 0.650263 0.074219 0.065364
0 0.743652 0.895943 0.026367 0.029301
0 0.786621 0.911721 0.020508 0.026296
0 0.811523 0.945530 0.031250 0.029301
0 0.862793 0.922615 0.026367 0.027047
0 0.925781 0.942900 0.027344 0.028550
0 0.470703 0.886176 0.023438 0.023291
0 0.377930 0.855748 0.023438 0.018032
0 0.045898 0.929752 0.042969 0.035312
0 0.131348 0.941397 0.034180 0.034560
0 0.020996 0.904207 0.032227 0.032307
0 0.773438 0.884298 0.027344 0.022539
0 0.825684 0.895943 0.026367 0.018783
