0 0.009277 0.188368 0.008789 0.022569
0 0.197754 0.032986 0.010742 0.027778
0 0.235840 0.026910 0.012695 0.019097
0 0.183594 0.076389 0.009766 0.024306
0 0.149902 0.078993 0.010742 0.022569
0 0.208496 0.103299 0.010742 0.022569
0 0.205566 0.138889 0.010742 0.024306
0 0.164551 0.144097 0.012695 0.027778
0 0.160645 0.219618 0.010742 0.029514
0 0.171387 0.190104 0.012695 0.029514
0 0.207031 0.194444 0.007812 0.027778
0 0.201660 0.217882 0.008789 0.026042
0 0.183594 0.235243 0.009766 0.036458
0 0.223145 0.333333 0.012695 0.031250
0 0.208984 0.282986 0.011719 0.041667
0 0.174805 0.264757 0.011719 0.029514
0 0.179199 0.403646 0.012695 0.029514
0 0.244141 0.063368 0.013672 0.032986
0 0.284668 0.065972 0.010742 0.027778
0 0.287109 0.032986 0.007812 0.020833
0 0.324219 0.035590 0.007812 0.022569
0 0.329102 0.078125 0.011719 0.027778
0 0.346680 0.039062 0.009766 0.022569
0 0.362305 0.074653 0.011719 0.027778
0 0.379883 0.118056 0.009766 0.027778
0 0.419434 0.100694 0.010742 0.027778
0 0.382324 0.188368 0.010742 0.026042
0 0.348145 0.183160 0.012695 0.032986
0 0.327148 0.149306 0.011719 0.027778
0 0.289062 0.141493 0.011719 0.029514
0 0.254883 0.139757 0.015625 0.022569
0 0.247070 0.110243 0.011719 0.026042
0 0.250977 0.180556 0.009766 0.027778
0 0.297363 0.186632 0.014648 0.026042
0 0.263184 0.215278 0.010742 0.027778
0 0.314453 0.269965 0.011719 0.029514
0 0.353516 0.272569 0.011719 0.027778
0 0.369629 0.298611 0.012695 0.031250
0 0.389648 0.276910 0.021484 0.050347
0 0.368652 0.347222 0.012695 0.027778
0 0.312012 0.342882 0.012695 0.032986
0 0.250000 0.261285 0.009766 0.032986
0 0.427246 0.166667 0.018555 0.072917
0 0.377930 0.062500 0.009766 0.024306
0 0.368652 0.054688 0.010742 0.019097
0 0.468262 0.106771 0.008789 0.022569
0 0.475586 0.148438 0.009766 0.026042
0 0.491699 0.192708 0.012695 0.024306
0 0.500977 0.084201 0.011719 0.026042
0 0.539062 0.200521 0.021484 0.078125
0 0.610840 0.045139 0.012695 0.024306
0 0.582031 0.215278 0.013672 0.031250
0 0.620117 0.340278 0.011719 0.031250
0 0.668457 0.020833 0.008789 0.017361
0 0.643066 0.045139 0.010742 0.024306
0 0.675781 0.111111 0.009766 0.027778
0 0.718750 0.120660 0.009766 0.029514
0 0.685059 0.151910 0.010742 0.026042
0 0.745117 0.183160 0.013672 0.026042
0 0.637695 0.153646 0.011719 0.029514
0 0.627930 0.227431 0.013672 0.034722
0 0.660645 0.224826 0.010742 0.026042
0 0.638184 0.278646 0.012695 0.026042
0 0.652832 0.297743 0.014648 0.029514
0 0.666016 0.345486 0.015625 0.034722
0 0.700684 0.311632 0.012695 0.036458
0 0.680176 0.317708 0.008789 0.017361
0 0.716309 0.337674 0.010742 0.029514
0 0.728027 0.271701 0.014648 0.032986
0 0.792480 0.258681 0.014648 0.031250
0 0.763672 0.345486 0.013672 0.031250
0 0.674316 0.400174 0.014648 0.029514
0 0.815430 0.350694 0.011719 0.027778
0 0.727051 0.411458 0.014648 0.034722
0 0.772949 0.412326 0.014648 0.032986
0 0.820801 0.413194 0.018555 0.038194
0 0.894043 0.407118 0.014648 0.036458
0 0.881836 0.052951 0.011719 0.026042
0 0.976074 0.050347 0.008789 0.024306
0 0.973145 0.118056 0.008789 0.027778
0 0.875488 0.130208 0.010742 0.020833
0 0.915527 0.217014 0.008789 0.020833
0 0.927734 0.253472 0.015625 0.020833
0 0.965332 0.196181 0.008789 0.027778
0 0.986816 0.177083 0.010742 0.024306
0 0.990723 0.207465 0.008789 0.022569
0 0.978516 0.220486 0.009766 0.027778
0 0.973633 0.310764 0.013672 0.038194
0 0.985840 0.371528 0.012695 0.027778
0 0.986328 0.410590 0.019531 0.032986
0 0.837402 0.416667 0.014648 0.031250
0 0.792480 0.485243 0.008789 0.029514
0 0.829102 0.077257 0.011719 0.022569
