0 0.608398 0.496154 0.111328 0.125000
0 0.591309 0.268750 0.026367 0.031731
0 0.731445 0.288462 0.025391 0.025000
0 0.885742 0.339904 0.019531 0.024038
0 0.762695 0.352404 0.019531 0.024038
0 0.868164 0.471635 0.033203 0.043269
0 0.923828 0.388942 0.021484 0.025962
0 0.942383 0.217308 0.023438 0.028846
0 0.972656 0.488462 0.023438 0.025000
0 0.129883 0.632212 0.031250 0.043269
0 0.024414 0.592308 0.027344 0.036538
0 0.067383 0.530288 0.035156 0.033654
0 0.772949 0.474038 0.030273 0.032692
0 0.612793 0.373077 0.024414 0.030769
0 0.259766 0.499038 0.080078 0.103846
0 0.858887 0.807692 0.030273 0.038462
0 0.815430 0.879327 0.035156 0.041346
0 0.109375 0.951923 0.035156 0.046154
0 0.030273 0.302404 0.021484 0.029808
0 0.573242 0.241827 0.025391 0.031731
0 0.210938 0.328365 0.035156 0.041346
0 0.118652 0.397596 0.034180 0.041346
0 0.520996 0.737500 0.043945 0.051923
0 0.007324 0.371635 0.014648 0.045192
