0 0.941406 0.792094 0.025391 0.061493
0 0.988770 0.507321 0.022461 0.074671
0 0.942383 0.439971 0.042969 0.086384
0 0.775879 0.525622 0.038086 0.081991
0 0.858398 0.474378 0.046875 0.084919
0 0.830566 0.310395 0.045898 0.093704
0 0.732910 0.338946 0.049805 0.083455
0 0.689453 0.328697 0.041016 0.074671
0 0.651855 0.474378 0.047852 0.105417
0 0.589355 0.312592 0.047852 0.086384
0 0.520996 0.314788 0.045898 0.096633
0 0.439941 0.364568 0.045898 0.102489
0 0.509277 0.405564 0.049805 0.076135
0 0.509277 0.476574 0.049805 0.083455
0 0.403809 0.521962 0.038086 0.095168
0 0.315430 0.319180 0.048828 0.084919
0 0.264648 0.351391 0.044922 0.084919
0 0.357422 0.521230 0.044922 0.081991
0 0.250488 0.553441 0.040039 0.084919
0 0.190430 0.418009 0.042969 0.083455
0 0.155273 0.292826 0.041016 0.096633
0 0.168457 0.549048 0.045898 0.087848
0 0.127930 0.423865 0.041016 0.065886
0 0.020508 0.412884 0.041016 0.081991
0 0.043945 0.598829 0.035156 0.073206
0 0.042480 0.677160 0.045898 0.080527
0 0.943359 0.297950 0.029297 0.048316
0 0.979004 0.332357 0.036133 0.081991
