0 0.694336 0.149089 0.052734 0.089844
0 0.947754 0.613281 0.020508 0.028646
0 0.919922 0.660156 0.023438 0.036458
0 0.822754 0.621094 0.026367 0.039062
0 0.853516 0.493490 0.019531 0.031250
0 0.913574 0.504557 0.016602 0.032552
0 0.994629 0.492839 0.010742 0.032552
0 0.558594 0.357422 0.019531 0.032552
0 0.491211 0.350911 0.019531 0.029948
0 0.420410 0.306641 0.018555 0.027344
0 0.526367 0.466797 0.017578 0.029948
0 0.587891 0.531250 0.021484 0.036458
0 0.541016 0.546875 0.021484 0.039062
0 0.487793 0.534505 0.022461 0.042969
0 0.438965 0.533854 0.022461 0.039062
0 0.407715 0.526693 0.024414 0.042969
0 0.469727 0.467448 0.015625 0.026042
0 0.363281 0.513672 0.025391 0.040365
0 0.250488 0.532552 0.018555 0.033854
0 0.312012 0.519531 0.022461 0.039062
0 0.260742 0.490885 0.023438 0.041667
0 0.288574 0.481771 0.022461 0.039062
0 0.325684 0.434896 0.020508 0.041667
0 0.269043 0.433594 0.020508 0.033854
0 0.241699 0.421875 0.020508 0.033854
0 0.196289 0.417318 0.019531 0.027344
0 0.164551 0.433594 0.026367 0.041667
0 0.153320 0.365885 0.019531 0.031250
0 0.240723 0.490885 0.018555 0.031250
0 0.199219 0.490234 0.021484 0.035156
0 0.237793 0.381510 0.020508 0.028646
0 0.141602 0.249349 0.019531 0.032552
0 0.164062 0.080729 0.017578 0.028646
0 0.226074 0.087891 0.016602 0.027344
0 0.035156 0.050130 0.015625 0.024740
0 0.109863 0.025391 0.014648 0.022135
0 0.166016 0.027995 0.011719 0.022135
0 0.451172 0.050781 0.013672 0.028646
0 0.398926 0.048177 0.014648 0.020833
0 0.348633 0.042318 0.013672 0.027344
0 0.459473 0.123047 0.012695 0.024740
0 0.533203 0.130859 0.013672 0.027344
0 0.550781 0.075521 0.013672 0.028646
0 0.495605 0.087240 0.014648 0.020833
0 0.604492 0.079427 0.013672 0.023438
0 0.635742 0.027995 0.013672 0.024740
0 0.672852 0.028646 0.011719 0.023438
0 0.658691 0.082682 0.012695 0.024740
0 0.622559 0.142578 0.016602 0.027344
0 0.581055 0.128906 0.013672 0.023438
0 0.968262 0.144531 0.014648 0.023438
0 0.937012 0.169922 0.012695 0.024740
0 0.994629 0.169922 0.010742 0.027344
0 0.914551 0.101562 0.014648 0.023438
0 0.878418 0.059896 0.010742 0.018229
0 0.932617 0.069661 0.015625 0.027344
0 0.110352 0.166016 0.035156 0.079427
0 0.404785 0.463542 0.018555 0.036458
0 0.400391 0.084635 0.017578 0.033854
0 0.592285 0.027995 0.012695 0.027344
0 0.543945 0.013021 0.015625 0.026042
0 0.615234 0.576823 0.021484 0.039062
