0 0.933105 0.173016 0.086914 0.089524
0 0.530273 0.114286 0.136719 0.116825
0 0.093750 0.094603 0.089844 0.081270
0 0.187012 0.187937 0.038086 0.031746
0 0.769531 0.236190 0.054688 0.041905
0 0.704102 0.267619 0.019531 0.015873
0 0.671387 0.289206 0.024414 0.020952
0 0.196289 0.106667 0.023438 0.020317
0 0.270020 0.127302 0.014648 0.013333
0 0.307617 0.144762 0.013672 0.010159
0 0.401367 0.152063 0.013672 0.010794
0 0.360840 0.135556 0.012695 0.013333
0 0.378906 0.127937 0.011719 0.010794
0 0.305664 0.121270 0.013672 0.010159
0 0.269531 0.105079 0.013672 0.012063
0 0.302734 0.095238 0.009766 0.008889
0 0.143555 0.148889 0.021484 0.014603
0 0.223145 0.079048 0.014648 0.010794
0 0.712891 0.459048 0.072266 0.057143
0 0.969727 0.209206 0.037109 0.033651
0 0.676758 0.210159 0.013672 0.013968
