0 0.131348 0.100421 0.147461 0.150368
0 0.410156 0.310726 0.197266 0.295478
0 0.704102 0.514196 0.160156 0.218717
0 0.343262 0.089380 0.022461 0.037855
0 0.378906 0.096740 0.027344 0.046267
0 0.428711 0.115142 0.035156 0.043113
0 0.495117 0.101472 0.031250 0.049422
0 0.610352 0.134069 0.039062 0.051525
0 0.685547 0.138275 0.050781 0.064143
0 0.745117 0.134595 0.029297 0.046267
0 0.827637 0.167192 0.061523 0.065195
0 0.903809 0.150894 0.047852 0.057834
0 0.239258 0.031020 0.017578 0.022082
0 0.308105 0.049422 0.016602 0.021030
0 0.323730 0.025762 0.022461 0.026288
0 0.358398 0.071504 0.023438 0.027340
0 0.370117 0.046267 0.017578 0.023134
0 0.383789 0.032597 0.017578 0.018927
0 0.424805 0.058360 0.023438 0.032597
0 0.522949 0.050999 0.016602 0.022082
0 0.527344 0.098318 0.019531 0.028391
0 0.447266 0.098318 0.023438 0.030494
0 0.602539 0.093586 0.023438 0.025237
0 0.656738 0.043638 0.014648 0.015773
0 0.625000 0.072555 0.019531 0.018927
0 0.695801 0.063091 0.014648 0.016824
0 0.786621 0.126183 0.032227 0.050473
0 0.820312 0.092534 0.019531 0.029443
0 0.842285 0.101472 0.016602 0.022082
0 0.861328 0.134069 0.023438 0.026288
0 0.942383 0.147213 0.025391 0.037855
