0 0.424316 0.351429 0.059570 0.113143
0 0.666504 0.185143 0.055664 0.102857
0 0.090820 0.093143 0.019531 0.037714
0 0.203613 0.104000 0.018555 0.036571
0 0.105469 0.283429 0.025391 0.043429
0 0.211426 0.286286 0.020508 0.040000
0 0.293457 0.293143 0.018555 0.040000
0 0.312988 0.284000 0.016602 0.040000
0 0.497070 0.279429 0.015625 0.026286
0 0.339355 0.110857 0.018555 0.034286
0 0.065430 0.105714 0.021484 0.037714
0 0.023438 0.271429 0.025391 0.051429
0 0.222656 0.274286 0.017578 0.034286
0 0.328125 0.288000 0.013672 0.036571
0 0.617676 0.269714 0.016602 0.027429
0 0.519043 0.270286 0.016602 0.028571
0 0.546387 0.267429 0.016602 0.025143
0 0.111816 0.085143 0.018555 0.040000
0 0.166504 0.096000 0.024414 0.036571
0 0.070312 0.278857 0.019531 0.038857
0 0.289551 0.125143 0.016602 0.028571
0 0.396973 0.122857 0.020508 0.040000
0 0.452637 0.276000 0.016602 0.030857
0 0.471680 0.257714 0.017578 0.028571
0 0.470703 0.168571 0.015625 0.030857
0 0.826172 0.268571 0.013672 0.025143
0 0.773926 0.200571 0.014648 0.021714
0 0.908203 0.205143 0.013672 0.021714
0 0.866699 0.185714 0.014648 0.019429
0 0.817871 0.326286 0.014648 0.021714
0 0.645020 0.268571 0.012695 0.018286
0 0.632812 0.277714 0.011719 0.020571
0 0.121582 0.284571 0.016602 0.032000
