0 0.016602 0.360858 0.009766 0.014304
0 0.108887 0.245774 0.028320 0.057217
0 0.250488 0.249025 0.043945 0.084525
0 0.278809 0.348505 0.010742 0.018205
0 0.312012 0.352406 0.008789 0.015605
0 0.337891 0.351105 0.007812 0.015605
0 0.300293 0.276983 0.010742 0.015605
0 0.381836 0.345904 0.009766 0.015605
0 0.381836 0.290637 0.009766 0.014304
0 0.438965 0.223667 0.032227 0.054616
0 0.530762 0.362159 0.045898 0.074122
0 0.601074 0.301040 0.006836 0.011704
0 0.485840 0.211964 0.034180 0.057217
0 0.621094 0.405722 0.007812 0.013004
0 0.669434 0.261378 0.008789 0.013004
0 0.669922 0.368010 0.011719 0.015605
0 0.666504 0.420026 0.012695 0.015605
0 0.686523 0.312094 0.009766 0.015605
0 0.708008 0.249025 0.007812 0.016905
0 0.724609 0.299740 0.009766 0.016905
0 0.727051 0.330949 0.012695 0.016905
0 0.722168 0.357607 0.010742 0.018205
0 0.717285 0.397269 0.010742 0.016905
0 0.764648 0.393368 0.011719 0.016905
0 0.769043 0.361508 0.010742 0.015605
0 0.760742 0.312094 0.009766 0.013004
0 0.732910 0.282835 0.008789 0.016905
0 0.747559 0.258778 0.008789 0.013004
0 0.743164 0.228869 0.009766 0.013004
0 0.809570 0.386866 0.007812 0.016905
0 0.773926 0.276983 0.008789 0.015605
0 0.785156 0.314694 0.007812 0.013004
0 0.822266 0.329649 0.009766 0.014304
0 0.821777 0.304291 0.008789 0.015605
0 0.821777 0.278283 0.008789 0.013004
0 0.812988 0.228218 0.006836 0.009103
0 0.841797 0.392718 0.009766 0.015605
0 0.897949 0.289987 0.022461 0.039012
0 0.861328 0.303641 0.009766 0.016905
0 0.861328 0.275033 0.007812 0.014304
0 0.848145 0.230169 0.008789 0.015605
0 0.870117 0.250975 0.007812 0.015605
0 0.912109 0.249025 0.007812 0.011704
0 0.952148 0.243173 0.011719 0.018205
0 0.993164 0.247724 0.007812 0.011704
0 0.946289 0.299090 0.011719 0.018205
0 0.978516 0.327048 0.011719 0.016905
0 0.989258 0.394668 0.009766 0.019506
0 0.957520 0.358908 0.010742 0.018205
0 0.778320 0.230169 0.007812 0.013004
0 0.357910 0.164499 0.008789 0.014304
0 0.335449 0.173602 0.008789 0.014304
0 0.355957 0.358908 0.010742 0.018205
0 0.039551 0.361508 0.010742 0.018205
