0 0.495117 0.347656 0.046875 0.091146
0 0.535645 0.092448 0.051758 0.104167
0 0.793457 0.439453 0.020508 0.040365
0 0.049805 0.531250 0.021484 0.036458
0 0.095703 0.548177 0.019531 0.033854
0 0.153809 0.546224 0.018555 0.032552
0 0.190918 0.541667 0.012695 0.020833
0 0.229980 0.554688 0.018555 0.026042
0 0.260254 0.492839 0.012695 0.022135
0 0.090332 0.469401 0.014648 0.027344
0 0.195801 0.466146 0.014648 0.023438
0 0.133789 0.507161 0.017578 0.024740
0 0.288574 0.544271 0.018555 0.031250
0 0.153809 0.450521 0.010742 0.020833
0 0.212402 0.450521 0.010742 0.018229
0 0.157715 0.509766 0.014648 0.027344
0 0.122070 0.544922 0.013672 0.024740
0 0.037598 0.461589 0.012695 0.022135
0 0.072754 0.498047 0.012695 0.027344
0 0.076660 0.398438 0.010742 0.020833
0 0.305176 0.511719 0.014648 0.023438
0 0.284180 0.488932 0.011719 0.019531
0 0.292480 0.475911 0.008789 0.016927
0 0.584473 0.558594 0.012695 0.020833
0 0.565430 0.553385 0.011719 0.020833
0 0.597656 0.529948 0.009766 0.018229
0 0.230957 0.482422 0.010742 0.016927
0 0.274414 0.472656 0.011719 0.020833
0 0.741699 0.593750 0.012695 0.023438
0 0.058594 0.434896 0.009766 0.015625
0 0.101074 0.425130 0.010742 0.016927
0 0.120117 0.427083 0.007812 0.013021
0 0.152832 0.417318 0.006836 0.014323
0 0.248047 0.459635 0.007812 0.013021
0 0.261719 0.453776 0.009766 0.014323
0 0.319336 0.500000 0.007812 0.018229
0 0.334961 0.497396 0.007812 0.015625
0 0.259766 0.430990 0.009766 0.015625
0 0.216797 0.426432 0.007812 0.014323
0 0.046387 0.401693 0.010742 0.016927
0 0.178223 0.439453 0.008789 0.016927
0 0.187012 0.417969 0.008789 0.015625
0 0.092773 0.386068 0.007812 0.014323
0 0.727051 0.559245 0.010742 0.016927
0 0.750000 0.563802 0.011719 0.015625
0 0.709473 0.560547 0.010742 0.014323
0 0.693848 0.565755 0.010742 0.014323
0 0.363770 0.465495 0.008789 0.014323
0 0.323730 0.439453 0.008789 0.014323
0 0.271973 0.412109 0.008789 0.014323
0 0.234863 0.429036 0.008789 0.014323
0 0.248535 0.414062 0.008789 0.013021
0 0.292969 0.432943 0.007812 0.014323
0 0.320312 0.421875 0.007812 0.013021
0 0.361328 0.442708 0.007812 0.013021
0 0.733887 0.541016 0.008789 0.014323
0 0.031738 0.388021 0.008789 0.018229
0 0.141602 0.401693 0.007812 0.014323
0 0.186523 0.382812 0.007812 0.015625
0 0.045898 0.354818 0.007812 0.014323
0 0.109863 0.410156 0.008789 0.015625
