0 0.657715 0.610207 0.020508 0.034024
0 0.057617 0.417160 0.009766 0.017751
0 0.024414 0.383136 0.007812 0.011834
0 0.036133 0.405325 0.009766 0.017751
0 0.067871 0.347633 0.006836 0.017751
0 0.102051 0.326923 0.006836 0.011834
0 0.090820 0.423077 0.007812 0.017751
0 0.076172 0.407544 0.009766 0.016272
0 0.173828 0.381657 0.007812 0.017751
0 0.269531 0.375000 0.007812 0.016272
0 0.257812 0.400888 0.007812 0.017751
0 0.253906 0.420858 0.005859 0.010355
0 0.279297 0.417899 0.007812 0.016272
0 0.293457 0.380917 0.006836 0.016272
0 0.308105 0.375000 0.006836 0.013314
0 0.311523 0.403846 0.007812 0.014793
0 0.287109 0.298077 0.007812 0.016272
0 0.301758 0.313609 0.007812 0.014793
0 0.332031 0.375740 0.007812 0.014793
0 0.341309 0.360947 0.006836 0.014793
0 0.365234 0.340976 0.007812 0.013314
0 0.407715 0.417160 0.008789 0.011834
0 0.031250 0.506657 0.011719 0.022189
0 0.071289 0.508876 0.009766 0.020710
0 0.102539 0.478550 0.007812 0.016272
0 0.116699 0.502959 0.008789 0.014793
0 0.083008 0.506657 0.009766 0.016272
0 0.111816 0.549556 0.016602 0.034024
0 0.134277 0.536982 0.008789 0.014793
0 0.185547 0.503698 0.023438 0.048817
0 0.281738 0.484467 0.008789 0.016272
0 0.286621 0.463018 0.010742 0.020710
0 0.355469 0.503698 0.007812 0.016272
0 0.361328 0.486686 0.007812 0.017751
0 0.395996 0.502959 0.008789 0.017751
0 0.389648 0.530325 0.009766 0.016272
0 0.376465 0.562130 0.008789 0.017751
0 0.378906 0.629438 0.009766 0.019231
0 0.408691 0.684911 0.010742 0.020710
0 0.447266 0.693047 0.011719 0.025148
0 0.426270 0.676036 0.010742 0.020710
0 0.413574 0.647189 0.008789 0.019231
0 0.051758 0.548817 0.009766 0.017751
0 0.044434 0.481509 0.010742 0.019231
0 0.051270 0.446006 0.008789 0.016272
0 0.030273 0.448964 0.009766 0.019231
0 0.401367 0.544379 0.007812 0.017751
0 0.532715 0.362426 0.006836 0.014793
0 0.540527 0.361686 0.006836 0.013314
0 0.560059 0.375000 0.008789 0.016272
0 0.549805 0.377959 0.005859 0.013314
0 0.549805 0.433432 0.007812 0.017751
0 0.581543 0.399408 0.006836 0.011834
0 0.593750 0.413462 0.007812 0.016272
0 0.604004 0.393491 0.008789 0.017751
0 0.611816 0.372781 0.006836 0.014793
0 0.646484 0.433432 0.009766 0.017751
0 0.643555 0.471154 0.009766 0.019231
0 0.563965 0.495562 0.026367 0.029586
0 0.603516 0.500740 0.011719 0.022189
0 0.623535 0.500740 0.008789 0.019231
0 0.624023 0.538462 0.009766 0.017751
0 0.634766 0.544379 0.009766 0.017751
0 0.649414 0.508876 0.009766 0.017751
0 0.666992 0.551036 0.007812 0.019231
0 0.648926 0.574704 0.010742 0.022189
0 0.694336 0.566568 0.009766 0.017751
0 0.693359 0.533284 0.009766 0.016272
0 0.711914 0.563609 0.009766 0.014793
0 0.729492 0.577663 0.009766 0.019231
0 0.764648 0.574704 0.009766 0.019231
0 0.722656 0.524408 0.011719 0.019231
0 0.728516 0.501479 0.009766 0.017751
0 0.708496 0.505178 0.008789 0.016272
0 0.732422 0.486686 0.009766 0.014793
0 0.746094 0.514053 0.009766 0.019231
0 0.743164 0.440089 0.007812 0.016272
0 0.708008 0.390533 0.007812 0.017751
0 0.658203 0.395710 0.009766 0.019231
0 0.687988 0.428254 0.006836 0.013314
0 0.700195 0.437130 0.007812 0.016272
0 0.785156 0.508876 0.009766 0.017751
0 0.798340 0.536243 0.010742 0.016272
0 0.810059 0.539941 0.008789 0.017751
0 0.804199 0.506657 0.008789 0.016272
0 0.800781 0.444527 0.009766 0.019231
0 0.865723 0.419379 0.010742 0.016272
0 0.913574 0.419379 0.008789 0.016272
0 0.915527 0.465976 0.010742 0.017751
0 0.949219 0.464497 0.009766 0.017751
0 0.978027 0.469675 0.010742 0.019231
0 0.926270 0.447485 0.006836 0.013314
0 0.953613 0.446746 0.010742 0.014793
0 0.826172 0.515533 0.021484 0.045858
0 0.883789 0.553254 0.023438 0.044379
0 0.978027 0.644970 0.010742 0.023669
0 0.784668 0.637574 0.014648 0.017751
0 0.749023 0.653846 0.009766 0.023669
0 0.783203 0.673077 0.011719 0.026627
0 0.798340 0.685651 0.010742 0.022189
0 0.583496 0.693047 0.010742 0.019231
0 0.622070 0.681953 0.013672 0.020710
0 0.697266 0.687130 0.007812 0.016272
0 0.705566 0.695266 0.010742 0.020710
0 0.719238 0.691568 0.010742 0.019231
0 0.019043 0.686391 0.008789 0.029586
0 0.018555 0.619083 0.007812 0.019231
0 0.100098 0.046598 0.006836 0.010355
0 0.101562 0.026627 0.007812 0.011834
0 0.134277 0.025888 0.006836 0.013314
0 0.145020 0.055473 0.006836 0.010355
0 0.121582 0.049556 0.006836 0.010355
0 0.166016 0.026627 0.005859 0.011834
0 0.190430 0.036982 0.005859 0.011834
0 0.217773 0.034024 0.007812 0.011834
0 0.244141 0.036982 0.007812 0.011834
0 0.267090 0.017012 0.006836 0.010355
0 0.278809 0.064349 0.006836 0.013314
0 0.250977 0.062870 0.007812 0.010355
0 0.222168 0.056953 0.008789 0.013314
0 0.378906 0.056953 0.005859 0.010355
0 0.413086 0.059172 0.005859 0.011834
0 0.488281 0.059172 0.007812 0.011834
0 0.514648 0.062870 0.007812 0.010355
0 0.545898 0.055473 0.007812 0.013314
0 0.573242 0.057692 0.007812 0.011834
0 0.704102 0.049556 0.007812 0.013314
0 0.802734 0.043639 0.007812 0.013314
0 0.815430 0.017751 0.007812 0.011834
0 0.838867 0.017751 0.007812 0.011834
0 0.834473 0.043639 0.008789 0.016272
0 0.885254 0.036243 0.008789 0.013314
0 0.933594 0.042160 0.007812 0.013314
0 0.969238 0.038462 0.006836 0.011834
0 0.500000 0.272189 0.007812 0.014793
0 0.528809 0.281805 0.006836 0.013314
0 0.554199 0.285503 0.006836 0.011834
0 0.543945 0.249260 0.007812 0.013314
0 0.629883 0.270710 0.007812 0.014793
0 0.636230 0.244083 0.006836 0.011834
0 0.661133 0.272189 0.007812 0.014793
0 0.665039 0.251479 0.005859 0.011834
0 0.696777 0.287722 0.006836 0.013314
0 0.689941 0.275888 0.006836 0.013314
0 0.877930 0.330621 0.007812 0.010355
0 0.807617 0.343935 0.007812 0.013314
0 0.779785 0.364645 0.008789 0.016272
0 0.754395 0.352811 0.006836 0.010355
0 0.766113 0.330621 0.006836 0.013314
0 0.829590 0.443787 0.006836 0.011834
0 0.827148 0.468195 0.007812 0.013314
0 0.884277 0.482988 0.006836 0.013314
0 0.776855 0.431953 0.006836 0.014793
0 0.767090 0.495562 0.008789 0.014793
0 0.679199 0.479290 0.008789 0.014793
0 0.625977 0.451183 0.007812 0.014793
0 0.664062 0.379438 0.007812 0.013314
0 0.626465 0.351331 0.008789 0.013314
0 0.666016 0.528846 0.009766 0.016272
0 0.736328 0.555473 0.007812 0.016272
0 0.610840 0.698225 0.010742 0.017751
0 0.426270 0.392751 0.008789 0.016272
0 0.420898 0.355769 0.007812 0.013314
0 0.435547 0.338757 0.007812 0.011834
0 0.492676 0.363905 0.008789 0.014793
0 0.505859 0.364645 0.007812 0.013314
0 0.514648 0.356509 0.007812 0.014793
0 0.520508 0.367604 0.007812 0.013314
0 0.556152 0.345414 0.006836 0.013314
0 0.585449 0.332101 0.006836 0.013314
0 0.595703 0.366864 0.007812 0.014793
0 0.586914 0.373521 0.007812 0.013314
0 0.576172 0.460799 0.009766 0.019231
0 0.534180 0.449704 0.007812 0.011834
0 0.428711 0.731509 0.011719 0.022189
0 0.501953 0.687870 0.011719 0.020710
0 0.368652 0.380178 0.006836 0.011834
0 0.348633 0.381657 0.007812 0.011834
0 0.376465 0.375000 0.006836 0.013314
0 0.384277 0.437130 0.008789 0.013314
0 0.409180 0.445266 0.007812 0.014793
0 0.287598 0.436391 0.008789 0.017751
0 0.261719 0.444527 0.007812 0.013314
0 0.229980 0.415680 0.006836 0.011834
0 0.230469 0.400888 0.007812 0.011834
0 0.206543 0.397189 0.006836 0.013314
0 0.214355 0.371302 0.006836 0.011834
0 0.248535 0.377959 0.006836 0.013314
0 0.268555 0.394231 0.007812 0.013314
0 0.245117 0.342456 0.005859 0.010355
0 0.239746 0.326183 0.006836 0.013314
0 0.267578 0.328402 0.005859 0.011834
0 0.261719 0.303254 0.005859 0.008876
0 0.238281 0.300296 0.005859 0.011834
0 0.321289 0.306953 0.005859 0.010355
0 0.393066 0.362426 0.006836 0.008876
0 0.348145 0.406805 0.008789 0.014793
0 0.058594 0.287722 0.007812 0.010355
0 0.082031 0.282544 0.007812 0.011834
0 0.043945 0.367604 0.009766 0.016272
0 0.078613 0.346893 0.008789 0.013314
0 0.106445 0.350592 0.007812 0.014793
0 0.119629 0.355030 0.008789 0.014793
0 0.124023 0.377959 0.007812 0.016272
0 0.135742 0.352811 0.007812 0.013314
0 0.137207 0.329142 0.006836 0.010355
0 0.155762 0.326183 0.006836 0.010355
0 0.167969 0.332101 0.007812 0.013314
0 0.167480 0.349112 0.006836 0.014793
0 0.181152 0.329142 0.008789 0.013314
0 0.214355 0.338018 0.006836 0.010355
0 0.192871 0.403107 0.008789 0.016272
0 0.190918 0.434172 0.008789 0.016272
0 0.201172 0.436391 0.007812 0.014793
0 0.142578 0.367604 0.009766 0.016272
0 0.152832 0.369083 0.006836 0.013314
0 0.150879 0.349112 0.004883 0.008876
0 0.074219 0.443047 0.007812 0.016272
0 0.010742 0.471154 0.009766 0.019231
0 0.017090 0.432692 0.008789 0.013314
0 0.016602 0.407544 0.009766 0.016272
0 0.007812 0.390533 0.009766 0.014793
0 0.003906 0.357249 0.007812 0.013314
0 0.010254 0.522929 0.010742 0.019231
0 0.020508 0.546598 0.011719 0.019231
0 0.134277 0.526627 0.010742 0.017751
0 0.987793 0.448964 0.008789 0.013314
0 0.968262 0.674556 0.012695 0.020710
0 0.520020 0.256657 0.006836 0.010355
0 0.582031 0.204142 0.005859 0.011834
0 0.557617 0.211538 0.007812 0.011834
0 0.483887 0.259615 0.006836 0.013314
0 0.075684 0.018491 0.006836 0.010355
0 0.169922 0.004438 0.005859 0.008876
0 0.195312 0.008136 0.007812 0.013314
0 0.219727 0.003698 0.005859 0.007396
0 0.236816 0.008136 0.006836 0.010355
0 0.185547 0.071006 0.007812 0.011834
0 0.691406 0.392012 0.007812 0.011834
0 0.411133 0.582101 0.009766 0.016272
0 0.752441 0.442308 0.006836 0.014793
0 0.613770 0.553994 0.010742 0.019231
0 0.414062 0.380178 0.007812 0.017751
0 0.383301 0.401627 0.008789 0.016272
0 0.197754 0.348373 0.006836 0.016272
0 0.205566 0.337278 0.006836 0.014793
0 0.165527 0.414941 0.006836 0.016272
0 0.801270 0.560651 0.010742 0.020710
0 0.776855 0.555473 0.010742 0.016272
0 0.810059 0.482249 0.008789 0.017751
0 0.791504 0.463757 0.008789 0.016272
0 0.763184 0.464497 0.010742 0.017751
0 0.769531 0.443047 0.007812 0.013314
0 0.830566 0.432692 0.006836 0.013314
0 0.125977 0.554734 0.009766 0.017751
