0 0.413086 0.218683 0.095703 0.099499
0 0.633301 0.140659 0.094727 0.085183
0 0.063477 0.158554 0.023438 0.022190
0 0.056641 0.191124 0.023438 0.022906
0 0.090820 0.206872 0.027344 0.028633
0 0.131348 0.158912 0.026367 0.021475
0 0.156738 0.186471 0.022461 0.020759
0 0.169434 0.254832 0.028320 0.021475
0 0.180664 0.032928 0.017578 0.017180
0 0.143555 0.082677 0.027344 0.019327
0 0.133789 0.055476 0.019531 0.020759
0 0.178711 0.125268 0.015625 0.024338
0 0.183594 0.159270 0.019531 0.020759
0 0.218262 0.101288 0.018555 0.023622
0 0.242676 0.137079 0.016602 0.017895
0 0.246094 0.162491 0.019531 0.020043
0 0.224121 0.178597 0.016602 0.019327
0 0.256348 0.224409 0.028320 0.020759
0 0.245117 0.243737 0.027344 0.026485
0 0.306152 0.241947 0.026367 0.025770
0 0.352539 0.241947 0.023438 0.022906
0 0.306641 0.189334 0.029297 0.027917
0 0.275879 0.172155 0.022461 0.023622
0 0.325195 0.153543 0.025391 0.023622
0 0.349609 0.084467 0.021484 0.020043
0 0.396973 0.091267 0.020508 0.020759
0 0.406738 0.116321 0.020508 0.020759
0 0.489746 0.180387 0.022461 0.024338
0 0.473145 0.222978 0.026367 0.030780
0 0.491699 0.116321 0.022461 0.019327
0 0.309082 0.069792 0.026367 0.023622
0 0.287109 0.049034 0.019531 0.016464
0 0.304688 0.126342 0.025391 0.027917
0 0.526855 0.210093 0.024414 0.025054
0 0.535156 0.170723 0.015625 0.019327
0 0.066406 0.283822 0.033203 0.026485
0 0.099121 0.311739 0.030273 0.032212
0 0.188477 0.302076 0.027344 0.028633
0 0.122559 0.346099 0.028320 0.022190
0 0.060059 0.342878 0.036133 0.025770
0 0.063477 0.400859 0.037109 0.038654
0 0.090332 0.443450 0.043945 0.037938
0 0.278320 0.449535 0.044922 0.035791
0 0.050293 0.481031 0.053711 0.035791
0 0.170898 0.498926 0.048828 0.040086
0 0.553223 0.185039 0.024414 0.026485
0 0.531250 0.251611 0.021484 0.016464
0 0.554688 0.458840 0.041016 0.038654
0 0.722656 0.131711 0.025391 0.022906
0 0.759277 0.115247 0.018555 0.022906
0 0.798828 0.113815 0.019531 0.018611
0 0.796875 0.153543 0.023438 0.022190
0 0.838379 0.132785 0.016602 0.022190
0 0.854004 0.158196 0.014648 0.018611
0 0.923340 0.274159 0.018555 0.018611
0 0.951172 0.300644 0.023438 0.022906
0 0.965820 0.376879 0.031250 0.026485
0 0.560547 0.231568 0.025391 0.025054
0 0.534180 0.135290 0.023438 0.020043
0 0.554688 0.081246 0.025391 0.020759
0 0.520996 0.078382 0.022461 0.016464
0 0.507324 0.136722 0.018555 0.020043
0 0.225586 0.199714 0.021484 0.018611
0 0.160645 0.228346 0.024414 0.021475
0 0.335449 0.219399 0.018555 0.017895
0 0.027344 0.088762 0.021484 0.017180
0 0.018066 0.055118 0.020508 0.018611
0 0.085449 0.065497 0.022461 0.022190
0 0.194336 0.059413 0.021484 0.018611
0 0.236816 0.089120 0.018555 0.017895
0 0.174316 0.097709 0.020508 0.019327
0 0.248047 0.059055 0.021484 0.019327
0 0.279785 0.107373 0.022461 0.020043
0 0.357910 0.112026 0.022461 0.020759
0 0.359863 0.053686 0.016602 0.018611
0 0.391602 0.066571 0.019531 0.018611
0 0.414551 0.060129 0.018555 0.017180
0 0.443848 0.101646 0.020508 0.018611
0 0.452148 0.084109 0.017578 0.016464
0 0.469727 0.054402 0.015625 0.017180
0 0.437500 0.141374 0.019531 0.020759
0 0.391602 0.151038 0.025391 0.018611
0 0.160156 0.331782 0.033203 0.027917
0 0.013672 0.336435 0.027344 0.024338
0 0.278320 0.275233 0.027344 0.025054
0 0.513672 0.102362 0.025391 0.021475
0 0.559082 0.116321 0.022461 0.017895
0 0.603027 0.066571 0.020508 0.018611
0 0.654785 0.068719 0.022461 0.018611
0 0.726562 0.099499 0.023438 0.018611
0 0.777832 0.133858 0.022461 0.020043
0 0.879883 0.134932 0.021484 0.019327
0 0.901367 0.171081 0.021484 0.018611
0 0.871582 0.084109 0.020508 0.017895
0 0.919922 0.097351 0.019531 0.018611
0 0.937500 0.088404 0.017578 0.017895
0 0.969238 0.107015 0.018555 0.017895
0 0.987305 0.094846 0.015625 0.016464
0 0.576660 0.149248 0.020508 0.017895
0 0.596680 0.168933 0.021484 0.020043
0 0.511230 0.064782 0.018555 0.016464
0 0.735352 0.149964 0.019531 0.017895
0 0.061035 0.142806 0.024414 0.022190
0 0.105469 0.103436 0.019531 0.022190
0 0.051758 0.024696 0.023438 0.023622
0 0.946777 0.408733 0.034180 0.031496
0 0.894531 0.372942 0.031250 0.027201
0 0.906250 0.331067 0.029297 0.026485
0 0.951172 0.337867 0.031250 0.032928
0 0.969238 0.272369 0.026367 0.025054
