0 0.689941 0.122430 0.022461 0.024299
0 0.768555 0.121807 0.025391 0.020561
0 0.306641 0.044237 0.035156 0.026168
0 0.558105 0.033645 0.032227 0.026168
0 0.377930 0.114330 0.048828 0.074143
0 0.294434 0.188474 0.077148 0.090343
0 0.215332 0.128037 0.024414 0.020561
0 0.102051 0.135826 0.022461 0.022430
0 0.104004 0.183489 0.030273 0.029283
0 0.114746 0.313396 0.065430 0.054829
0 0.681152 0.179751 0.073242 0.076636
0 0.876953 0.267290 0.029297 0.024922
0 0.902344 0.320249 0.033203 0.026168
0 0.852539 0.376947 0.033203 0.029907
0 0.912109 0.428972 0.035156 0.018069
0 0.787109 0.211526 0.031250 0.031776
0 0.675293 0.071651 0.030273 0.027414
0 0.779297 0.074766 0.033203 0.024922
0 0.894531 0.072586 0.027344 0.020561
0 0.010742 0.180062 0.019531 0.024922
0 0.015137 0.076636 0.024414 0.019938
0 0.121094 0.023364 0.029297 0.023053
0 0.958496 0.368224 0.034180 0.028660
0 0.985352 0.335202 0.029297 0.029907
0 0.944824 0.313084 0.032227 0.028037
0 0.967773 0.284735 0.035156 0.031153
0 0.909668 0.173520 0.036133 0.028037
0 0.916992 0.650467 0.042969 0.037383
0 0.952148 0.581620 0.048828 0.047975
0 0.902832 0.585670 0.040039 0.032399
0 0.975586 0.496573 0.048828 0.041121
0 0.009277 0.125545 0.018555 0.018069
0 0.108887 0.264486 0.036133 0.028037
0 0.435547 0.038941 0.037109 0.026791
0 0.685059 0.023676 0.030273 0.021184
0 0.230469 0.036449 0.025391 0.021807
