0 0.903809 0.329590 0.016602 0.024414
0 0.782227 0.344727 0.017578 0.021484
0 0.858398 0.367188 0.011719 0.015625
0 0.152832 0.267578 0.036133 0.058594
0 0.233887 0.297363 0.024414 0.032227
0 0.028809 0.311523 0.028320 0.037109
0 0.004883 0.299805 0.009766 0.015625
0 0.417969 0.251465 0.074219 0.102539
0 0.418457 0.328613 0.010742 0.018555
0 0.471680 0.340820 0.015625 0.021484
0 0.526367 0.298828 0.023438 0.029297
0 0.574219 0.290527 0.064453 0.083008
0 0.674316 0.312988 0.022461 0.034180
0 0.646973 0.312988 0.014648 0.022461
0 0.281250 0.303711 0.015625 0.019531
