0 0.441406 0.133793 0.054688 0.113103
0 0.625488 0.297931 0.061523 0.121379
0 0.044434 0.367586 0.016602 0.031724
0 0.005371 0.468276 0.008789 0.031724
0 0.076172 0.482759 0.017578 0.035862
0 0.092773 0.466207 0.015625 0.033103
0 0.106445 0.366897 0.013672 0.030345
0 0.154297 0.484828 0.017578 0.026207
0 0.175781 0.470345 0.017578 0.030345
0 0.189941 0.403448 0.014648 0.031724
0 0.217285 0.408276 0.014648 0.024828
0 0.162109 0.439310 0.011719 0.028966
0 0.149902 0.433793 0.012695 0.023448
0 0.746582 0.336552 0.014648 0.022069
0 0.745605 0.375862 0.018555 0.031724
0 0.743164 0.409655 0.017578 0.024828
0 0.790527 0.404138 0.022461 0.030345
0 0.809570 0.375862 0.017578 0.031724
0 0.804199 0.342759 0.016602 0.023448
0 0.864746 0.286897 0.014648 0.024828
0 0.833984 0.379310 0.019531 0.033103
0 0.878418 0.378621 0.020508 0.031724
0 0.852051 0.415862 0.018555 0.031724
0 0.916504 0.374483 0.020508 0.040000
0 0.903320 0.349655 0.019531 0.034483
0 0.905762 0.288966 0.014648 0.028966
0 0.934082 0.280690 0.012695 0.028966
0 0.918457 0.420690 0.020508 0.035862
0 0.937012 0.404828 0.010742 0.034483
0 0.957031 0.275172 0.015625 0.028966
0 0.974121 0.396552 0.020508 0.034483
0 0.949707 0.399310 0.016602 0.028966
0 0.995117 0.390345 0.009766 0.030345
