0 0.105469 0.234811 0.037109 0.059113
0 0.172852 0.191297 0.033203 0.064039
0 0.081055 0.268473 0.025391 0.047619
0 0.162598 0.497537 0.036133 0.065681
0 0.295410 0.476190 0.036133 0.078818
0 0.308105 0.360427 0.034180 0.057471
0 0.404297 0.236453 0.027344 0.062397
0 0.390137 0.326765 0.026367 0.059113
0 0.399414 0.379310 0.029297 0.072250
0 0.381348 0.501642 0.040039 0.073892
0 0.481445 0.294745 0.037109 0.080460
0 0.570312 0.210181 0.027344 0.068966
0 0.623535 0.178982 0.034180 0.059113
0 0.691895 0.159278 0.043945 0.095238
0 0.756836 0.109195 0.052734 0.093596
0 0.473633 0.210181 0.015625 0.032841
0 0.913086 0.259442 0.021484 0.045977
0 0.533691 0.227422 0.028320 0.054187
0 0.424316 0.227422 0.020508 0.044335
0 0.235840 0.454844 0.014648 0.032841
0 0.342285 0.237274 0.018555 0.034483
