0 0.113281 0.261146 0.021484 0.035032
0 0.172363 0.238854 0.018555 0.041401
0 0.196777 0.246019 0.018555 0.033439
0 0.235352 0.254777 0.017578 0.047771
0 0.261719 0.248408 0.017578 0.047771
0 0.291504 0.268312 0.020508 0.049363
0 0.323730 0.253981 0.014648 0.046178
0 0.350098 0.240446 0.018555 0.038217
0 0.379883 0.267516 0.019531 0.047771
0 0.401367 0.250796 0.019531 0.046178
0 0.421387 0.224522 0.016602 0.041401
0 0.443359 0.269108 0.021484 0.041401
0 0.471191 0.223726 0.014648 0.033439
0 0.493652 0.207803 0.018555 0.046178
0 0.520508 0.247611 0.019531 0.049363
0 0.568359 0.226911 0.017578 0.046178
0 0.189453 0.382962 0.023438 0.046178
0 0.254395 0.387739 0.022461 0.049363
0 0.346680 0.433121 0.023438 0.047771
0 0.419434 0.403662 0.020508 0.046178
0 0.479980 0.397293 0.020508 0.046178
0 0.539551 0.396497 0.020508 0.047771
0 0.206055 0.501592 0.025391 0.054140
0 0.300781 0.497611 0.023438 0.058917
0 0.407227 0.503185 0.025391 0.057325
0 0.530762 0.507962 0.024414 0.060510
0 0.597168 0.253981 0.018555 0.049363
0 0.613770 0.220541 0.014648 0.042994
0 0.645508 0.234076 0.015625 0.035032
0 0.665039 0.253981 0.019531 0.042994
0 0.596191 0.421178 0.020508 0.039809
0 0.642090 0.507962 0.024414 0.054140
0 0.660156 0.363854 0.023438 0.049363
0 0.707031 0.237261 0.017578 0.035032
0 0.728027 0.250000 0.024414 0.044586
0 0.802734 0.254777 0.019531 0.038217
0 0.835938 0.265924 0.019531 0.038217
0 0.897949 0.285828 0.024414 0.046178
0 0.766113 0.417197 0.022461 0.044586
0 0.859375 0.451433 0.021484 0.042994
