0 0.105957 0.240171 0.028320 0.066667
0 0.176758 0.304274 0.027344 0.068376
0 0.265137 0.306838 0.032227 0.070085
0 0.231934 0.423932 0.030273 0.068376
0 0.345703 0.300000 0.021484 0.070085
0 0.303223 0.437607 0.030273 0.064957
0 0.379395 0.408547 0.032227 0.075214
0 0.403320 0.270940 0.029297 0.070085
0 0.462402 0.294017 0.028320 0.064957
0 0.500977 0.258974 0.029297 0.059829
0 0.739258 0.498291 0.031250 0.076923
0 0.779297 0.272650 0.031250 0.066667
0 0.844238 0.217949 0.032227 0.083761
0 0.903320 0.188034 0.033203 0.075214
0 0.540039 0.672650 0.033203 0.076923
0 0.460449 0.442735 0.032227 0.078632
0 0.579102 0.252137 0.029297 0.073504
0 0.527832 0.437607 0.032227 0.071795
0 0.595215 0.403419 0.032227 0.068376
0 0.643066 0.252991 0.028320 0.071795
0 0.691895 0.289744 0.032227 0.070085
0 0.673828 0.486325 0.031250 0.066667
0 0.232910 0.282906 0.012695 0.029060
