0 0.162598 0.109375 0.008789 0.015625
0 0.187012 0.135937 0.010742 0.018750
0 0.174805 0.039062 0.009766 0.018750
0 0.172852 0.082812 0.009766 0.018750
0 0.133301 0.037500 0.006836 0.012500
0 0.109375 0.028906 0.007812 0.014063
0 0.285156 0.067187 0.007812 0.015625
0 0.318359 0.100781 0.009766 0.017188
0 0.530273 0.105469 0.009766 0.014063
0 0.504883 0.100781 0.011719 0.020313
0 0.603516 0.024219 0.009766 0.020313
0 0.552734 0.071094 0.007812 0.014063
0 0.651367 0.111719 0.007812 0.017188
0 0.586426 0.077344 0.008789 0.017188
0 0.715332 0.102344 0.010742 0.020313
0 0.921387 0.050000 0.006836 0.018750
0 0.845703 0.009375 0.007812 0.012500
0 0.870605 0.010156 0.006836 0.014063
0 0.891602 0.008594 0.009766 0.014063
0 0.244629 0.122656 0.040039 0.089063
0 0.368164 0.153125 0.037109 0.071875
0 0.147461 0.511719 0.042969 0.079687
0 0.310547 0.414062 0.041016 0.087500
0 0.498535 0.196094 0.038086 0.095312
0 0.487305 0.409375 0.042969 0.084375
0 0.611328 0.159375 0.041016 0.093750
0 0.706055 0.185156 0.039062 0.085938
0 0.855957 0.182031 0.040039 0.085938
0 0.688965 0.433594 0.043945 0.092188
0 0.817871 0.365625 0.041992 0.087500
0 0.363281 0.028906 0.007812 0.014063
0 0.320801 0.048438 0.008789 0.015625
0 0.285156 0.033594 0.007812 0.010937
0 0.273926 0.041406 0.008789 0.014063
0 0.287109 0.102344 0.007812 0.017188
0 0.471191 0.078125 0.008789 0.015625
0 0.461914 0.025000 0.009766 0.012500
0 0.517578 0.048438 0.009766 0.015625
0 0.569336 0.068750 0.009766 0.015625
0 0.594727 0.049219 0.009766 0.023438
0 0.457031 0.107031 0.009766 0.017188
0 0.409668 0.077344 0.008789 0.014063
0 0.419922 0.095312 0.007812 0.012500
0 0.767578 0.109375 0.009766 0.018750
0 0.673828 0.068750 0.007812 0.018750
0 0.694824 0.031250 0.010742 0.018750
0 0.790039 0.108594 0.007812 0.017188
0 0.739258 0.110156 0.009766 0.017188
0 0.819336 0.108594 0.007812 0.017188
0 0.842285 0.078125 0.006836 0.015625
0 0.819336 0.028125 0.007812 0.015625
0 0.768555 0.046094 0.007812 0.014063
0 0.798828 0.051562 0.007812 0.015625
0 0.803711 0.074219 0.011719 0.020313
0 0.737305 0.053906 0.009766 0.014063
0 0.902344 0.110937 0.007812 0.015625
0 0.918945 0.083594 0.007812 0.017188
0 0.883301 0.030469 0.006836 0.014063
0 0.884766 0.064844 0.007812 0.014063
0 0.939941 0.103906 0.010742 0.020313
0 0.954590 0.070312 0.008789 0.018750
0 0.962402 0.135937 0.010742 0.015625
0 0.971191 0.035937 0.008789 0.015625
0 0.115723 0.051562 0.006836 0.012500
