0 0.066406 0.198333 0.031250 0.050000
0 0.222168 0.159167 0.022461 0.045000
0 0.260742 0.139167 0.029297 0.048333
0 0.296875 0.119167 0.025391 0.051667
0 0.439453 0.044167 0.023438 0.038333
0 0.562012 0.124167 0.018555 0.041667
0 0.658691 0.102500 0.028320 0.045000
0 0.702637 0.143333 0.030273 0.043333
0 0.833984 0.190000 0.023438 0.050000
0 0.391113 0.730833 0.022461 0.055000
0 0.432129 0.191667 0.012695 0.036667
0 0.172852 0.190000 0.019531 0.036667
0 0.340820 0.122500 0.023438 0.041667
0 0.763184 0.128333 0.028320 0.056667
