0 0.084473 0.316913 0.030273 0.059113
0 0.140137 0.332512 0.032227 0.057471
0 0.183105 0.478654 0.030273 0.077176
0 0.280273 0.323481 0.029297 0.062397
0 0.403809 0.346470 0.024414 0.059113
0 0.383301 0.545977 0.024414 0.070608
0 0.529785 0.366174 0.024414 0.065681
0 0.462402 0.330049 0.024414 0.052545
0 0.507812 0.563218 0.027344 0.068966
0 0.586426 0.349754 0.024414 0.055829
0 0.651855 0.417898 0.026367 0.057471
0 0.701660 0.376026 0.024414 0.049261
0 0.642578 0.579639 0.027344 0.062397
0 0.770508 0.358785 0.025391 0.047619
0 0.750977 0.550903 0.027344 0.073892
0 0.842773 0.371100 0.025391 0.059113
0 0.890625 0.566502 0.029297 0.068966
0 0.922852 0.478654 0.027344 0.060755
