0 0.125000 0.352123 0.019531 0.039531
0 0.182129 0.358712 0.020508 0.032211
0 0.147461 0.444363 0.019531 0.024890
0 0.119629 0.580527 0.022461 0.042460
0 0.229004 0.407760 0.016602 0.039531
0 0.255859 0.388726 0.017578 0.030747
0 0.234863 0.571742 0.016602 0.033675
0 0.283203 0.410688 0.017578 0.030747
0 0.323242 0.364568 0.017578 0.035139
0 0.342773 0.398975 0.019531 0.024890
0 0.362793 0.499268 0.018555 0.032211
0 0.392090 0.390922 0.018555 0.032211
0 0.409180 0.371157 0.015625 0.033675
0 0.424805 0.392387 0.015625 0.029283
0 0.437012 0.443631 0.016602 0.026354
0 0.468262 0.423133 0.016602 0.035139
0 0.477539 0.371157 0.017578 0.036603
0 0.449707 0.538799 0.018555 0.035139
0 0.467285 0.523426 0.016602 0.036603
0 0.526367 0.404832 0.015625 0.027818
0 0.547852 0.414348 0.017578 0.032211
0 0.568359 0.377013 0.019531 0.030747
0 0.592285 0.393851 0.018555 0.032211
0 0.552734 0.521230 0.017578 0.032211
0 0.586914 0.551977 0.017578 0.032211
0 0.619141 0.520498 0.019531 0.030747
0 0.638184 0.513177 0.020508 0.033675
0 0.640625 0.387262 0.019531 0.036603
0 0.630859 0.391654 0.013672 0.027818
0 0.681152 0.382138 0.016602 0.038067
0 0.698730 0.396779 0.016602 0.032211
0 0.769043 0.565886 0.018555 0.036603
0 0.790039 0.372621 0.021484 0.045388
0 0.863281 0.371157 0.023438 0.042460
0 0.385742 0.657394 0.021484 0.043924
0 0.400879 0.640556 0.016602 0.039531
0 0.532715 0.672035 0.022461 0.038067
0 0.571289 0.649341 0.021484 0.033675
