0 0.089844 0.420205 0.011719 0.023426
0 0.139648 0.483895 0.013672 0.027818
0 0.187012 0.490483 0.010742 0.023426
0 0.236328 0.488287 0.013672 0.021962
0 0.288574 0.486823 0.010742 0.021962
0 0.335938 0.493411 0.011719 0.029283
0 0.363770 0.448023 0.012695 0.023426
0 0.315430 0.442167 0.011719 0.023426
0 0.267090 0.448755 0.010742 0.021962
0 0.222168 0.458272 0.010742 0.023426
0 0.130371 0.442167 0.012695 0.023426
0 0.164062 0.398243 0.011719 0.023426
0 0.208496 0.398975 0.010742 0.021962
0 0.204102 0.372621 0.009766 0.019034
0 0.234863 0.363836 0.010742 0.024890
0 0.264160 0.356515 0.010742 0.024890
0 0.251465 0.391654 0.010742 0.021962
0 0.298828 0.393119 0.011719 0.024890
0 0.305176 0.358712 0.010742 0.023426
0 0.336426 0.365300 0.010742 0.024890
0 0.341309 0.397511 0.012695 0.024890
0 0.375000 0.367496 0.009766 0.023426
0 0.417969 0.365300 0.011719 0.021962
0 0.461426 0.366032 0.010742 0.023426
0 0.506348 0.365300 0.008789 0.024890
0 0.389648 0.407028 0.009766 0.023426
0 0.409180 0.452416 0.011719 0.026354
0 0.385254 0.491215 0.012695 0.021962
0 0.430664 0.501464 0.011719 0.021962
0 0.476562 0.483163 0.013672 0.026354
0 0.458496 0.441435 0.012695 0.024890
0 0.436035 0.406296 0.010742 0.021962
0 0.819336 0.424597 0.013672 0.023426
0 0.763184 0.404832 0.010742 0.024890
0 0.718750 0.396779 0.011719 0.023426
0 0.648926 0.435578 0.012695 0.024890
0 0.683105 0.490483 0.012695 0.029283
0 0.703125 0.435578 0.013672 0.024890
0 0.750488 0.448755 0.010742 0.021962
0 0.733398 0.493411 0.011719 0.026354
0 0.782227 0.494876 0.011719 0.023426
0 0.823242 0.493411 0.011719 0.023426
0 0.481934 0.398243 0.010742 0.023426
0 0.504395 0.445095 0.010742 0.023426
0 0.530273 0.484627 0.013672 0.029283
0 0.556641 0.446559 0.011719 0.026354
0 0.580566 0.402635 0.010742 0.023426
0 0.595703 0.370425 0.011719 0.023426
0 0.580078 0.489751 0.011719 0.024890
0 0.604492 0.448023 0.009766 0.017570
0 0.553711 0.369693 0.009766 0.021962
0 0.629883 0.377745 0.011719 0.023426
0 0.640625 0.357247 0.009766 0.020498
0 0.674316 0.357980 0.010742 0.024890
0 0.676270 0.390190 0.010742 0.024890
0 0.707520 0.358712 0.010742 0.023426
0 0.737793 0.355051 0.010742 0.024890
0 0.773926 0.366764 0.010742 0.024890
0 0.807129 0.390190 0.012695 0.024890
0 0.630859 0.490483 0.011719 0.023426
0 0.530762 0.397511 0.010742 0.021962
0 0.176758 0.445827 0.011719 0.019034
