0 0.761230 0.408854 0.014648 0.023438
0 0.821289 0.415365 0.005859 0.010417
0 0.807617 0.421875 0.005859 0.010417
0 0.777832 0.418620 0.006836 0.009115
0 0.924316 0.431641 0.006836 0.011719
0 0.947754 0.424479 0.004883 0.007812
0 0.889160 0.420573 0.006836 0.010417
0 0.868652 0.400391 0.004883 0.009115
0 0.883301 0.408203 0.004883 0.009115
0 0.890137 0.402995 0.004883 0.009115
0 0.904297 0.423177 0.005859 0.010417
0 0.917480 0.405599 0.004883 0.009115
0 0.954590 0.402995 0.004883 0.009115
0 0.673828 0.448568 0.005859 0.011719
0 0.645996 0.449219 0.004883 0.010417
0 0.522949 0.362630 0.024414 0.042969
0 0.584473 0.399740 0.012695 0.026042
0 0.449707 0.481771 0.028320 0.057292
0 0.305176 0.438802 0.008789 0.018229
0 0.163086 0.377604 0.017578 0.031250
0 0.252441 0.438151 0.010742 0.019531
0 0.210449 0.458984 0.006836 0.011719
0 0.227539 0.464844 0.005859 0.010417
0 0.070801 0.421875 0.006836 0.010417
0 0.023926 0.439453 0.008789 0.011719
0 0.290527 0.458333 0.006836 0.010417
0 0.270996 0.462240 0.004883 0.010417
0 0.937988 0.444010 0.004883 0.010417
0 0.974121 0.417318 0.006836 0.014323
