0 0.900391 0.247430 0.029297 0.057269
0 0.820312 0.246696 0.031250 0.055800
0 0.754883 0.265051 0.027344 0.060206
0 0.784668 0.418502 0.030273 0.055800
0 0.706055 0.535242 0.029297 0.060206
0 0.702148 0.415565 0.029297 0.055800
0 0.659668 0.267254 0.028320 0.052863
0 0.609375 0.414831 0.029297 0.054332
0 0.601562 0.551395 0.027344 0.060206
0 0.556152 0.262115 0.028320 0.054332
0 0.468262 0.242291 0.028320 0.055800
0 0.378906 0.257709 0.027344 0.060206
0 0.182617 0.270191 0.033203 0.061674
0 0.281250 0.262849 0.029297 0.061674
0 0.227051 0.422907 0.030273 0.058737
0 0.321777 0.420705 0.028320 0.057269
0 0.186035 0.555800 0.036133 0.066079
0 0.340332 0.560206 0.030273 0.060206
0 0.392090 0.634361 0.032227 0.061674
0 0.422363 0.406021 0.028320 0.054332
0 0.520508 0.408957 0.027344 0.057269
0 0.464844 0.544787 0.031250 0.049927
0 0.512207 0.632893 0.032227 0.064611
