0 0.168457 0.369792 0.040039 0.070312
0 0.230469 0.343099 0.033203 0.058594
0 0.313965 0.330729 0.034180 0.062500
0 0.402344 0.342448 0.033203 0.062500
0 0.373047 0.509115 0.037109 0.067708
0 0.285645 0.522786 0.040039 0.069010
0 0.495605 0.314453 0.032227 0.066406
0 0.590332 0.331380 0.034180 0.053385
0 0.475098 0.514974 0.036133 0.058594
0 0.573730 0.511719 0.038086 0.072917
0 0.583496 0.664062 0.040039 0.065104
0 0.653320 0.520833 0.037109 0.065104
0 0.718262 0.513021 0.040039 0.067708
0 0.680176 0.322266 0.032227 0.058594
0 0.773438 0.328125 0.033203 0.057292
0 0.860352 0.359375 0.035156 0.057292
