0 0.737793 0.231120 0.038086 0.071615
0 0.877930 0.242188 0.044922 0.072917
0 0.656250 0.387370 0.035156 0.058594
0 0.569824 0.378906 0.036133 0.067708
0 0.484375 0.381510 0.041016 0.065104
0 0.632812 0.593750 0.037109 0.065104
0 0.483887 0.571615 0.043945 0.067708
0 0.166992 0.383464 0.037109 0.063802
0 0.277832 0.391927 0.036133 0.057292
0 0.375977 0.385417 0.037109 0.059896
0 0.354492 0.589844 0.039062 0.065104
0 0.299805 0.615234 0.039062 0.066406
0 0.207031 0.606771 0.041016 0.065104
0 0.138672 0.187500 0.042969 0.080729
