0 0.870117 0.189427 0.031250 0.064611
0 0.794434 0.234949 0.030273 0.058737
0 0.756836 0.259178 0.031250 0.060206
0 0.732910 0.424376 0.034180 0.061674
0 0.812500 0.468429 0.035156 0.055800
0 0.691895 0.226138 0.028320 0.049927
0 0.638184 0.232746 0.030273 0.057269
0 0.594238 0.244493 0.028320 0.057269
0 0.564453 0.246696 0.033203 0.061674
0 0.632324 0.403084 0.034180 0.066079
0 0.568359 0.519824 0.035156 0.061674
0 0.384766 0.456681 0.039062 0.076358
0 0.266602 0.251836 0.033203 0.057269
0 0.354492 0.230543 0.031250 0.067548
0 0.392578 0.193098 0.033203 0.066079
0 0.442383 0.262849 0.029297 0.055800
0 0.484375 0.246696 0.029297 0.058737
0 0.523926 0.244493 0.028320 0.048458
0 0.192871 0.282673 0.034180 0.060206
0 0.131348 0.238620 0.036133 0.071953
