0 0.082031 0.219945 0.037109 0.073770
0 0.915039 0.323770 0.035156 0.071038
0 0.863281 0.457650 0.035156 0.065574
0 0.836914 0.251366 0.033203 0.065574
0 0.777344 0.185109 0.033203 0.058743
0 0.531250 0.168716 0.033203 0.069672
0 0.670410 0.182377 0.032227 0.061475
0 0.726562 0.295765 0.037109 0.069672
0 0.742676 0.463115 0.034180 0.068306
0 0.608398 0.273224 0.031250 0.071038
0 0.617676 0.463798 0.034180 0.064208
0 0.172852 0.270492 0.035156 0.062842
0 0.278809 0.287568 0.034180 0.064208
0 0.248535 0.461066 0.036133 0.061475
0 0.152832 0.471995 0.036133 0.069672
0 0.472656 0.451503 0.037109 0.069672
0 0.353516 0.456284 0.031250 0.062842
0 0.498047 0.282787 0.039062 0.068306
0 0.377441 0.290301 0.034180 0.058743
0 0.307617 0.178279 0.031250 0.064208
0 0.408691 0.182377 0.030273 0.058743
