0 0.068359 0.455446 0.029297 0.036775
0 0.225586 0.432107 0.021484 0.038190
0 0.280273 0.429279 0.013672 0.021216
0 0.323242 0.410184 0.025391 0.042433
0 0.408691 0.412306 0.014648 0.029703
0 0.467285 0.401697 0.016602 0.031117
0 0.527832 0.407355 0.012695 0.025460
0 0.572266 0.399576 0.021484 0.038190
0 0.668457 0.355021 0.034180 0.065064
0 0.631348 0.332390 0.012695 0.025460
0 0.697754 0.288543 0.010742 0.019802
0 0.752930 0.355021 0.017578 0.033946
0 0.792969 0.390382 0.029297 0.053748
0 0.920898 0.338048 0.025391 0.045262
