0 0.552734 0.244898 0.023438 0.040816
0 0.543945 0.370262 0.023438 0.049563
0 0.666016 0.533528 0.027344 0.052478
0 0.559570 0.518222 0.027344 0.051020
0 0.472656 0.363703 0.023438 0.045190
0 0.458008 0.494898 0.027344 0.051020
0 0.354004 0.514577 0.026367 0.049563
0 0.483398 0.233965 0.021484 0.042274
0 0.326660 0.241983 0.022461 0.040816
0 0.401367 0.242711 0.021484 0.042274
0 0.398438 0.364431 0.023438 0.043732
0 0.307129 0.357872 0.024414 0.048105
0 0.225098 0.365160 0.024414 0.045190
0 0.159180 0.362974 0.023438 0.046647
0 0.157715 0.244169 0.022461 0.045190
0 0.250977 0.241254 0.021484 0.042274
0 0.254395 0.521866 0.028320 0.049563
0 0.881348 0.268950 0.026367 0.048105
0 0.746582 0.389213 0.024414 0.049563
0 0.689453 0.378280 0.023438 0.039359
0 0.708496 0.260933 0.022461 0.040816
0 0.789551 0.247813 0.024414 0.049563
0 0.627441 0.253644 0.022461 0.040816
0 0.618652 0.378280 0.022461 0.048105
