0 0.851074 0.644531 0.018555 0.035937
0 0.856445 0.326562 0.013672 0.031250
0 0.807129 0.332813 0.012695 0.028125
0 0.765137 0.843750 0.010742 0.025000
0 0.625977 0.700000 0.009766 0.018750
0 0.711914 0.687500 0.007812 0.015625
0 0.217285 0.680469 0.022461 0.039062
0 0.510742 0.146094 0.035156 0.082812
0 0.449219 0.148438 0.037109 0.081250
0 0.141113 0.109375 0.022461 0.043750
0 0.103516 0.100781 0.023438 0.048438
0 0.178223 0.107813 0.022461 0.043750
0 0.207520 0.130469 0.022461 0.045312
0 0.202637 0.410156 0.006836 0.017188
0 0.138672 0.382031 0.007812 0.014063
0 0.197266 0.405469 0.007812 0.017188
0 0.847656 0.138281 0.005859 0.010937
0 0.608887 0.156250 0.008789 0.015625
0 0.165527 0.359375 0.006836 0.015625
0 0.192871 0.730469 0.014648 0.020313
0 0.842285 0.173437 0.010742 0.021875
0 0.759277 0.239844 0.012695 0.020313
0 0.741699 0.160938 0.008789 0.018750
