0 0.813477 0.163199 0.017578 0.035111
0 0.859863 0.167750 0.016602 0.036411
0 0.719238 0.167100 0.016602 0.029909
0 0.684570 0.177503 0.013672 0.024707
0 0.716797 0.135891 0.015625 0.027308
0 0.643066 0.163199 0.014648 0.029909
0 0.673828 0.131339 0.011719 0.026008
0 0.633301 0.111183 0.010742 0.022107
0 0.711914 0.091027 0.013672 0.026008
0 0.762207 0.096229 0.016602 0.028609
0 0.801758 0.108583 0.013672 0.024707
0 0.846680 0.101430 0.017578 0.028609
0 0.947754 0.114434 0.018555 0.036411
0 0.660156 0.061769 0.013672 0.022107
0 0.698730 0.055917 0.010742 0.018205
0 0.555664 0.157997 0.013672 0.027308
0 0.602051 0.164499 0.012695 0.027308
0 0.599609 0.117035 0.009766 0.018205
0 0.524414 0.118986 0.013672 0.027308
0 0.484863 0.112484 0.010742 0.019506
0 0.441406 0.126138 0.013672 0.026008
0 0.432129 0.160598 0.014648 0.022107
0 0.393066 0.141092 0.010742 0.016905
0 0.381348 0.162549 0.012695 0.018205
0 0.125977 0.123537 0.011719 0.018205
0 0.077148 0.124187 0.013672 0.019506
0 0.107910 0.076723 0.012695 0.026008
0 0.965820 0.177503 0.019531 0.035111
0 0.907227 0.179454 0.017578 0.036411
