0 0.220215 0.167683 0.012695 0.023171
0 0.261230 0.161585 0.018555 0.030488
0 0.335449 0.173171 0.014648 0.024390
0 0.339844 0.136585 0.009766 0.021951
0 0.368164 0.132927 0.011719 0.024390
0 0.392578 0.161585 0.009766 0.020732
0 0.378906 0.182317 0.013672 0.018293
0 0.346191 0.110366 0.014648 0.015854
0 0.299805 0.183537 0.009766 0.018293
0 0.427734 0.112195 0.009766 0.017073
0 0.441895 0.147561 0.012695 0.024390
0 0.432129 0.179878 0.012695 0.028049
0 0.484863 0.135366 0.010742 0.019512
0 0.468262 0.188415 0.010742 0.023171
0 0.523926 0.137805 0.012695 0.026829
0 0.555176 0.176220 0.014648 0.028049
0 0.494141 0.187805 0.011719 0.017073
0 0.599609 0.137195 0.011719 0.020732
0 0.630371 0.128049 0.008789 0.024390
0 0.672363 0.147561 0.010742 0.024390
0 0.671875 0.115854 0.013672 0.026829
0 0.658691 0.086585 0.012695 0.024390
0 0.600586 0.178659 0.011719 0.025610
0 0.644043 0.178049 0.014648 0.031707
0 0.666992 0.181707 0.009766 0.024390
0 0.684570 0.192073 0.011719 0.025610
0 0.711426 0.110366 0.012695 0.025610
0 0.716309 0.154878 0.016602 0.029268
0 0.718262 0.187805 0.016602 0.026829
0 0.762207 0.118293 0.014648 0.029268
0 0.802246 0.132317 0.012695 0.025610
0 0.813965 0.181098 0.016602 0.040244
0 0.845703 0.123171 0.013672 0.031707
0 0.859375 0.182927 0.019531 0.041463
0 0.911621 0.197561 0.014648 0.036585
0 0.945312 0.132317 0.015625 0.030488
0 0.963379 0.193902 0.016602 0.031707
