0 0.160156 0.330729 0.003906 0.007812
0 0.170410 0.355469 0.004883 0.007812
0 0.155273 0.388672 0.003906 0.006510
0 0.128418 0.363281 0.004883 0.007812
0 0.104004 0.365885 0.004883 0.007812
0 0.081055 0.351562 0.003906 0.005208
0 0.058594 0.339193 0.003906 0.006510
0 0.113770 0.317057 0.002930 0.003906
0 0.128418 0.296875 0.002930 0.005208
0 0.100586 0.295573 0.003906 0.005208
0 0.063965 0.300781 0.002930 0.005208
0 0.085449 0.395833 0.004883 0.005208
0 0.053223 0.433594 0.004883 0.007812
0 0.041016 0.391276 0.003906 0.006510
0 0.041016 0.421875 0.005859 0.007812
0 0.053711 0.419922 0.003906 0.006510
0 0.020996 0.364583 0.004883 0.007812
0 0.004883 0.339193 0.003906 0.006510
0 0.009766 0.373047 0.003906 0.006510
0 0.239258 0.326172 0.003906 0.006510
0 0.240723 0.373698 0.004883 0.007812
0 0.257812 0.429688 0.005859 0.010417
0 0.273438 0.393229 0.005859 0.007812
0 0.287598 0.370443 0.004883 0.009115
0 0.309570 0.390625 0.003906 0.007812
0 0.334961 0.368490 0.005859 0.010417
0 0.333984 0.495443 0.007812 0.011719
0 0.348633 0.373047 0.005859 0.006510
0 0.403809 0.385417 0.006836 0.010417
0 0.187988 0.376953 0.004883 0.006510
0 0.154297 0.367839 0.003906 0.006510
0 0.198730 0.412109 0.006836 0.011719
0 0.203613 0.449219 0.004883 0.010417
0 0.179688 0.476562 0.005859 0.010417
0 0.230469 0.513672 0.005859 0.011719
0 0.238281 0.518880 0.007812 0.011719
0 0.247070 0.548177 0.007812 0.015625
0 0.253906 0.567057 0.005859 0.014323
0 0.320801 0.575521 0.006836 0.015625
0 0.341797 0.582031 0.005859 0.013021
0 0.355469 0.523438 0.005859 0.015625
0 0.423340 0.547526 0.008789 0.009115
0 0.466797 0.593750 0.009766 0.015625
0 0.485352 0.528646 0.007812 0.013021
0 0.615723 0.734375 0.014648 0.023438
0 0.635742 0.835286 0.011719 0.022135
0 0.540527 0.680990 0.014648 0.023438
0 0.483398 0.727214 0.019531 0.016927
0 0.583008 0.347005 0.003906 0.009115
0 0.517090 0.352214 0.004883 0.009115
0 0.498535 0.381510 0.004883 0.007812
0 0.596680 0.445964 0.005859 0.011719
0 0.583008 0.510417 0.007812 0.013021
0 0.439941 0.240885 0.002930 0.005208
0 0.364746 0.283854 0.002930 0.007812
0 0.391113 0.244141 0.002930 0.003906
0 0.396973 0.261719 0.002930 0.005208
0 0.380859 0.267578 0.001953 0.003906
0 0.364258 0.267578 0.001953 0.003906
0 0.353516 0.274740 0.001953 0.005208
0 0.340820 0.240234 0.001953 0.003906
0 0.370605 0.239583 0.002930 0.005208
0 0.468262 0.270182 0.002930 0.006510
0 0.093262 0.266927 0.002930 0.007812
0 0.086426 0.270833 0.002930 0.005208
0 0.123535 0.264974 0.002930 0.006510
0 0.128906 0.261719 0.001953 0.005208
0 0.135254 0.263672 0.002930 0.003906
0 0.097656 0.284505 0.003906 0.009115
0 0.281738 0.245443 0.002930 0.006510
0 0.530273 0.253906 0.003906 0.007812
0 0.562012 0.263021 0.004883 0.007812
0 0.525879 0.281250 0.002930 0.007812
0 0.610840 0.455729 0.008789 0.015625
0 0.625000 0.486979 0.009766 0.015625
0 0.594727 0.567057 0.009766 0.014323
0 0.746094 0.285156 0.003906 0.007812
0 0.784180 0.287760 0.005859 0.007812
0 0.862793 0.296875 0.004883 0.007812
0 0.838867 0.294271 0.003906 0.007812
0 0.830078 0.302083 0.003906 0.007812
0 0.808105 0.292969 0.004883 0.007812
0 0.817871 0.294922 0.004883 0.009115
0 0.797363 0.279948 0.004883 0.007812
0 0.981445 0.401693 0.003906 0.009115
0 0.949219 0.400391 0.003906 0.006510
0 0.976074 0.371745 0.002930 0.009115
0 0.938477 0.314453 0.003906 0.006510
0 0.633789 0.401042 0.003906 0.007812
0 0.932617 0.513021 0.007812 0.018229
0 0.851562 0.545573 0.005859 0.015625
0 0.834961 0.524089 0.007812 0.016927
0 0.874023 0.769531 0.013672 0.018229
0 0.899414 0.856120 0.011719 0.019531
0 0.941406 0.843750 0.019531 0.028646
0 0.067871 0.566406 0.006836 0.015625
0 0.654785 0.872396 0.014648 0.026042
0 0.814941 0.941406 0.018555 0.028646
0 0.128418 0.822917 0.008789 0.020833
0 0.375000 0.375651 0.005859 0.009115
0 0.226074 0.317708 0.004883 0.007812
0 0.919434 0.338542 0.004883 0.010417
