0 0.305664 0.564140 0.017578 0.037901
0 0.152344 0.427843 0.003906 0.010204
0 0.200684 0.427114 0.002930 0.008746
0 0.230957 0.410350 0.004883 0.010204
0 0.234863 0.406706 0.004883 0.008746
0 0.157715 0.432216 0.002930 0.007289
0 0.244141 0.410350 0.003906 0.010204
0 0.282227 0.404519 0.005859 0.010204
0 0.300781 0.432945 0.005859 0.008746
0 0.346680 0.450437 0.005859 0.011662
0 0.490234 0.372449 0.003906 0.007289
0 0.437500 0.392128 0.003906 0.008746
0 0.589355 0.441691 0.008789 0.017493
0 0.577637 0.481778 0.016602 0.027697
0 0.632812 0.397230 0.003906 0.007289
0 0.652344 0.390671 0.003906 0.008746
0 0.686523 0.397959 0.003906 0.008746
0 0.694824 0.399417 0.002930 0.005831
0 0.707520 0.420554 0.002930 0.010204
0 0.739258 0.413994 0.003906 0.008746
0 0.777344 0.417638 0.003906 0.010204
0 0.789551 0.433673 0.002930 0.007289
0 0.798828 0.475219 0.005859 0.011662
0 0.803223 0.433673 0.004883 0.007289
0 0.825195 0.454810 0.005859 0.011662
0 0.843750 0.453353 0.007812 0.014577
0 0.819824 0.473032 0.004883 0.010204
0 0.896484 0.474490 0.007812 0.013120
0 0.904785 0.536443 0.006836 0.017493
0 0.914551 0.489067 0.006836 0.018950
