0 0.072266 0.513672 0.011719 0.014323
0 0.101074 0.561849 0.024414 0.040365
0 0.020996 0.524740 0.020508 0.028646
0 0.312988 0.533203 0.014648 0.022135
0 0.246094 0.529948 0.007812 0.015625
0 0.134277 0.545573 0.014648 0.023438
0 0.168457 0.538411 0.014648 0.019531
0 0.112793 0.526693 0.006836 0.009115
0 0.155273 0.568359 0.013672 0.022135
0 0.226562 0.543620 0.015625 0.024740
0 0.135254 0.524089 0.006836 0.011719
0 0.059082 0.517578 0.004883 0.011719
0 0.038574 0.517578 0.004883 0.011719
0 0.095215 0.532552 0.012695 0.020833
0 0.518066 0.578125 0.018555 0.026042
0 0.552246 0.549479 0.014648 0.023438
0 0.579590 0.551432 0.014648 0.019531
0 0.602539 0.559245 0.017578 0.027344
0 0.638184 0.538411 0.004883 0.011719
0 0.597168 0.539062 0.008789 0.013021
0 0.925781 0.554688 0.007812 0.013021
0 0.946777 0.563802 0.006836 0.013021
0 0.874512 0.567708 0.012695 0.018229
