0 0.068359 0.300130 0.025391 0.045573
0 0.075684 0.320964 0.014648 0.029948
0 0.110352 0.332031 0.023438 0.044271
0 0.013184 0.375000 0.026367 0.054688
0 0.012695 0.457682 0.025391 0.061198
0 0.031250 0.457031 0.023438 0.052083
0 0.054199 0.438802 0.018555 0.033854
0 0.172363 0.584635 0.034180 0.057292
0 0.163574 0.369141 0.028320 0.048177
0 0.192383 0.339193 0.023438 0.042969
0 0.221680 0.378906 0.027344 0.046875
0 0.261230 0.384115 0.026367 0.044271
0 0.299805 0.401693 0.017578 0.037760
0 0.282715 0.410807 0.018555 0.035156
0 0.295898 0.225911 0.054688 0.053385
0 0.463379 0.402995 0.018555 0.032552
0 0.507324 0.381510 0.018555 0.028646
0 0.551758 0.446615 0.017578 0.026042
0 0.568359 0.453776 0.013672 0.022135
0 0.576660 0.401042 0.014648 0.028646
0 0.588867 0.377604 0.011719 0.023438
0 0.729980 0.413411 0.008789 0.022135
0 0.760254 0.391276 0.012695 0.022135
0 0.774902 0.394531 0.016602 0.028646
0 0.814941 0.425130 0.012695 0.019531
0 0.813477 0.455078 0.009766 0.019531
0 0.834473 0.432292 0.010742 0.015625
0 0.845215 0.421224 0.012695 0.019531
0 0.859863 0.440104 0.010742 0.018229
0 0.861816 0.419271 0.012695 0.020833
0 0.690430 0.195964 0.048828 0.071615
0 0.022949 0.317708 0.024414 0.046875
0 0.883789 0.421875 0.011719 0.018229
0 0.873535 0.453125 0.008789 0.015625
0 0.898438 0.427734 0.011719 0.016927
0 0.898438 0.463542 0.009766 0.013021
0 0.913574 0.419271 0.010742 0.015625
0 0.933594 0.416667 0.007812 0.015625
0 0.939453 0.421224 0.007812 0.014323
0 0.961914 0.416016 0.009766 0.016927
0 0.973145 0.416016 0.008789 0.014323
0 0.819336 0.149740 0.007812 0.015625
0 0.977539 0.480469 0.027344 0.036458
0 0.317871 0.369792 0.016602 0.031250
0 0.257324 0.347005 0.016602 0.027344
0 0.066406 0.413411 0.017578 0.032552
0 0.182617 0.486979 0.029297 0.033854
0 0.334961 0.395182 0.019531 0.035156
0 0.443848 0.388672 0.016602 0.035156
0 0.939941 0.450521 0.008789 0.015625
0 0.551758 0.389323 0.013672 0.020833
