0 0.026855 0.469401 0.010742 0.016927
0 0.047852 0.484375 0.009766 0.023438
0 0.095703 0.460938 0.011719 0.018229
0 0.129395 0.453125 0.014648 0.026042
0 0.216309 0.441406 0.016602 0.028646
0 0.205566 0.498698 0.014648 0.023438
0 0.289062 0.507161 0.009766 0.016927
0 0.359863 0.458333 0.006836 0.013021
0 0.377441 0.451823 0.004883 0.010417
0 0.428711 0.464844 0.021484 0.046875
0 0.561035 0.376953 0.006836 0.009115
0 0.554688 0.454427 0.015625 0.033854
0 0.651367 0.454427 0.005859 0.010417
0 0.708984 0.485677 0.003906 0.010417
0 0.766113 0.485026 0.006836 0.009115
0 0.795410 0.469401 0.008789 0.009115
0 0.920898 0.456380 0.009766 0.027344
0 0.135254 0.411458 0.006836 0.010417
0 0.030273 0.415365 0.009766 0.010417
0 0.290039 0.359375 0.007812 0.010417
0 0.552734 0.402344 0.013672 0.023438
