0 0.833496 0.574324 0.030273 0.048649
0 0.215332 0.501351 0.028320 0.048649
0 0.544434 0.451351 0.024414 0.035135
0 0.763184 0.308108 0.010742 0.018919
0 0.784180 0.297973 0.007812 0.012162
0 0.412109 0.293243 0.013672 0.024324
0 0.225586 0.265541 0.011719 0.020270
0 0.469727 0.267568 0.009766 0.013514
0 0.531738 0.241216 0.008789 0.017568
0 0.236328 0.408784 0.017578 0.020270
0 0.153320 0.291216 0.007812 0.012162
0 0.046875 0.248649 0.011719 0.013514
0 0.309082 0.255405 0.008789 0.018919
0 0.367188 0.303378 0.009766 0.014865
0 0.383301 0.238514 0.008789 0.012162
0 0.255371 0.261486 0.010742 0.014865
0 0.226074 0.241216 0.008789 0.014865
