0 0.038086 0.725911 0.017578 0.027344
0 0.221191 0.530599 0.020508 0.035156
0 0.286621 0.633464 0.012695 0.019531
0 0.288574 0.493490 0.014648 0.026042
0 0.092285 0.466146 0.008789 0.018229
0 0.147461 0.509766 0.007812 0.011719
0 0.124023 0.450521 0.007812 0.010417
0 0.458984 0.479818 0.011719 0.024740
0 0.480957 0.458984 0.004883 0.009115
0 0.443359 0.440755 0.005859 0.011719
0 0.793457 0.567708 0.022461 0.044271
0 0.612305 0.490885 0.011719 0.020833
0 0.532715 0.457682 0.004883 0.006510
0 0.568359 0.444010 0.005859 0.010417
0 0.746582 0.452474 0.006836 0.011719
0 0.762207 0.452474 0.004883 0.011719
0 0.787109 0.407552 0.003906 0.005208
0 0.755371 0.412109 0.004883 0.006510
0 0.688477 0.415365 0.003906 0.005208
0 0.721680 0.432292 0.005859 0.007812
0 0.643066 0.419922 0.008789 0.011719
