0 0.197754 0.398438 0.012695 0.026042
0 0.205566 0.355035 0.008789 0.019097
0 0.235352 0.340278 0.007812 0.017361
0 0.259766 0.320312 0.007812 0.019097
0 0.271973 0.408854 0.010742 0.022569
0 0.310059 0.467882 0.012695 0.029514
0 0.355469 0.456597 0.011719 0.024306
0 0.390137 0.478299 0.010742 0.019097
0 0.449219 0.505208 0.011719 0.020833
0 0.300781 0.317708 0.009766 0.017361
0 0.324707 0.411458 0.008789 0.017361
0 0.346680 0.414062 0.009766 0.026042
0 0.335449 0.345486 0.008789 0.017361
0 0.357422 0.352431 0.009766 0.020833
0 0.394531 0.428819 0.007812 0.020833
0 0.439941 0.406250 0.008789 0.024306
0 0.483398 0.427083 0.009766 0.020833
0 0.385742 0.354167 0.009766 0.020833
0 0.400879 0.361111 0.010742 0.020833
0 0.392578 0.325521 0.007812 0.015625
0 0.402832 0.327257 0.006836 0.015625
0 0.415039 0.351562 0.007812 0.019097
0 0.424316 0.318576 0.006836 0.012153
0 0.449707 0.353299 0.008789 0.015625
0 0.432129 0.345486 0.006836 0.017361
0 0.462891 0.288194 0.007812 0.020833
0 0.485352 0.304688 0.007812 0.015625
0 0.483398 0.350694 0.007812 0.017361
0 0.457031 0.345486 0.007812 0.013889
0 0.817871 0.459201 0.008789 0.022569
0 0.786133 0.450521 0.009766 0.022569
0 0.742676 0.478299 0.010742 0.019097
0 0.703613 0.456597 0.010742 0.020833
0 0.707031 0.375000 0.007812 0.013889
0 0.686035 0.368924 0.008789 0.022569
0 0.666504 0.366319 0.006836 0.017361
0 0.648926 0.359375 0.006836 0.020833
0 0.630371 0.315972 0.008789 0.017361
0 0.591309 0.284722 0.006836 0.017361
0 0.580078 0.335938 0.007812 0.012153
0 0.623535 0.366319 0.006836 0.013889
0 0.637207 0.576389 0.010742 0.017361
0 0.606934 0.488715 0.010742 0.019097
0 0.571289 0.570312 0.009766 0.019097
0 0.522949 0.559028 0.010742 0.024306
0 0.535645 0.410590 0.008789 0.015625
0 0.559570 0.420139 0.005859 0.013889
0 0.512207 0.401042 0.006836 0.020833
0 0.525879 0.396701 0.008789 0.015625
0 0.538086 0.355035 0.005859 0.012153
0 0.548828 0.335938 0.005859 0.012153
0 0.532227 0.276042 0.007812 0.013889
0 0.509277 0.355903 0.006836 0.017361
0 0.507324 0.335069 0.006836 0.013889
0 0.881836 0.511285 0.009766 0.019097
0 0.584473 0.466146 0.006836 0.012153
0 0.618652 0.394097 0.008789 0.020833
