0 0.133301 0.404297 0.028320 0.048177
0 0.219727 0.302083 0.017578 0.052083
0 0.351074 0.279297 0.018555 0.037760
0 0.373535 0.353516 0.030273 0.053385
0 0.492188 0.300130 0.019531 0.040365
0 0.439453 0.297526 0.013672 0.035156
0 0.117676 0.326823 0.016602 0.026042
0 0.591309 0.340495 0.028320 0.066406
0 0.568848 0.296875 0.030273 0.046875
0 0.700684 0.329427 0.028320 0.052083
0 0.673340 0.296224 0.016602 0.027344
0 0.741699 0.390625 0.026367 0.054688
0 0.865723 0.363281 0.032227 0.049479
0 0.854492 0.294271 0.019531 0.036458
0 0.759277 0.303385 0.020508 0.041667
0 0.732422 0.292318 0.021484 0.037760
0 0.710449 0.253255 0.014648 0.037760
0 0.887207 0.272786 0.014648 0.022135
0 0.955566 0.294922 0.016602 0.029948
0 0.468750 0.257812 0.015625 0.028646
0 0.024414 0.289714 0.015625 0.035156
0 0.374023 0.274089 0.013672 0.027344
0 0.599609 0.290365 0.013672 0.015625
0 0.806152 0.286458 0.012695 0.020833
0 0.948730 0.408854 0.014648 0.026042
0 0.882812 0.333984 0.013672 0.024740
