0 0.213379 0.619141 0.008789 0.014323
0 0.448242 0.632812 0.007812 0.013021
0 0.464844 0.618490 0.007812 0.013021
0 0.481445 0.611328 0.007812 0.011719
0 0.578125 0.578125 0.007812 0.013021
0 0.568848 0.565755 0.006836 0.011719
0 0.046387 0.626302 0.008789 0.013021
0 0.367188 0.587891 0.007812 0.011719
0 0.340332 0.621094 0.006836 0.010417
0 0.250488 0.572266 0.006836 0.011719
0 0.408691 0.591797 0.006836 0.011719
0 0.387207 0.557292 0.008789 0.013021
0 0.441895 0.554036 0.004883 0.009115
0 0.586426 0.626302 0.006836 0.013021
0 0.553223 0.580078 0.004883 0.006510
0 0.586426 0.521484 0.006836 0.009115
0 0.512207 0.550130 0.006836 0.011719
0 0.275391 0.514974 0.005859 0.011719
0 0.297852 0.481120 0.005859 0.009115
0 0.210938 0.525391 0.005859 0.009115
0 0.221191 0.529297 0.004883 0.009115
0 0.123047 0.538411 0.007812 0.009115
0 0.192871 0.474609 0.004883 0.009115
0 0.391113 0.479818 0.004883 0.009115
0 0.627441 0.839844 0.016602 0.020833
0 0.462891 0.457031 0.003906 0.007812
0 0.479980 0.455078 0.004883 0.006510
0 0.507324 0.456380 0.004883 0.009115
0 0.969727 0.632161 0.009766 0.011719
0 0.305664 0.536458 0.005859 0.007812
0 0.305664 0.497396 0.007812 0.010417
0 0.340820 0.498698 0.007812 0.010417
0 0.341797 0.518880 0.003906 0.006510
0 0.376953 0.582682 0.005859 0.009115
0 0.314453 0.611979 0.005859 0.010417
0 0.408203 0.564453 0.007812 0.011719
0 0.378906 0.532552 0.007812 0.007812
0 0.245117 0.604818 0.005859 0.011719
0 0.354004 0.679036 0.004883 0.014323
0 0.295410 0.705078 0.010742 0.014323
0 0.157227 0.521484 0.005859 0.009115
0 0.124023 0.587240 0.003906 0.010417
0 0.091797 0.486979 0.005859 0.010417
0 0.083008 0.472005 0.003906 0.009115
0 0.074219 0.509115 0.003906 0.005208
0 0.050293 0.496094 0.006836 0.010417
0 0.149414 0.490234 0.005859 0.009115
0 0.452148 0.583984 0.005859 0.011719
0 0.557617 0.585938 0.005859 0.010417
0 0.546387 0.669271 0.008789 0.013021
0 0.472656 0.687500 0.005859 0.010417
0 0.512695 0.488281 0.005859 0.010417
0 0.153809 0.735026 0.008789 0.016927
0 0.172363 0.742188 0.008789 0.015625
0 0.314941 0.695312 0.006836 0.010417
0 0.306152 0.702474 0.004883 0.011719
0 0.234375 0.513672 0.003906 0.006510
0 0.374023 0.704427 0.007812 0.015625
0 0.709961 0.720703 0.005859 0.014323
0 0.686035 0.794271 0.010742 0.015625
0 0.664062 0.835286 0.011719 0.019531
0 0.675781 0.760417 0.009766 0.015625
0 0.643555 0.464193 0.003906 0.009115
