0 0.085938 0.269231 0.011719 0.029827
0 0.153320 0.290424 0.017578 0.037677
0 0.177734 0.289639 0.019531 0.039246
0 0.365723 0.285714 0.014648 0.031397
0 0.719727 0.410518 0.023438 0.042386
0 0.854980 0.263736 0.018555 0.040816
0 0.910645 0.251962 0.018555 0.039246
0 0.964844 0.259027 0.021484 0.043956
0 0.993164 0.230769 0.013672 0.078493
0 0.772461 0.230769 0.011719 0.021978
0 0.800781 0.246468 0.017578 0.031397
0 0.704102 0.258242 0.013672 0.029827
0 0.923340 0.211146 0.008789 0.020408
0 0.409668 0.429356 0.016602 0.023548
0 0.208984 0.244898 0.007812 0.012559
0 0.197754 0.259812 0.010742 0.017268
0 0.238281 0.332810 0.017578 0.040816
0 0.455078 0.298273 0.021484 0.050235
0 0.894043 0.232339 0.008789 0.018838
