0 0.911133 0.287591 0.017578 0.040876
0 0.969238 0.297810 0.014648 0.037956
0 0.682617 0.330657 0.017578 0.039416
0 0.872559 0.309489 0.014648 0.035036
0 0.838867 0.269343 0.009766 0.018978
0 0.824707 0.308029 0.008789 0.020438
0 0.746094 0.308759 0.009766 0.021898
0 0.763184 0.291241 0.010742 0.021898
0 0.623535 0.288321 0.008789 0.016058
0 0.637207 0.290511 0.006836 0.008759
0 0.588379 0.287591 0.008789 0.017518
0 0.390137 0.347445 0.024414 0.043796
0 0.509766 0.316788 0.017578 0.043796
0 0.534180 0.302190 0.009766 0.023358
0 0.228027 0.308759 0.018555 0.051095
0 0.099609 0.359854 0.031250 0.056934
0 0.266602 0.286131 0.011719 0.029197
0 0.283203 0.297080 0.007812 0.021898
0 0.339844 0.283942 0.007812 0.018978
0 0.330078 0.267153 0.007812 0.017518
0 0.408691 0.284672 0.008789 0.014599
0 0.425781 0.286861 0.007812 0.016058
0 0.180176 0.297810 0.014648 0.032117
0 0.125000 0.279562 0.011719 0.027737
0 0.097168 0.281752 0.012695 0.029197
0 0.074219 0.289051 0.011719 0.023358
0 0.051270 0.294891 0.010742 0.026277
0 0.020996 0.269343 0.004883 0.010219
0 0.184570 0.274453 0.009766 0.017518
0 0.360352 0.331387 0.011719 0.029197
0 0.244629 0.300000 0.020508 0.039416
0 0.335449 0.291971 0.012695 0.014599
0 0.312988 0.287591 0.010742 0.017518
0 0.005371 0.268613 0.010742 0.017518
