0 0.930176 0.270435 0.018555 0.040000
0 0.941406 0.513043 0.015625 0.041739
0 0.882812 0.683478 0.013672 0.048696
0 0.798828 0.552174 0.019531 0.040000
0 0.776367 0.373913 0.019531 0.045217
0 0.875977 0.372174 0.019531 0.048696
0 0.663086 0.114783 0.013672 0.034783
0 0.693359 0.166087 0.015625 0.036522
0 0.740723 0.169565 0.016602 0.036522
0 0.800293 0.174783 0.014648 0.036522
0 0.556152 0.061739 0.016602 0.040000
0 0.589844 0.089565 0.017578 0.043478
0 0.644043 0.060000 0.018555 0.036522
0 0.267578 0.453913 0.015625 0.045217
0 0.031738 0.092174 0.018555 0.045217
0 0.120605 0.012174 0.016602 0.024348
0 0.721680 0.025217 0.015625 0.033043
0 0.006348 0.233043 0.012695 0.041739
0 0.126953 0.822609 0.027344 0.045217
