0 0.867188 0.198234 0.025391 0.059390
0 0.740723 0.204655 0.036133 0.075441
0 0.534180 0.211075 0.035156 0.065811
0 0.543457 0.124398 0.024414 0.056180
0 0.426758 0.308186 0.033203 0.073836
0 0.303223 0.357945 0.038086 0.067416
0 0.128906 0.292937 0.033203 0.075441
0 0.935547 0.455859 0.029297 0.067416
0 0.972656 0.335474 0.039062 0.089888
0 0.501953 0.460674 0.031250 0.073836
0 0.008789 0.264045 0.017578 0.062600
0 0.174316 0.154896 0.026367 0.059390
0 0.038574 0.023274 0.020508 0.046549
0 0.010742 0.398074 0.021484 0.057785
0 0.006348 0.116372 0.012695 0.056180
