0 0.138672 0.087891 0.011719 0.027344
0 0.157227 0.093099 0.011719 0.022135
0 0.190918 0.055339 0.010742 0.022135
0 0.191406 0.102865 0.009766 0.020833
0 0.221680 0.108073 0.007812 0.020833
0 0.249023 0.061849 0.011719 0.016927
0 0.263184 0.104818 0.014648 0.019531
0 0.069336 0.375651 0.011719 0.016927
0 0.189941 0.422526 0.018555 0.022135
0 0.174805 0.460286 0.007812 0.022135
0 0.386719 0.383464 0.017578 0.027344
0 0.576172 0.484375 0.027344 0.036458
0 0.507324 0.421875 0.016602 0.020833
0 0.456543 0.410156 0.018555 0.026042
0 0.694336 0.251302 0.013672 0.026042
0 0.809082 0.436198 0.016602 0.023438
0 0.808105 0.503255 0.024414 0.035156
0 0.787109 0.579427 0.013672 0.039062
0 0.850586 0.624349 0.027344 0.040365
0 0.644531 0.500651 0.019531 0.022135
0 0.749512 0.749349 0.026367 0.048177
0 0.382812 0.672526 0.033203 0.050781
0 0.879883 0.435547 0.011719 0.024740
0 0.252930 0.440755 0.011719 0.024740
