0 0.497070 0.297950 0.029297 0.060029
0 0.589355 0.296486 0.026367 0.057101
0 0.673340 0.331625 0.030273 0.051245
0 0.762207 0.331625 0.032227 0.057101
0 0.841309 0.322108 0.028320 0.055637
0 0.933594 0.422401 0.033203 0.054173
0 0.833984 0.557101 0.035156 0.065886
0 0.723145 0.565154 0.038086 0.067350
0 0.625000 0.559297 0.035156 0.061493
0 0.521484 0.563690 0.033203 0.058565
0 0.419922 0.543924 0.033203 0.065886
0 0.314941 0.557101 0.036133 0.065886
0 0.204102 0.557101 0.033203 0.068814
0 0.095703 0.551245 0.041016 0.057101
0 0.131836 0.307467 0.033203 0.058565
0 0.223633 0.318448 0.035156 0.065886
0 0.316895 0.303807 0.032227 0.060029
0 0.405762 0.311127 0.032227 0.057101
