0 0.216309 0.440146 0.047852 0.089051
0 0.348633 0.463504 0.052734 0.094891
0 0.478516 0.521168 0.050781 0.096350
0 0.570801 0.583942 0.049805 0.096350
0 0.648438 0.551825 0.048828 0.087591
0 0.770020 0.230657 0.049805 0.093431
0 0.647461 0.278832 0.048828 0.096350
0 0.566895 0.300730 0.043945 0.087591
0 0.466309 0.278832 0.047852 0.084672
0 0.524902 0.231387 0.047852 0.091971
0 0.403320 0.267883 0.044922 0.071533
0 0.324219 0.227737 0.048828 0.093431
0 0.250488 0.300000 0.049805 0.086131
0 0.711914 0.163504 0.044922 0.084672
0 0.113770 0.459854 0.004883 0.011679
0 0.134277 0.467883 0.004883 0.010219
0 0.019043 0.461314 0.004883 0.017518
0 0.086426 0.481022 0.002930 0.010219
