0 0.371582 0.198770 0.040039 0.094262
0 0.499512 0.277664 0.045898 0.108607
0 0.431641 0.305328 0.013672 0.032787
0 0.456055 0.292008 0.015625 0.038934
0 0.485352 0.351434 0.015625 0.043033
0 0.688965 0.302254 0.016602 0.043033
0 0.749023 0.293033 0.017578 0.045082
0 0.811035 0.300205 0.014648 0.038934
0 0.782715 0.081967 0.014648 0.040984
0 0.831055 0.086066 0.013672 0.036885
0 0.849121 0.073770 0.014648 0.036885
0 0.866211 0.046107 0.015625 0.034836
0 0.885742 0.087090 0.013672 0.030738
0 0.932129 0.068648 0.012695 0.034836
0 0.925781 0.286885 0.021484 0.049180
0 0.994629 0.286885 0.010742 0.049180
0 0.979492 0.245902 0.013672 0.024590
0 0.967285 0.147541 0.014648 0.032787
0 0.997070 0.126025 0.005859 0.030738
0 0.971680 0.067623 0.013672 0.036885
0 0.996582 0.061475 0.006836 0.032787
0 0.957520 0.044057 0.014648 0.030738
0 0.871094 0.224385 0.015625 0.026639
