0 0.431152 0.401615 0.020508 0.036711
0 0.466309 0.389868 0.020508 0.039648
0 0.513672 0.377386 0.023438 0.041116
0 0.038086 0.426579 0.013672 0.027900
0 0.058105 0.398678 0.020508 0.039648
0 0.248535 0.376652 0.020508 0.036711
0 0.141602 0.388399 0.013672 0.027900
0 0.433594 0.632159 0.085938 0.113069
0 0.917480 0.396476 0.022461 0.041116
0 0.803223 0.405286 0.024414 0.035242
0 0.761719 0.391336 0.021484 0.042584
0 0.728027 0.361233 0.020508 0.041116
0 0.676270 0.381791 0.020508 0.038179
0 0.634277 0.395742 0.018555 0.033774
0 0.382812 0.434655 0.021484 0.035242
