0 0.512207 0.200000 0.040039 0.023958
0 0.414551 0.149219 0.034180 0.018229
0 0.270508 0.143229 0.035156 0.019792
0 0.134766 0.195052 0.037109 0.022396
0 0.475098 0.079948 0.032227 0.022396
0 0.553711 0.079167 0.037109 0.022917
0 0.599121 0.154427 0.032227 0.019271
0 0.730957 0.144531 0.036133 0.020313
0 0.878418 0.190625 0.034180 0.026042
0 0.429199 0.381510 0.053711 0.030729
0 0.618652 0.355729 0.051758 0.033333
0 0.519531 0.426823 0.066406 0.038021
0 0.622559 0.458854 0.073242 0.038542
0 0.786621 0.440104 0.057617 0.033333
0 0.519043 0.541406 0.088867 0.058854
0 0.861328 0.335156 0.007812 0.004687
0 0.359375 0.335156 0.009766 0.006771
0 0.869141 0.366667 0.007812 0.006250
