0 0.506836 0.518229 0.009766 0.015625
0 0.233887 0.480469 0.040039 0.072917
0 0.341797 0.421224 0.005859 0.014323
0 0.312012 0.446615 0.006836 0.010417
0 0.326660 0.488281 0.026367 0.044271
0 0.351562 0.494141 0.015625 0.032552
0 0.382812 0.504557 0.013672 0.029948
0 0.432129 0.510417 0.016602 0.028646
0 0.447266 0.494792 0.011719 0.031250
0 0.416016 0.449870 0.005859 0.014323
0 0.496094 0.525391 0.015625 0.022135
0 0.412109 0.497396 0.011719 0.023438
0 0.519043 0.509766 0.010742 0.019531
0 0.530762 0.505208 0.008789 0.013021
0 0.543945 0.508464 0.011719 0.019531
0 0.570801 0.498047 0.010742 0.016927
0 0.480957 0.511068 0.008789 0.016927
0 0.560547 0.521484 0.009766 0.014323
0 0.634766 0.505859 0.007812 0.011719
0 0.949219 0.498047 0.005859 0.014323
0 0.951660 0.514323 0.006836 0.013021
0 0.990723 0.501953 0.004883 0.011719
0 0.969727 0.487630 0.003906 0.011719
0 0.017090 0.522135 0.028320 0.059896
0 0.098633 0.531250 0.027344 0.052083
0 0.068359 0.479818 0.011719 0.027344
0 0.160645 0.392578 0.012695 0.022135
0 0.186523 0.436849 0.007812 0.014323
0 0.203613 0.498047 0.018555 0.032552
0 0.583984 0.513672 0.005859 0.011719
0 0.602051 0.501302 0.004883 0.010417
0 0.725586 0.505208 0.007812 0.007812
0 0.751465 0.511068 0.006836 0.009115
0 0.701172 0.505208 0.005859 0.007812
0 0.688477 0.508464 0.007812 0.011719
0 0.883789 0.508464 0.003906 0.009115
0 0.850098 0.503906 0.004883 0.007812
0 0.808105 0.501953 0.004883 0.006510
0 0.666992 0.508464 0.005859 0.009115
0 0.616699 0.509766 0.004883 0.009115
0 0.709961 0.531901 0.007812 0.011719
