0 0.177246 0.433865 0.012695 0.013546
0 0.065918 0.562948 0.020508 0.023108
0 0.184082 0.619124 0.022461 0.025498
0 0.160156 0.621514 0.015625 0.019124
0 0.691406 0.452191 0.011719 0.013546
0 0.344238 0.697211 0.024414 0.025498
0 0.738281 0.630677 0.021484 0.018327
0 0.614746 0.684462 0.026367 0.022311
0 0.752441 0.437052 0.010742 0.010359
0 0.292480 0.480080 0.008789 0.010359
0 0.279785 0.467729 0.010742 0.009562
0 0.257812 0.366135 0.009766 0.008765
0 0.588379 0.462948 0.008789 0.011155
0 0.982910 0.387649 0.006836 0.007171
0 0.914062 0.429482 0.007812 0.009562
