0 0.348633 0.172414 0.033203 0.045184
0 0.141602 0.208680 0.029297 0.039239
0 0.072266 0.246730 0.037109 0.048751
0 0.038086 0.196195 0.029297 0.045184
0 0.085938 0.199762 0.021484 0.033294
0 0.379883 0.173603 0.031250 0.047562
0 0.535645 0.191439 0.022461 0.049941
0 0.993164 0.164685 0.013672 0.046373
0 0.965332 0.007729 0.012695 0.015458
0 0.911133 0.004162 0.013672 0.008323
0 0.756836 0.214625 0.089844 0.172414
0 0.216309 0.195006 0.110352 0.156956
0 0.933594 0.221760 0.035156 0.051130
0 0.916504 0.167658 0.028320 0.042806
0 0.698730 0.211653 0.034180 0.042806
0 0.498047 0.170630 0.027344 0.043995
0 0.424805 0.177170 0.031250 0.047562
0 0.109863 0.223543 0.024414 0.026159
0 0.664551 0.129608 0.016602 0.028537
