0 0.317871 0.151471 0.004883 0.011765
0 0.350586 0.134559 0.007812 0.016176
0 0.450195 0.186029 0.013672 0.030882
0 0.523438 0.092647 0.017578 0.035294
0 0.521973 0.093382 0.016602 0.036765
0 0.038086 0.188235 0.009766 0.020588
0 0.167480 0.151471 0.002930 0.011765
0 0.235840 0.172059 0.004883 0.011765
0 0.267090 0.141912 0.004883 0.013235
0 0.897461 0.175000 0.009766 0.017647
0 0.111328 0.388235 0.013672 0.023529
0 0.134277 0.442647 0.012695 0.020588
0 0.122559 0.497059 0.016602 0.026471
0 0.144531 0.488971 0.013672 0.022059
