0 0.006836 0.384549 0.013672 0.029514
0 0.044434 0.368056 0.018555 0.027778
0 0.083496 0.383681 0.016602 0.034722
0 0.126465 0.375868 0.018555 0.036458
0 0.171875 0.381076 0.019531 0.039931
0 0.208496 0.398438 0.024414 0.039931
0 0.262207 0.354167 0.022461 0.045139
0 0.323242 0.362847 0.023438 0.048611
0 0.377441 0.368924 0.022461 0.050347
0 0.429199 0.406250 0.028320 0.048611
0 0.486328 0.377604 0.021484 0.046875
0 0.566406 0.404514 0.023438 0.052083
0 0.587891 0.410590 0.015625 0.050347
0 0.642090 0.453125 0.020508 0.041667
0 0.657227 0.386285 0.021484 0.046875
0 0.717773 0.427951 0.015625 0.032986
0 0.762207 0.439236 0.008789 0.017361
0 0.869141 0.431424 0.011719 0.019097
0 0.809082 0.433160 0.012695 0.022569
0 0.833496 0.434028 0.012695 0.024306
0 0.901367 0.432292 0.015625 0.027778
0 0.733398 0.417535 0.011719 0.029514
0 0.691895 0.427951 0.010742 0.026042
0 0.741211 0.427083 0.007812 0.017361
0 0.928223 0.423611 0.016602 0.031250
0 0.421875 0.583333 0.021484 0.048611
