0 0.622070 0.594395 0.041016 0.073746
0 0.813965 0.509587 0.038086 0.089971
0 0.347656 0.941740 0.033203 0.069322
0 0.421875 0.896755 0.029297 0.067847
0 0.513672 0.893805 0.033203 0.061947
0 0.458008 0.920354 0.031250 0.058997
0 0.437012 0.974926 0.028320 0.050147
0 0.193848 0.963864 0.032227 0.066372
0 0.266113 0.961652 0.028320 0.056047
0 0.967773 0.873894 0.042969 0.095870
0 0.765625 0.755162 0.035156 0.076696
0 0.689453 0.919617 0.031250 0.069322
0 0.723145 0.962389 0.047852 0.075221
0 0.789551 0.622419 0.014648 0.032448
0 0.996094 0.670354 0.007812 0.057522
0 0.996094 0.599558 0.005859 0.054572
0 0.555176 0.876844 0.018555 0.057522
0 0.262207 0.896755 0.016602 0.038348
0 0.421387 0.761062 0.018555 0.038348
0 0.311523 0.855457 0.013672 0.035398
0 0.746582 0.707965 0.026367 0.061947
