0 0.032227 0.337714 0.011719 0.018397
0 0.097656 0.377792 0.011719 0.017083
0 0.097168 0.329829 0.010742 0.021025
0 0.176270 0.358739 0.006836 0.018397
0 0.214355 0.354796 0.008789 0.013141
0 0.329102 0.344941 0.015625 0.024967
0 0.465332 0.436268 0.010742 0.021025
0 0.448730 0.336399 0.004883 0.005256
0 0.609863 0.340342 0.006836 0.007884
0 0.598633 0.331800 0.003906 0.006570
0 0.551270 0.335742 0.004883 0.009198
0 0.664062 0.346255 0.003906 0.009198
0 0.617676 0.341656 0.004883 0.005256
0 0.622559 0.409987 0.004883 0.007884
0 0.669922 0.408016 0.005859 0.006570
0 0.728516 0.409330 0.007812 0.009198
0 0.720703 0.334428 0.005859 0.006570
0 0.730469 0.338371 0.003906 0.006570
0 0.784668 0.344941 0.010742 0.024967
0 0.938477 0.356767 0.013672 0.027595
0 0.140625 0.327858 0.013672 0.017083
0 0.712891 0.452694 0.023438 0.019711
0 0.025391 0.356110 0.009766 0.023653
0 0.345215 0.331143 0.006836 0.013141
0 0.889648 0.339028 0.011719 0.021025
0 0.373047 0.335085 0.003906 0.007884
0 0.397461 0.323259 0.003906 0.007884
0 0.348633 0.339028 0.005859 0.010512
0 0.633301 0.330486 0.004883 0.006570
0 0.594727 0.345598 0.003906 0.007884
