0 0.080566 0.047526 0.028320 0.042969
0 0.130371 0.074219 0.010742 0.015625
0 0.146484 0.067057 0.009766 0.014323
0 0.281738 0.057292 0.006836 0.007812
0 0.246582 0.054036 0.006836 0.016927
0 0.347656 0.072266 0.009766 0.011719
0 0.394043 0.020833 0.028320 0.041667
0 0.512695 0.044271 0.013672 0.020833
0 0.452637 0.190755 0.006836 0.016927
0 0.442871 0.050130 0.006836 0.014323
0 0.707520 0.039714 0.006836 0.016927
0 0.771973 0.078125 0.010742 0.023438
0 0.863770 0.098307 0.010742 0.019531
0 0.899902 0.092448 0.008789 0.013021
0 0.951172 0.104818 0.007812 0.011719
0 0.799805 0.054688 0.005859 0.013021
0 0.776367 0.040365 0.005859 0.015625
0 0.655762 0.064453 0.006836 0.014323
0 0.645020 0.038411 0.002930 0.011719
0 0.553223 0.041667 0.006836 0.010417
