0 0.609375 0.600293 0.039062 0.079063
0 0.748047 0.404832 0.019531 0.060029
0 0.682617 0.416545 0.009766 0.021962
0 0.635254 0.397511 0.010742 0.021962
0 0.659668 0.418741 0.010742 0.023426
0 0.861816 0.402635 0.010742 0.023426
0 0.851074 0.407028 0.010742 0.017570
0 0.869629 0.424597 0.010742 0.029283
0 0.508301 0.385798 0.012695 0.024890
0 0.471680 0.392387 0.009766 0.020498
0 0.424316 0.409956 0.012695 0.023426
0 0.434570 0.409224 0.007812 0.019034
0 0.338379 0.431918 0.014648 0.032211
0 0.244629 0.383602 0.014648 0.032211
0 0.219727 0.373353 0.011719 0.029283
0 0.147461 0.407028 0.011719 0.026354
0 0.279785 0.404832 0.012695 0.021962
0 0.146484 0.370425 0.009766 0.026354
0 0.109375 0.317716 0.009766 0.029283
0 0.059082 0.347731 0.010742 0.027818
0 0.107910 0.387262 0.012695 0.042460
