0 0.135254 0.270433 0.053711 0.086538
0 0.213867 0.176082 0.048828 0.075721
0 0.336914 0.235577 0.052734 0.088942
0 0.399414 0.188101 0.044922 0.068510
0 0.494629 0.221154 0.051758 0.088942
0 0.580078 0.315505 0.058594 0.082933
0 0.421387 0.341947 0.063477 0.082933
0 0.255859 0.362380 0.054688 0.068510
0 0.241699 0.483774 0.067383 0.097356
0 0.557129 0.167668 0.045898 0.075721
0 0.640137 0.234375 0.047852 0.062500
0 0.838867 0.256611 0.046875 0.075721
0 0.793457 0.396635 0.055664 0.079327
0 0.707031 0.341947 0.058594 0.087740
0 0.718750 0.548678 0.058594 0.092548
0 0.818848 0.516827 0.065430 0.091346
0 0.621582 0.632212 0.065430 0.086538
0 0.287109 0.585938 0.058594 0.092548
0 0.472168 0.614183 0.063477 0.088942
