0 0.911621 0.288012 0.036133 0.067251
0 0.819824 0.291667 0.032227 0.074561
0 0.704590 0.278509 0.032227 0.065789
0 0.809570 0.460526 0.031250 0.064327
0 0.691895 0.465643 0.036133 0.068713
0 0.603516 0.458333 0.033203 0.065789
0 0.598633 0.292398 0.033203 0.058480
0 0.511230 0.287281 0.032227 0.065789
0 0.495117 0.453947 0.031250 0.068713
0 0.396973 0.458333 0.034180 0.065789
0 0.413086 0.252924 0.031250 0.070175
0 0.287598 0.459795 0.034180 0.068713
0 0.197754 0.445175 0.034180 0.065789
0 0.116699 0.459064 0.032227 0.070175
0 0.121582 0.282164 0.032227 0.064327
0 0.219238 0.277778 0.030273 0.064327
0 0.312500 0.277047 0.029297 0.065789
0 0.471191 0.631579 0.036133 0.070175
