0 0.172852 0.163768 0.076172 0.124638
0 0.375000 0.186957 0.062500 0.118841
0 0.523438 0.157971 0.062500 0.113043
0 0.674805 0.101449 0.052734 0.092754
0 0.843750 0.088406 0.058594 0.107246
0 0.758789 0.182609 0.064453 0.121739
0 0.830078 0.562319 0.062500 0.133333
0 0.678711 0.591304 0.076172 0.133333
0 0.763672 0.665217 0.066406 0.130435
0 0.575195 0.679710 0.068359 0.130435
0 0.502930 0.572464 0.060547 0.118841
0 0.372070 0.730435 0.072266 0.133333
0 0.423828 0.559420 0.070312 0.127536
0 0.295898 0.501449 0.068359 0.139130
0 0.086914 0.537681 0.076172 0.142029
0 0.131836 0.721739 0.068359 0.150725
