0 0.938965 0.420705 0.008789 0.019090
0 0.853027 0.424376 0.004883 0.011747
0 0.806641 0.532305 0.007812 0.016153
0 0.807617 0.522761 0.007812 0.011747
0 0.840820 0.512482 0.005859 0.011747
0 0.673340 0.530103 0.006836 0.017621
0 0.682617 0.506608 0.005859 0.008811
0 0.490723 0.573421 0.008789 0.019090
0 0.586426 0.554332 0.006836 0.016153
0 0.582031 0.580029 0.011719 0.023495
0 0.176758 0.642438 0.015625 0.033774
0 0.326660 0.622614 0.010742 0.026432
0 0.414062 0.681351 0.015625 0.035242
0 0.372559 0.454479 0.002930 0.007342
0 0.344238 0.509545 0.004883 0.008811
0 0.724609 0.582966 0.005859 0.017621
0 0.849609 0.532305 0.003906 0.013216
0 0.179199 0.445668 0.002930 0.007342
0 0.278320 0.510279 0.003906 0.010279
0 0.306152 0.544053 0.004883 0.010279
