0 0.847168 0.568182 0.018555 0.036657
0 0.831055 0.534457 0.013672 0.027859
0 0.731934 0.518328 0.012695 0.027859
0 0.709473 0.576246 0.016602 0.038123
0 0.904297 0.437683 0.007812 0.016129
0 0.906250 0.480205 0.007812 0.010264
0 0.829590 0.382698 0.006836 0.014663
0 0.547852 0.582111 0.015625 0.032258
0 0.543457 0.524927 0.014648 0.026393
0 0.578125 0.501466 0.013672 0.026393
0 0.588379 0.468475 0.010742 0.021994
0 0.451172 0.486804 0.013672 0.023460
0 0.453613 0.594575 0.014648 0.030792
0 0.413086 0.505865 0.011719 0.026393
0 0.374512 0.587243 0.018555 0.036657
0 0.329590 0.571114 0.012695 0.027859
0 0.674805 0.447214 0.007812 0.017595
0 0.270996 0.597507 0.016602 0.030792
0 0.281250 0.491935 0.011719 0.024927
0 0.111328 0.620235 0.011719 0.032258
0 0.038574 0.707478 0.018555 0.039589
0 0.415039 0.740469 0.013672 0.043988
