0 0.477539 0.297218 0.048828 0.111274
0 0.658203 0.385798 0.048828 0.106881
0 0.807129 0.411420 0.022461 0.043924
0 0.755371 0.439239 0.018555 0.035139
0 0.926270 0.383602 0.026367 0.046852
0 0.960938 0.401171 0.017578 0.032211
0 0.859375 0.418009 0.017578 0.030747
0 0.018555 0.398975 0.015625 0.039531
0 0.050293 0.392387 0.016602 0.032211
0 0.076172 0.393119 0.013672 0.030747
0 0.115723 0.368960 0.018555 0.040996
0 0.151367 0.382870 0.017578 0.042460
0 0.222656 0.414348 0.017578 0.029283
0 0.227051 0.380673 0.016602 0.029283
0 0.275391 0.365300 0.015625 0.036603
0 0.991211 0.409956 0.017578 0.040996
0 0.626465 0.392387 0.014648 0.029283
0 0.569824 0.379209 0.016602 0.035139
0 0.588867 0.391654 0.015625 0.030747
0 0.339355 0.380673 0.014648 0.020498
