0 0.755859 0.204678 0.007812 0.017544
0 0.461914 0.221491 0.011719 0.019006
0 0.492188 0.236111 0.009766 0.016082
0 0.472168 0.190789 0.010742 0.019006
0 0.433594 0.214181 0.009766 0.019006
0 0.432129 0.177632 0.008789 0.019006
0 0.456055 0.176170 0.009766 0.019006
0 0.476074 0.105994 0.008789 0.019006
0 0.455566 0.114766 0.008789 0.019006
0 0.434082 0.133772 0.008789 0.016082
0 0.418945 0.150585 0.009766 0.020468
0 0.419434 0.122807 0.008789 0.020468
0 0.418945 0.054825 0.007812 0.016082
0 0.412109 0.065789 0.007812 0.020468
0 0.409180 0.088450 0.003906 0.013158
0 0.416016 0.084795 0.007812 0.014620
0 0.447266 0.055556 0.009766 0.014620
0 0.446777 0.008772 0.008789 0.017544
0 0.469238 0.036550 0.008789 0.020468
0 0.483887 0.042398 0.010742 0.020468
0 0.466797 0.058480 0.009766 0.014620
0 0.508301 0.054825 0.010742 0.016082
0 0.533691 0.070906 0.008789 0.019006
0 0.554199 0.047515 0.006836 0.013158
0 0.565918 0.005117 0.008789 0.010234
0 0.524414 0.189327 0.009766 0.019006
0 0.592285 0.018275 0.010742 0.019006
0 0.304688 0.008772 0.007812 0.014620
0 0.282227 0.008041 0.007812 0.013158
0 0.319336 0.006579 0.009766 0.013158
0 0.792480 0.006579 0.008789 0.013158
0 0.744629 0.047515 0.006836 0.016082
0 0.749023 0.016813 0.005859 0.016082
0 0.812012 0.067982 0.008789 0.016082
0 0.825684 0.135965 0.008789 0.017544
0 0.870117 0.138158 0.009766 0.019006
0 0.883301 0.152047 0.006836 0.017544
0 0.844238 0.239766 0.010742 0.020468
0 0.826172 0.225146 0.011719 0.023392
0 0.815430 0.220760 0.007812 0.020468
0 0.112305 0.107456 0.007812 0.016082
0 0.117676 0.073099 0.008789 0.017544
0 0.045410 0.170322 0.006836 0.013158
0 0.803711 0.139620 0.007812 0.016082
0 0.816895 0.135965 0.006836 0.017544
0 0.816895 0.206871 0.008789 0.013158
0 0.689941 0.170322 0.008789 0.019006
0 0.673828 0.177632 0.007812 0.016082
0 0.724121 0.157895 0.010742 0.017544
0 0.786133 0.233918 0.009766 0.020468
0 0.755859 0.269737 0.007812 0.019006
0 0.747559 0.274123 0.008789 0.019006
0 0.711426 0.269737 0.008789 0.021930
0 0.694336 0.272661 0.009766 0.019006
0 0.681641 0.211988 0.009766 0.020468
0 0.750000 0.092836 0.009766 0.019006
0 0.774902 0.078947 0.008789 0.017544
0 0.728516 0.219298 0.009766 0.020468
0 0.731934 0.178363 0.010742 0.017544
0 0.148926 0.163012 0.006836 0.013158
0 0.140625 0.130117 0.007812 0.017544
0 0.148926 0.079678 0.006836 0.013158
0 0.135254 0.077485 0.006836 0.011696
0 0.041504 0.069444 0.006836 0.013158
0 0.026855 0.088450 0.006836 0.016082
0 0.048340 0.122076 0.006836 0.013158
0 0.084961 0.070906 0.005859 0.013158
0 0.101074 0.076023 0.006836 0.014620
0 0.095703 0.111842 0.007812 0.016082
0 0.096191 0.064327 0.006836 0.014620
0 0.024902 0.062865 0.002930 0.014620
0 0.155762 0.139620 0.004883 0.016082
0 0.027832 0.180556 0.008789 0.019006
0 0.003906 0.367690 0.007812 0.021930
0 0.007812 0.525585 0.005859 0.013158
0 0.017578 0.504386 0.011719 0.011696
0 0.968262 0.152778 0.010742 0.019006
0 0.984863 0.086988 0.008789 0.019006
0 0.968750 0.089181 0.009766 0.020468
0 0.978027 0.026316 0.010742 0.020468
0 0.952148 0.035819 0.009766 0.016082
0 0.320312 0.171784 0.009766 0.019006
0 0.286621 0.174708 0.008789 0.016082
0 0.283203 0.132310 0.009766 0.016082
0 0.220215 0.141082 0.008789 0.016082
0 0.273926 0.176901 0.008789 0.014620
0 0.264648 0.203947 0.009766 0.016082
0 0.242676 0.203947 0.010742 0.016082
0 0.256348 0.172515 0.008789 0.017544
0 0.238770 0.174708 0.008789 0.016082
0 0.213867 0.157895 0.009766 0.014620
0 0.187500 0.173246 0.009766 0.016082
0 0.197754 0.149854 0.006836 0.013158
0 0.190918 0.152778 0.006836 0.013158
0 0.175781 0.209064 0.007812 0.011696
0 0.180664 0.140351 0.007812 0.011696
0 0.008789 0.065058 0.005859 0.013158
0 0.006348 0.024123 0.004883 0.010234
0 0.011230 0.106725 0.006836 0.011696
0 0.003906 0.092105 0.007812 0.014620
0 0.013672 0.153509 0.007812 0.014620
0 0.090820 0.013158 0.007812 0.014620
0 0.102051 0.010965 0.006836 0.013158
0 0.117188 0.014620 0.007812 0.017544
0 0.138184 0.010965 0.006836 0.013158
0 0.157227 0.008772 0.007812 0.011696
0 0.164062 0.021930 0.009766 0.017544
0 0.167480 0.073830 0.006836 0.013158
0 0.165039 0.128655 0.007812 0.011696
0 0.515137 0.112573 0.008789 0.020468
0 0.498047 0.113304 0.009766 0.019006
0 0.544922 0.117690 0.009766 0.019006
0 0.561035 0.128655 0.008789 0.017544
0 0.580078 0.127924 0.007812 0.019006
0 0.620117 0.129386 0.009766 0.019006
0 0.773926 0.214181 0.008789 0.021930
0 0.762207 0.209795 0.006836 0.019006
0 0.765137 0.230263 0.008789 0.016082
0 0.788086 0.200292 0.009766 0.020468
0 0.801758 0.204678 0.009766 0.020468
0 0.752930 0.446637 0.019531 0.033626
0 0.632324 0.467836 0.020508 0.038012
0 0.514648 0.370614 0.015625 0.024854
0 0.637695 0.334795 0.015625 0.032164
0 0.291504 0.329678 0.010742 0.021930
0 0.231934 0.306287 0.012695 0.027778
0 0.177246 0.276316 0.012695 0.026316
0 0.034180 0.345029 0.009766 0.020468
0 0.074219 0.344298 0.013672 0.027778
0 0.086426 0.561404 0.014648 0.038012
0 0.065430 0.538012 0.013672 0.040936
0 0.857910 0.158626 0.010742 0.024854
0 0.883301 0.184211 0.010742 0.023392
0 0.872559 0.176901 0.010742 0.020468
0 0.837891 0.169591 0.009766 0.023392
0 0.835449 0.151316 0.010742 0.019006
0 0.856445 0.063596 0.009766 0.021930
0 0.886230 0.072368 0.008789 0.021930
0 0.874512 0.075292 0.008789 0.019006
0 0.889160 0.018275 0.008789 0.019006
0 0.844238 0.011696 0.008789 0.017544
0 0.829590 0.019006 0.008789 0.017544
0 0.741211 0.127193 0.007812 0.017544
0 0.712402 0.124269 0.008789 0.017544
0 0.688477 0.129386 0.009766 0.019006
0 0.703613 0.082602 0.008789 0.016082
0 0.689941 0.067251 0.008789 0.020468
0 0.687988 0.016813 0.008789 0.016082
0 0.706055 0.012427 0.007812 0.016082
0 0.728516 0.016813 0.007812 0.016082
0 0.757324 0.016082 0.010742 0.020468
0 0.775879 0.013889 0.008789 0.016082
0 0.811523 0.008041 0.007812 0.016082
0 0.052734 0.036550 0.005859 0.014620
0 0.061523 0.127193 0.007812 0.017544
0 0.070801 0.128655 0.006836 0.014620
0 0.073242 0.166667 0.005859 0.014620
0 0.083008 0.157895 0.007812 0.014620
0 0.121582 0.156433 0.006836 0.014620
0 0.103027 0.149854 0.006836 0.016082
0 0.212402 0.017544 0.006836 0.008772
0 0.286621 0.041667 0.008789 0.016082
0 0.307129 0.046784 0.008789 0.014620
0 0.269531 0.017544 0.007812 0.008772
0 0.248535 0.016082 0.006836 0.005848
0 0.333496 0.043129 0.008789 0.016082
0 0.342285 0.107456 0.008789 0.016082
0 0.376953 0.089181 0.007812 0.014620
0 0.392090 0.086988 0.006836 0.016082
0 0.377441 0.129386 0.008789 0.016082
0 0.376465 0.173246 0.008789 0.019006
0 0.399902 0.136696 0.008789 0.019006
0 0.385742 0.191520 0.007812 0.017544
0 0.356445 0.221491 0.009766 0.016082
0 0.342773 0.215643 0.009766 0.013158
0 0.346680 0.148392 0.009766 0.019006
0 0.319336 0.099415 0.009766 0.017544
0 0.303711 0.119152 0.005859 0.013158
0 0.325684 0.126462 0.008789 0.016082
0 0.332031 0.121345 0.005859 0.011696
0 0.356445 0.099415 0.007812 0.014620
0 0.352051 0.022661 0.008789 0.013158
0 0.328613 0.021199 0.008789 0.016082
0 0.641602 0.135965 0.007812 0.020468
0 0.659668 0.216374 0.008789 0.017544
0 0.640625 0.222953 0.011719 0.021930
0 0.650391 0.189327 0.009766 0.019006
0 0.662598 0.145468 0.008789 0.019006
0 0.654785 0.113304 0.006836 0.013158
0 0.668457 0.093567 0.008789 0.017544
0 0.648926 0.006579 0.008789 0.013158
0 0.669434 0.050439 0.008789 0.016082
0 0.620605 0.045322 0.010742 0.020468
0 0.624023 0.078216 0.007812 0.019006
0 0.601562 0.103070 0.009766 0.019006
0 0.575684 0.088450 0.008789 0.016082
0 0.599121 0.176170 0.010742 0.019006
0 0.615723 0.211988 0.010742 0.020468
0 0.598633 0.206871 0.009766 0.019006
0 0.930664 0.101608 0.011719 0.021930
0 0.958008 0.086257 0.009766 0.017544
0 0.988281 0.249269 0.011719 0.021930
0 0.961426 0.208333 0.010742 0.021930
0 0.935059 0.226608 0.010742 0.017544
0 0.929199 0.179094 0.010742 0.019006
0 0.912598 0.166667 0.012695 0.020468
0 0.917480 0.144737 0.008789 0.017544
0 0.922852 0.095029 0.011719 0.023392
0 0.906250 0.100877 0.009766 0.020468
0 0.927246 0.015351 0.010742 0.010234
0 0.903809 0.203947 0.012695 0.019006
0 0.901855 0.145468 0.006836 0.013158
0 0.896484 0.130117 0.007812 0.011696
0 0.916992 0.300439 0.009766 0.019006
0 0.901855 0.292398 0.008789 0.017544
0 0.933105 0.296784 0.010742 0.020468
0 0.189941 0.027778 0.006836 0.011696
0 0.182617 0.077485 0.007812 0.011696
0 0.193359 0.076754 0.007812 0.013158
0 0.205078 0.078947 0.007812 0.014620
0 0.217285 0.081871 0.008789 0.014620
0 0.238281 0.091374 0.007812 0.016082
0 0.258301 0.100146 0.008789 0.013158
0 0.273926 0.095029 0.008789 0.014620
0 0.262207 0.081140 0.006836 0.013158
0 0.244629 0.078216 0.006836 0.013158
0 0.232910 0.072368 0.008789 0.013158
0 0.228027 0.022661 0.008789 0.013158
0 0.340820 0.017544 0.007812 0.008772
0 0.403809 0.086988 0.004883 0.013158
0 0.583496 0.198099 0.008789 0.016082
0 0.560059 0.209064 0.012695 0.020468
0 0.545898 0.233187 0.009766 0.016082
0 0.556152 0.171784 0.010742 0.021930
0 0.532715 0.198099 0.010742 0.019006
0 0.506836 0.187135 0.007812 0.020468
