0 0.904297 0.693431 0.019531 0.046715
0 0.951660 0.598540 0.012695 0.023358
0 0.911133 0.527737 0.011719 0.016058
0 0.849121 0.620438 0.016602 0.032117
0 0.835938 0.597810 0.011719 0.021898
0 0.814453 0.587591 0.009766 0.021898
0 0.782715 0.570803 0.010742 0.017518
0 0.734375 0.576642 0.009766 0.020438
0 0.785645 0.496350 0.006836 0.014599
0 0.802734 0.500730 0.005859 0.011679
0 0.615234 0.512409 0.007812 0.014599
0 0.567871 0.500000 0.006836 0.013139
0 0.531250 0.540876 0.005859 0.016058
0 0.557129 0.534307 0.006836 0.017518
0 0.499023 0.577372 0.009766 0.018978
0 0.222656 0.597810 0.013672 0.027737
0 0.264648 0.648175 0.011719 0.035036
0 0.202148 0.508759 0.009766 0.013139
0 0.215820 0.489051 0.007812 0.014599
0 0.283203 0.495620 0.007812 0.013139
0 0.257812 0.500000 0.005859 0.013139
0 0.119141 0.516058 0.007812 0.016058
0 0.097656 0.483212 0.005859 0.011679
0 0.098633 0.517518 0.005859 0.013139
0 0.025391 0.726277 0.017578 0.030657
0 0.038574 0.735036 0.014648 0.030657
0 0.312012 0.640876 0.014648 0.029197
0 0.323730 0.546715 0.008789 0.018978
0 0.268066 0.538686 0.006836 0.014599
0 0.391602 0.686861 0.011719 0.027737
0 0.443848 0.685401 0.012695 0.033577
0 0.535645 0.663504 0.012695 0.021898
0 0.635254 0.699270 0.010742 0.029197
0 0.662598 0.629197 0.012695 0.026277
0 0.538086 0.536496 0.005859 0.013139
0 0.722656 0.542336 0.007812 0.018978
0 0.755371 0.525547 0.006836 0.014599
0 0.350098 0.497810 0.006836 0.014599
0 0.228027 0.454015 0.004883 0.008759
0 0.216797 0.462044 0.005859 0.010219
0 0.123047 0.467153 0.005859 0.011679
0 0.204590 0.465693 0.004883 0.008759
0 0.231445 0.482482 0.007812 0.016058
0 0.640137 0.521168 0.006836 0.011679
0 0.683105 0.478102 0.004883 0.010219
0 0.716797 0.507299 0.005859 0.013139
0 0.739258 0.486131 0.007812 0.011679
0 0.727051 0.443796 0.006836 0.014599
0 0.490234 0.468613 0.005859 0.011679
0 0.472656 0.575182 0.009766 0.017518
0 0.551270 0.549635 0.006836 0.013139
0 0.135742 0.598540 0.009766 0.017518
0 0.250977 0.481022 0.005859 0.013139
0 0.314453 0.462044 0.005859 0.013139
0 0.297852 0.456204 0.005859 0.010219
0 0.055664 0.712409 0.017578 0.040876
0 0.829102 0.510949 0.005859 0.011679
0 0.684082 0.527007 0.006836 0.011679
0 0.894043 0.532117 0.006836 0.016058
