0 0.918457 0.140625 0.034180 0.083333
0 0.794922 0.184028 0.039062 0.076389
0 0.987793 0.029514 0.022461 0.059028
0 0.926270 0.046875 0.030273 0.069444
0 0.879395 0.029514 0.030273 0.059028
0 0.820801 0.034722 0.034180 0.069444
0 0.766602 0.071181 0.021484 0.052083
0 0.695801 0.135417 0.030273 0.072917
0 0.634766 0.118924 0.035156 0.078125
0 0.694336 0.059896 0.019531 0.039931
0 0.493652 0.131944 0.032227 0.062500
0 0.559570 0.037326 0.029297 0.064236
0 0.516113 0.041667 0.028320 0.069444
0 0.427734 0.036458 0.037109 0.065972
0 0.383789 0.057292 0.025391 0.065972
0 0.345703 0.136285 0.025391 0.071181
0 0.266602 0.045139 0.027344 0.065972
0 0.263672 0.148438 0.035156 0.078125
0 0.207520 0.193576 0.034180 0.043403
0 0.141113 0.128472 0.026367 0.069444
0 0.125977 0.050347 0.029297 0.059028
0 0.093750 0.046875 0.021484 0.045139
0 0.066406 0.146701 0.021484 0.046875
0 0.024902 0.049479 0.030273 0.067708
