0 0.910645 0.540816 0.038086 0.084548
0 0.840332 0.610787 0.032227 0.072886
0 0.705566 0.583819 0.043945 0.083090
0 0.365723 0.442420 0.096680 0.182216
0 0.501465 0.615160 0.038086 0.075802
0 0.578613 0.614431 0.038086 0.083090
0 0.152832 0.601312 0.041992 0.086006
0 0.045898 0.599125 0.041016 0.084548
0 0.979492 0.148688 0.041016 0.104956
0 0.953125 0.032799 0.031250 0.056851
0 0.884277 0.150875 0.045898 0.088921
0 0.773438 0.135569 0.033203 0.078717
0 0.711426 0.151603 0.038086 0.075802
0 0.781738 0.029155 0.040039 0.058309
0 0.687012 0.021866 0.038086 0.043732
0 0.586914 0.024052 0.035156 0.048105
0 0.528809 0.018950 0.034180 0.037901
0 0.458008 0.045918 0.033203 0.062682
0 0.367676 0.111516 0.043945 0.080175
0 0.290527 0.133382 0.041992 0.086006
0 0.164551 0.126822 0.045898 0.104956
0 0.100586 0.123178 0.039062 0.077259
0 0.020508 0.124636 0.031250 0.088921
