0 0.938477 0.042969 0.013672 0.031250
0 0.837402 0.040365 0.022461 0.041667
0 0.609863 0.188151 0.079102 0.069010
0 0.670410 0.053385 0.026367 0.039062
0 0.613281 0.038411 0.025391 0.037760
0 0.591797 0.020833 0.017578 0.026042
0 0.552246 0.037109 0.026367 0.029948
0 0.499023 0.044922 0.025391 0.029948
0 0.393066 0.047526 0.022461 0.040365
0 0.366211 0.029948 0.025391 0.033854
0 0.333496 0.046875 0.024414 0.031250
0 0.296875 0.013672 0.015625 0.016927
0 0.222656 0.029948 0.031250 0.049479
0 0.143555 0.012370 0.021484 0.024740
