0 0.970215 0.876471 0.020508 0.032353
0 0.820801 0.816176 0.006836 0.014706
0 0.832031 0.800000 0.005859 0.014706
0 0.811523 0.784559 0.007812 0.013235
0 0.618652 0.972794 0.022461 0.036765
0 0.519531 0.924265 0.029297 0.045588
0 0.646484 0.841176 0.005859 0.014706
0 0.659180 0.844853 0.007812 0.013235
0 0.670898 0.825735 0.005859 0.010294
0 0.625000 0.854412 0.007812 0.014706
0 0.612305 0.859559 0.007812 0.016176
0 0.677246 0.883824 0.006836 0.017647
0 0.873047 0.938971 0.021484 0.066176
0 0.863770 0.766176 0.006836 0.011765
0 0.870117 0.764706 0.005859 0.011765
0 0.914551 0.778676 0.008789 0.013235
