0 0.972656 0.329795 0.017578 0.015373
0 0.908691 0.333821 0.010742 0.011713
0 0.895996 0.336018 0.006836 0.011713
0 0.811523 0.319912 0.011719 0.011713
0 0.749023 0.304905 0.015625 0.013909
0 0.773438 0.308565 0.011719 0.010981
0 0.659180 0.341142 0.035156 0.030747
0 0.585938 0.293192 0.011719 0.010981
0 0.562988 0.295754 0.012695 0.013177
0 0.496094 0.301245 0.013672 0.015373
0 0.412109 0.292826 0.015625 0.014641
0 0.165039 0.232064 0.015625 0.016105
0 0.093262 0.260615 0.014648 0.016105
0 0.014160 0.234261 0.012695 0.013177
