0 0.905273 0.327233 0.013672 0.011713
0 0.660645 0.331991 0.012695 0.012445
0 0.676758 0.303807 0.007812 0.007321
0 0.581543 0.320644 0.014648 0.016105
0 0.552734 0.390556 0.027344 0.028551
0 0.519531 0.366398 0.011719 0.012445
0 0.616211 0.366032 0.011719 0.010249
0 0.497559 0.368228 0.012695 0.013177
0 0.380859 0.368228 0.011719 0.013177
0 0.333496 0.334187 0.008789 0.012445
0 0.305176 0.319546 0.008789 0.009517
0 0.288574 0.361274 0.008789 0.010981
0 0.212891 0.332357 0.011719 0.013177
0 0.224121 0.365666 0.010742 0.010981
0 0.160156 0.362738 0.009766 0.010981
0 0.119629 0.340776 0.010742 0.013909
0 0.020996 0.335286 0.014648 0.010249
0 0.907715 0.369327 0.016602 0.016837
0 0.433105 0.360542 0.010742 0.010981
