0 0.305176 0.278163 0.071289 0.077990
0 0.084961 0.080589 0.021484 0.050260
0 0.156738 0.088388 0.022461 0.058925
0 0.107422 0.060659 0.021484 0.051993
0 0.129883 0.057192 0.021484 0.045061
0 0.230469 0.079723 0.019531 0.048527
0 0.306152 0.092721 0.022461 0.057192
0 0.433105 0.134315 0.016602 0.043328
0 0.374023 0.110919 0.017578 0.045061
0 0.649902 0.185442 0.020508 0.058925
0 0.701660 0.136915 0.022461 0.045061
0 0.745605 0.179376 0.018555 0.039861
0 0.752930 0.201040 0.019531 0.031196
0 0.721680 0.174177 0.017578 0.046794
0 0.809570 0.192374 0.017578 0.045061
0 0.850586 0.168111 0.017578 0.051993
0 0.897949 0.172444 0.022461 0.057192
0 0.948730 0.199307 0.016602 0.041594
0 0.968262 0.142114 0.020508 0.041594
0 0.841797 0.035529 0.017578 0.032929
0 0.925781 0.168111 0.017578 0.048527
