0 0.208496 0.306569 0.028320 0.046715
0 0.301270 0.313869 0.022461 0.043796
0 0.392578 0.305109 0.025391 0.043796
0 0.499512 0.307299 0.022461 0.045255
0 0.587402 0.307299 0.024414 0.045255
0 0.686523 0.295620 0.025391 0.045255
0 0.774414 0.307299 0.025391 0.045255
0 0.892090 0.278102 0.030273 0.039416
0 0.166992 0.509489 0.025391 0.049635
0 0.305664 0.493431 0.025391 0.052555
0 0.437500 0.486131 0.027344 0.049635
0 0.562012 0.491971 0.028320 0.046715
0 0.681641 0.489781 0.027344 0.048175
0 0.820312 0.497080 0.029297 0.054015
0 0.107422 0.286131 0.027344 0.046715
