0 0.835449 0.672767 0.020508 0.051245
0 0.496094 0.732064 0.011719 0.029283
0 0.519531 0.698389 0.015625 0.029283
0 0.086914 0.784041 0.017578 0.062958
0 0.144531 0.808931 0.015625 0.054173
0 0.126465 0.711567 0.006836 0.014641
0 0.067871 0.770132 0.012695 0.020498
0 0.064941 0.803075 0.012695 0.021962
0 0.494629 0.273060 0.024414 0.051245
0 0.673828 0.232064 0.029297 0.057101
0 0.040527 0.795754 0.016602 0.030747
0 0.947266 0.948023 0.097656 0.103953
0 0.727051 0.915081 0.079102 0.149341
0 0.985840 0.763543 0.028320 0.074671
0 0.894531 0.685212 0.039062 0.040996
0 0.571289 0.784041 0.050781 0.109810
0 0.708008 0.767204 0.029297 0.046852
0 0.691895 0.693265 0.026367 0.033675
0 0.736816 0.718155 0.024414 0.042460
0 0.979980 0.690337 0.040039 0.060029
0 0.389648 0.880673 0.025391 0.051245
0 0.151367 0.972182 0.070312 0.055637
0 0.422852 0.797218 0.023438 0.027818
0 0.448730 0.742313 0.020508 0.038067
0 0.262207 0.830161 0.032227 0.055637
0 0.216309 0.808199 0.016602 0.032211
0 0.354980 0.735725 0.014648 0.027818
0 0.786621 0.695461 0.014648 0.032211
0 0.240723 0.713763 0.010742 0.019034
0 0.287598 0.754026 0.010742 0.020498
0 0.330566 0.765739 0.012695 0.020498
0 0.256836 0.751098 0.011719 0.023426
0 0.280273 0.702782 0.009766 0.014641
0 0.266602 0.718155 0.013672 0.021962
0 0.221191 0.702782 0.012695 0.020498
0 0.327637 0.722548 0.010742 0.016105
0 0.470215 0.797950 0.014648 0.040996
0 0.458984 0.933382 0.033203 0.071742
0 0.405273 0.754026 0.011719 0.023426
0 0.416992 0.711567 0.011719 0.029283
0 0.673828 0.705710 0.015625 0.026354
0 0.806152 0.694729 0.032227 0.045388
0 0.152832 0.724744 0.010742 0.020498
0 0.307617 0.785505 0.013672 0.024890
0 0.205078 0.704246 0.009766 0.017570
0 0.251953 0.721816 0.009766 0.014641
0 0.293457 0.837482 0.016602 0.029283
0 0.429688 0.866764 0.035156 0.052709
0 0.377441 0.726940 0.008789 0.019034
0 0.395020 0.705710 0.010742 0.023426
0 0.355469 0.712299 0.011719 0.021962
