0 0.956543 0.541992 0.028320 0.020182
0 0.863770 0.572266 0.049805 0.031250
0 0.788574 0.533854 0.028320 0.023438
0 0.601074 0.544596 0.043945 0.030599
0 0.486328 0.554036 0.035156 0.029948
0 0.253906 0.556966 0.058594 0.043620
0 0.363281 0.550130 0.017578 0.016927
0 0.424805 0.536458 0.017578 0.015625
0 0.108398 0.557292 0.027344 0.020833
0 0.182617 0.567057 0.031250 0.023438
0 0.402832 0.596354 0.030273 0.023438
0 0.704590 0.544271 0.016602 0.013021
0 0.540527 0.551758 0.014648 0.013672
0 0.204102 0.533203 0.007812 0.007812
