0 0.251465 0.824415 0.016602 0.056856
0 0.266602 0.589465 0.015625 0.038462
0 0.400391 0.626254 0.005859 0.041806
0 0.461426 0.561873 0.012695 0.033445
0 0.425781 0.587793 0.013672 0.031773
0 0.474609 0.646321 0.013672 0.031773
0 0.450684 0.639632 0.012695 0.031773
0 0.516602 0.563545 0.013672 0.030100
0 0.530273 0.626254 0.013672 0.028428
0 0.561523 0.633779 0.011719 0.030100
0 0.651367 0.741639 0.015625 0.041806
0 0.840332 0.585284 0.016602 0.036789
0 0.887207 0.635452 0.020508 0.046823
0 0.748535 0.577759 0.014648 0.038462
0 0.770020 0.661371 0.020508 0.051839
0 0.800781 0.698161 0.017578 0.051839
0 0.814453 0.599498 0.011719 0.025084
0 0.983398 0.653846 0.021484 0.050167
0 0.778320 0.552676 0.007812 0.015050
