0 0.660645 0.477852 0.014648 0.032215
0 0.606445 0.446980 0.013672 0.026846
0 0.719238 0.385906 0.012695 0.025503
0 0.633789 0.355034 0.013672 0.028188
0 0.735352 0.289262 0.011719 0.020134
0 0.699219 0.287919 0.009766 0.017450
0 0.690918 0.277852 0.008789 0.016107
0 0.720703 0.308725 0.011719 0.018792
0 0.670410 0.257718 0.008789 0.013423
0 0.656250 0.248993 0.007812 0.014765
0 0.574219 0.353020 0.011719 0.024161
0 0.556152 0.288591 0.010742 0.018792
0 0.614746 0.212752 0.006836 0.012081
0 0.588867 0.187919 0.005859 0.010738
0 0.505371 0.302685 0.010742 0.020134
0 0.547363 0.205369 0.006836 0.013423
0 0.317871 0.186577 0.006836 0.010738
0 0.299316 0.205369 0.006836 0.013423
0 0.205566 0.226174 0.006836 0.012081
0 0.143555 0.299329 0.009766 0.018792
0 0.101074 0.315436 0.010742 0.016107
0 0.095703 0.367114 0.013672 0.025503
0 0.117188 0.410067 0.013672 0.022819
0 0.020508 0.441611 0.013672 0.026846
0 0.065430 0.446980 0.011719 0.024161
0 0.129883 0.454362 0.013672 0.030872
0 0.076172 0.548322 0.017578 0.030872
0 0.053711 0.569128 0.019531 0.040268
0 0.620605 0.694631 0.014648 0.041611
0 0.955078 0.010738 0.013672 0.021477
0 0.893555 0.256376 0.007812 0.013423
0 0.666016 0.025503 0.005859 0.010738
0 0.683105 0.025503 0.006836 0.013423
0 0.796387 0.021477 0.010742 0.016107
0 0.851562 0.020805 0.013672 0.025503
0 0.886230 0.014765 0.014648 0.021477
0 0.930176 0.930872 0.038086 0.073826
0 0.905273 0.765772 0.019531 0.049664
0 0.833008 0.437584 0.017578 0.026846
0 0.782715 0.459060 0.016602 0.029530
0 0.835449 0.382550 0.014648 0.032215
0 0.800293 0.391275 0.014648 0.025503
0 0.823242 0.353691 0.009766 0.020134
0 0.756836 0.371141 0.013672 0.025503
0 0.773438 0.329530 0.011719 0.020134
0 0.643555 0.206040 0.007812 0.012081
0 0.504883 0.202013 0.005859 0.012081
0 0.584961 0.399329 0.011719 0.022819
0 0.660645 0.325503 0.010742 0.020134
0 0.679688 0.352349 0.011719 0.025503
0 0.671387 0.333557 0.010742 0.020134
0 0.182617 0.325503 0.011719 0.017450
0 0.162109 0.337584 0.015625 0.022819
0 0.144043 0.336913 0.010742 0.021477
0 0.017578 0.489262 0.011719 0.025503
0 0.521973 0.212081 0.006836 0.010738
0 0.536133 0.227517 0.009766 0.020134
0 0.593750 0.332886 0.009766 0.018792
0 0.628906 0.302013 0.009766 0.016107
0 0.677246 0.393289 0.012695 0.018792
0 0.763672 0.316107 0.009766 0.017450
0 0.772949 0.284564 0.010742 0.021477
0 0.578125 0.206040 0.005859 0.012081
0 0.574707 0.241611 0.008789 0.010738
0 0.628906 0.262416 0.007812 0.012081
0 0.620605 0.237584 0.006836 0.010738
0 0.513184 0.281208 0.008789 0.012081
0 0.803711 0.579195 0.025391 0.041611
0 0.875488 0.541611 0.026367 0.033557
0 0.648926 0.287248 0.010742 0.018792
