0 0.129395 0.349817 0.024414 0.027106
0 0.191406 0.335897 0.017578 0.022711
0 0.706055 0.375824 0.023438 0.023443
0 0.665527 0.366667 0.018555 0.015385
0 0.381348 0.491575 0.022461 0.029304
0 0.400879 0.481319 0.038086 0.027839
0 0.449707 0.473626 0.040039 0.043223
0 0.497070 0.517216 0.046875 0.046886
0 0.767578 0.589011 0.080078 0.099634
0 0.847168 0.376190 0.026367 0.027106
0 0.937988 0.447619 0.030273 0.033700
0 0.114746 0.547253 0.065430 0.060073
0 0.114258 0.460440 0.029297 0.031502
0 0.114746 0.756777 0.116211 0.118681
