0 0.879883 0.615085 0.042969 0.075423
0 0.502441 0.603381 0.041992 0.072822
0 0.243652 0.702211 0.065430 0.109233
0 0.040527 0.694408 0.065430 0.088427
0 0.136230 0.563719 0.026367 0.040312
0 0.049316 0.576723 0.026367 0.045514
0 0.219727 0.546164 0.017578 0.028609
0 0.135254 0.622887 0.028320 0.046814
0 0.096680 0.624187 0.035156 0.059818
0 0.410645 0.581274 0.030273 0.052016
0 0.389648 0.618336 0.023438 0.048114
0 0.454102 0.555267 0.021484 0.033810
0 0.382812 0.552666 0.019531 0.031209
0 0.336914 0.569571 0.021484 0.039012
0 0.268066 0.526008 0.014648 0.027308
0 0.299805 0.531209 0.011719 0.022107
0 0.666992 0.579324 0.058594 0.107932
0 0.600098 0.654746 0.088867 0.126138
0 0.581543 0.525358 0.020508 0.031209
0 0.047363 0.524707 0.014648 0.022107
0 0.049316 0.501951 0.012695 0.020806
0 0.987305 0.588427 0.025391 0.035111
0 0.916992 0.577373 0.031250 0.039012
0 0.749023 0.522757 0.017578 0.028609
0 0.359375 0.544863 0.017578 0.028609
0 0.532715 0.519506 0.010742 0.019506
0 0.139160 0.542913 0.024414 0.035111
0 0.230469 0.507152 0.015625 0.020806
0 0.085938 0.684655 0.031250 0.048114
0 0.017090 0.587776 0.024414 0.039012
0 0.763672 0.730819 0.093750 0.171651
