0 0.347168 0.516650 0.022461 0.028254
0 0.179688 0.606963 0.009766 0.013118
0 0.246582 0.521191 0.032227 0.049445
0 0.142090 0.497982 0.010742 0.013118
0 0.329102 0.458628 0.015625 0.019173
0 0.655762 0.737639 0.018555 0.010091
0 0.324219 0.181130 0.007812 0.009082
0 0.441406 0.237639 0.007812 0.011100
0 0.419434 0.240666 0.008789 0.011100
0 0.540527 0.317861 0.024414 0.030272
0 0.331543 0.317861 0.020508 0.032291
0 0.665527 0.188698 0.012695 0.024218
0 0.526855 0.462664 0.014648 0.015136
0 0.245605 0.300706 0.004883 0.010091
0 0.183105 0.040363 0.004883 0.006054
0 0.324219 0.058022 0.005859 0.007064
0 0.420898 0.134712 0.007812 0.009082
0 0.437500 0.137740 0.007812 0.009082
