0 0.657715 0.541667 0.112305 0.174479
0 0.120605 0.324219 0.059570 0.114583
0 0.236328 0.391927 0.083984 0.158854
0 0.324219 0.396484 0.074219 0.128906
0 0.279297 0.272786 0.054688 0.095052
0 0.309082 0.303385 0.043945 0.091146
0 0.483887 0.350911 0.055664 0.092448
0 0.467285 0.238932 0.053711 0.095052
0 0.400391 0.381510 0.070312 0.127604
0 0.369141 0.289714 0.062500 0.097656
0 0.424805 0.304688 0.039062 0.080729
0 0.661621 0.268880 0.055664 0.097656
0 0.748047 0.369141 0.064453 0.123698
0 0.706543 0.305339 0.043945 0.079427
0 0.609375 0.305990 0.041016 0.072917
0 0.563477 0.377604 0.064453 0.109375
0 0.515137 0.651693 0.092773 0.136719
0 0.844238 0.350260 0.073242 0.125000
0 0.592285 0.471354 0.067383 0.114583
0 0.618164 0.250000 0.025391 0.041667
0 0.019043 0.414062 0.036133 0.145833
