0 0.710449 0.341874 0.038086 0.068814
0 0.590820 0.423865 0.021484 0.033675
0 0.631348 0.431186 0.016602 0.030747
0 0.669434 0.393119 0.022461 0.036603
0 0.830078 0.423133 0.011719 0.026354
0 0.831543 0.456808 0.012695 0.029283
0 0.801270 0.423133 0.016602 0.035139
0 0.895508 0.419473 0.015625 0.033675
0 0.936035 0.394583 0.018555 0.033675
0 0.055176 0.454612 0.018555 0.027818
0 0.108398 0.403367 0.021484 0.033675
0 0.165039 0.437042 0.019531 0.036603
0 0.217773 0.450220 0.019531 0.033675
0 0.242676 0.412152 0.014648 0.033675
0 0.302246 0.421669 0.022461 0.035139
0 0.377930 0.442167 0.021484 0.038067
0 0.470703 0.411420 0.021484 0.032211
0 0.404785 0.409224 0.012695 0.027818
0 0.980469 0.411420 0.015625 0.023426
0 0.604980 0.445095 0.012695 0.029283
0 0.518066 0.418741 0.012695 0.023426
0 0.495605 0.427526 0.012695 0.023426
