0 0.095215 0.140556 0.040039 0.090776
0 0.268555 0.152269 0.044922 0.067350
0 0.364258 0.157394 0.044922 0.051245
0 0.371582 0.230600 0.034180 0.060029
0 0.458496 0.245974 0.043945 0.064422
0 0.442383 0.146413 0.039062 0.061493
0 0.495117 0.136896 0.023438 0.048316
0 0.575684 0.085652 0.040039 0.068814
0 0.522949 0.147145 0.036133 0.062958
0 0.615234 0.186676 0.029297 0.065886
0 0.690918 0.182284 0.038086 0.054173
0 0.706543 0.226940 0.043945 0.081991
0 0.745117 0.213031 0.039062 0.083455
0 0.772461 0.203514 0.025391 0.076135
0 0.764648 0.095900 0.039062 0.074671
0 0.807129 0.164714 0.038086 0.062958
0 0.842285 0.113470 0.028320 0.054173
0 0.927734 0.089312 0.033203 0.049780
0 0.863770 0.202050 0.024414 0.061493
0 0.258301 0.040264 0.026367 0.042460
0 0.008789 0.050512 0.017578 0.051245
0 0.881836 0.172035 0.033203 0.062958
0 0.561523 0.155930 0.044922 0.065886
0 0.559082 0.210102 0.043945 0.060029
