0 0.087891 0.291270 0.027344 0.049206
0 0.223633 0.241270 0.025391 0.044444
0 0.329590 0.235714 0.030273 0.049206
0 0.166992 0.516667 0.033203 0.055556
0 0.266602 0.499206 0.031250 0.061905
0 0.422363 0.480952 0.028320 0.047619
0 0.426270 0.246825 0.028320 0.058730
0 0.529785 0.296825 0.026367 0.053968
0 0.531250 0.242857 0.027344 0.044444
0 0.743652 0.308730 0.032227 0.049206
0 0.756836 0.251587 0.025391 0.052381
0 0.648926 0.233333 0.026367 0.041270
0 0.877441 0.305556 0.036133 0.058730
0 0.620605 0.446825 0.034180 0.061905
