0 0.061523 0.510933 0.027344 0.059767
0 0.038574 0.489796 0.018555 0.032070
0 0.019531 0.493440 0.013672 0.027697
0 0.217285 0.441691 0.008789 0.017493
0 0.194824 0.446064 0.008789 0.014577
0 0.145996 0.444606 0.010742 0.023324
0 0.261230 0.417638 0.020508 0.036443
0 0.356934 0.440233 0.012695 0.029155
0 0.398926 0.435131 0.047852 0.106414
0 0.623535 0.448251 0.071289 0.141399
0 0.575195 0.442420 0.021484 0.030612
0 0.915039 0.451895 0.044922 0.102041
0 0.443359 0.411079 0.015625 0.046647
0 0.087891 0.485423 0.005859 0.011662
