0 0.302246 0.349609 0.079102 0.170573
0 0.200195 0.407552 0.070312 0.223958
0 0.157715 0.144531 0.018555 0.036458
0 0.041992 0.137370 0.017578 0.029948
0 0.544922 0.088542 0.023438 0.046875
0 0.428711 0.095052 0.019531 0.039062
0 0.377930 0.141276 0.031250 0.048177
0 0.460449 0.192057 0.047852 0.087240
0 0.502441 0.198568 0.026367 0.042969
0 0.408203 0.302083 0.070312 0.104167
0 0.630371 0.149089 0.012695 0.022135
0 0.823730 0.346354 0.112305 0.158854
0 0.721191 0.266276 0.065430 0.102865
0 0.619629 0.264974 0.065430 0.097656
