0 0.686035 0.461914 0.022461 0.025391
0 0.824219 0.408691 0.017578 0.020508
0 0.151855 0.413086 0.024414 0.031250
0 0.149902 0.459961 0.030273 0.031250
0 0.168945 0.439453 0.023438 0.029297
0 0.299316 0.425293 0.028320 0.036133
0 0.328125 0.444824 0.021484 0.028320
0 0.352539 0.435547 0.027344 0.037109
0 0.482422 0.436035 0.023438 0.034180
0 0.505859 0.416504 0.023438 0.024414
0 0.628906 0.424316 0.015625 0.022461
0 0.651855 0.446777 0.018555 0.016602
0 0.648926 0.418457 0.018555 0.018555
0 0.679688 0.418457 0.021484 0.024414
