0 0.814453 0.507812 0.023438 0.031250
0 0.893555 0.511230 0.027344 0.030273
0 0.966797 0.484863 0.025391 0.030273
0 0.994141 0.458008 0.011719 0.025391
0 0.990234 0.402344 0.013672 0.019531
0 0.948242 0.430176 0.021484 0.022461
0 0.914551 0.454590 0.020508 0.024414
0 0.845703 0.494141 0.021484 0.029297
0 0.881836 0.436035 0.019531 0.022461
0 0.876465 0.464355 0.020508 0.028320
0 0.825195 0.464355 0.025391 0.028320
0 0.750488 0.487305 0.022461 0.025391
0 0.697266 0.520996 0.025391 0.028320
0 0.718750 0.463379 0.019531 0.024414
0 0.788574 0.449707 0.014648 0.022461
0 0.544922 0.356934 0.011719 0.016602
0 0.512695 0.351562 0.013672 0.017578
0 0.484863 0.339355 0.012695 0.014648
0 0.756836 0.341309 0.013672 0.018555
0 0.743164 0.400391 0.019531 0.019531
0 0.767578 0.394531 0.019531 0.023438
0 0.641602 0.338379 0.011719 0.014648
0 0.508789 0.377930 0.017578 0.019531
0 0.509277 0.405273 0.016602 0.021484
0 0.793945 0.335938 0.011719 0.011719
0 0.792480 0.321777 0.012695 0.012695
0 0.169922 0.495117 0.021484 0.025391
0 0.255371 0.487305 0.024414 0.027344
0 0.310547 0.495117 0.023438 0.027344
0 0.295410 0.487793 0.020508 0.026367
0 0.356934 0.543457 0.022461 0.030273
0 0.431641 0.512207 0.021484 0.024414
0 0.378906 0.486328 0.017578 0.027344
0 0.362793 0.496582 0.018555 0.026367
0 0.346680 0.451660 0.021484 0.024414
0 0.139648 0.475586 0.023438 0.027344
0 0.072754 0.479980 0.022461 0.026367
0 0.069824 0.528809 0.022461 0.024414
0 0.006348 0.492188 0.012695 0.023438
0 0.021484 0.442871 0.021484 0.024414
0 0.053711 0.458496 0.023438 0.028320
0 0.104492 0.447754 0.023438 0.024414
0 0.158691 0.444824 0.020508 0.022461
0 0.214355 0.467773 0.020508 0.027344
0 0.253906 0.467285 0.021484 0.026367
0 0.292480 0.409668 0.016602 0.020508
0 0.333008 0.396484 0.019531 0.021484
0 0.385254 0.412598 0.022461 0.024414
0 0.177734 0.399414 0.015625 0.019531
0 0.069824 0.407715 0.020508 0.022461
0 0.217773 0.390625 0.017578 0.019531
0 0.250488 0.432129 0.020508 0.024414
0 0.462891 0.457520 0.021484 0.024414
0 0.140625 0.409668 0.015625 0.016602
0 0.152344 0.417969 0.017578 0.021484
0 0.192871 0.435059 0.014648 0.022461
0 0.131836 0.376953 0.015625 0.017578
0 0.050781 0.403320 0.015625 0.019531
0 0.047363 0.423340 0.020508 0.022461
0 0.423340 0.408203 0.016602 0.017578
0 0.420898 0.356445 0.015625 0.015625
0 0.417480 0.485352 0.026367 0.023438
0 0.307129 0.539062 0.024414 0.029297
0 0.245117 0.544434 0.025391 0.026367
0 0.183594 0.538086 0.023438 0.031250
0 0.100586 0.341309 0.009766 0.010742
0 0.222168 0.335449 0.012695 0.010742
0 0.254395 0.344727 0.010742 0.011719
0 0.358398 0.436523 0.019531 0.027344
0 0.377930 0.369629 0.015625 0.022461
0 0.355957 0.335938 0.010742 0.013672
0 0.331543 0.332520 0.010742 0.010742
0 0.274902 0.376465 0.018555 0.024414
0 0.305664 0.349121 0.013672 0.014648
0 0.008301 0.356445 0.014648 0.015625
0 0.162598 0.368652 0.012695 0.012695
0 0.173340 0.376465 0.012695 0.018555
0 0.087891 0.365723 0.011719 0.016602
0 0.083496 0.394043 0.016602 0.014648
0 0.238770 0.378418 0.016602 0.016602
0 0.188477 0.333496 0.011719 0.014648
0 0.563965 0.507324 0.024414 0.030273
0 0.492676 0.525879 0.026367 0.030273
0 0.532715 0.482422 0.022461 0.025391
0 0.894043 0.414551 0.016602 0.022461
0 0.701660 0.409668 0.016602 0.020508
0 0.659668 0.414062 0.020508 0.021484
0 0.935059 0.335938 0.014648 0.015625
0 0.366211 0.405273 0.017578 0.021484
0 0.393066 0.449707 0.018555 0.024414
0 0.297852 0.377930 0.013672 0.017578
0 0.427734 0.381348 0.015625 0.018555
0 0.469727 0.375000 0.015625 0.021484
0 0.602539 0.350586 0.013672 0.015625
0 0.435059 0.331055 0.012695 0.015625
0 0.402832 0.356934 0.012695 0.018555
0 0.495605 0.360352 0.012695 0.019531
0 0.595703 0.367188 0.011719 0.015625
0 0.607910 0.376953 0.014648 0.015625
0 0.694336 0.358398 0.017578 0.019531
0 0.708496 0.378906 0.014648 0.019531
0 0.624023 0.376465 0.013672 0.022461
0 0.654297 0.371582 0.019531 0.020508
0 0.539062 0.392090 0.013672 0.014648
0 0.555176 0.372070 0.014648 0.017578
0 0.590332 0.385742 0.016602 0.017578
0 0.611328 0.356445 0.011719 0.015625
0 0.570312 0.361816 0.013672 0.014648
0 0.619629 0.345215 0.010742 0.014648
0 0.661621 0.347168 0.012695 0.016602
0 0.538086 0.442871 0.021484 0.024414
0 0.518066 0.430664 0.022461 0.025391
0 0.556152 0.405273 0.018555 0.023438
0 0.579102 0.442871 0.023438 0.026367
0 0.625977 0.457520 0.021484 0.024414
0 0.741699 0.418457 0.016602 0.020508
0 0.661133 0.432129 0.019531 0.024414
0 0.650391 0.465332 0.019531 0.028320
0 0.756836 0.374512 0.017578 0.020508
0 0.771484 0.354980 0.017578 0.024414
0 0.817383 0.364746 0.017578 0.020508
0 0.908691 0.391602 0.018555 0.023438
0 0.793945 0.380371 0.013672 0.018555
0 0.801758 0.361816 0.011719 0.016602
0 0.939941 0.396484 0.016602 0.019531
0 0.962891 0.408691 0.017578 0.022461
0 0.918457 0.427246 0.012695 0.016602
0 0.939453 0.367676 0.013672 0.018555
0 0.922852 0.354492 0.015625 0.019531
0 0.922363 0.373535 0.014648 0.018555
0 0.905762 0.343750 0.014648 0.017578
0 0.880371 0.310059 0.012695 0.014648
0 0.967773 0.342285 0.015625 0.022461
0 0.957031 0.309570 0.011719 0.013672
0 0.922852 0.327637 0.011719 0.016602
0 0.878418 0.357910 0.012695 0.016602
0 0.680176 0.382812 0.014648 0.019531
0 0.991211 0.354980 0.011719 0.016602
0 0.896973 0.318848 0.008789 0.012695
0 0.779297 0.413086 0.015625 0.021484
0 0.622559 0.509277 0.020508 0.026367
0 0.678711 0.441406 0.017578 0.023438
0 0.606934 0.405273 0.014648 0.019531
0 0.959473 0.460449 0.018555 0.026367
0 0.406250 0.400879 0.015625 0.022461
0 0.138184 0.437500 0.018555 0.021484
0 0.123047 0.363281 0.013672 0.017578
0 0.031250 0.309570 0.009766 0.011719
0 0.461914 0.355469 0.011719 0.013672
0 0.447266 0.361816 0.009766 0.012695
0 0.482422 0.430176 0.017578 0.022461
0 0.486328 0.479004 0.019531 0.022461
0 0.284180 0.458008 0.023438 0.025391
0 0.109863 0.397461 0.012695 0.015625
0 0.143066 0.393066 0.014648 0.018555
0 0.646973 0.510254 0.026367 0.028320
0 0.769043 0.459961 0.022461 0.025391
0 0.802734 0.425781 0.019531 0.023438
0 0.810547 0.385254 0.013672 0.018555
0 0.856934 0.354492 0.016602 0.021484
0 0.643555 0.391602 0.017578 0.021484
0 0.619629 0.431641 0.020508 0.021484
0 0.616699 0.409180 0.016602 0.021484
0 0.581055 0.470703 0.017578 0.021484
0 0.927734 0.484863 0.021484 0.026367
0 0.893555 0.368652 0.017578 0.020508
0 0.975098 0.374023 0.018555 0.021484
0 0.054688 0.349121 0.009766 0.012695
0 0.029297 0.378418 0.015625 0.018555
