0 0.959961 0.376281 0.029297 0.058565
0 0.725098 0.398243 0.028320 0.040996
0 0.745605 0.343338 0.014648 0.030747
0 0.784668 0.302343 0.012695 0.021962
0 0.755859 0.311127 0.011719 0.021962
0 0.660645 0.311127 0.012695 0.024890
0 0.582031 0.352123 0.023438 0.039531
0 0.463867 0.325037 0.017578 0.038067
0 0.369141 0.270132 0.023438 0.045388
0 0.480957 0.324305 0.014648 0.021962
0 0.203125 0.315520 0.013672 0.027818
0 0.151367 0.303807 0.019531 0.036603
0 0.061523 0.308199 0.017578 0.027818
0 0.273926 0.297218 0.018555 0.029283
0 0.182617 0.302343 0.007812 0.013177
0 0.993164 0.346266 0.013672 0.039531
