0 0.316895 0.170821 0.024414 0.057185
0 0.692871 0.200147 0.006836 0.019062
0 0.594238 0.215543 0.010742 0.020528
0 0.113770 0.187683 0.026367 0.058651
0 0.026367 0.458944 0.044922 0.099707
0 0.130859 0.562317 0.041016 0.086510
0 0.575195 0.228006 0.021484 0.039589
0 0.836914 0.485337 0.029297 0.061584
0 0.904785 0.437683 0.028320 0.048387
0 0.970703 0.213343 0.037109 0.071848
0 0.881348 0.170821 0.022461 0.057185
0 0.808594 0.560117 0.042969 0.064516
0 0.759277 0.491202 0.032227 0.067449
0 0.704102 0.370235 0.025391 0.051320
0 0.731934 0.331378 0.016602 0.026393
0 0.743652 0.216276 0.012695 0.019062
0 0.041504 0.789589 0.061523 0.171554
0 0.292480 0.696481 0.061523 0.105572
0 0.511230 0.689883 0.055664 0.092375
0 0.816895 0.640029 0.057617 0.107038
0 0.972656 0.668622 0.052734 0.129032
0 0.968262 0.796921 0.063477 0.153959
0 0.831055 0.833578 0.041016 0.092375
0 0.936523 0.239003 0.017578 0.043988
0 0.187500 0.183284 0.039062 0.076246
0 0.048828 0.167889 0.044922 0.098240
0 0.225098 0.209677 0.022461 0.041056
0 0.361816 0.200880 0.022461 0.052786
0 0.388672 0.228739 0.019531 0.046921
0 0.494141 0.228739 0.044922 0.082111
0 0.008789 0.184751 0.013672 0.026393
