0 0.464844 0.462185 0.023438 0.057143
0 0.241699 0.484874 0.026367 0.068908
0 0.261719 0.500000 0.019531 0.048739
0 0.732910 0.329412 0.010742 0.020168
0 0.826172 0.429412 0.027344 0.048739
0 0.800293 0.329412 0.008789 0.020168
0 0.822754 0.342017 0.008789 0.018487
0 0.841309 0.331933 0.010742 0.015126
0 0.348633 0.497479 0.031250 0.043697
0 0.133789 0.380672 0.027344 0.058824
0 0.219238 0.172269 0.024414 0.068908
0 0.261719 0.231092 0.027344 0.048739
0 0.439453 0.201681 0.029297 0.050420
0 0.553711 0.400840 0.033203 0.072269
0 0.636230 0.350420 0.030273 0.062185
0 0.662109 0.429412 0.031250 0.062185
