0 0.278809 0.580402 0.018555 0.060302
0 0.309570 0.497487 0.019531 0.055276
0 0.304688 0.430905 0.017578 0.052764
0 0.266113 0.432161 0.014648 0.055276
0 0.230469 0.492462 0.017578 0.060302
0 0.199707 0.520101 0.018555 0.070352
0 0.146973 0.512563 0.022461 0.060302
0 0.103516 0.473618 0.021484 0.067839
0 0.052246 0.508794 0.020508 0.052764
0 0.062988 0.430905 0.020508 0.062814
0 0.006836 0.408291 0.011719 0.067839
0 0.146484 0.405779 0.017578 0.057789
0 0.106934 0.336683 0.022461 0.060302
0 0.166016 0.354271 0.015625 0.050251
0 0.225098 0.427136 0.016602 0.055276
0 0.191406 0.339196 0.013672 0.035176
0 0.220703 0.336683 0.015625 0.045226
0 0.256348 0.314070 0.010742 0.050251
0 0.288086 0.319095 0.013672 0.045226
0 0.319336 0.331658 0.009766 0.040201
0 0.308594 0.258794 0.009766 0.045226
0 0.343750 0.531407 0.017578 0.062814
0 0.405273 0.526382 0.019531 0.057789
0 0.475586 0.567839 0.019531 0.055276
0 0.465820 0.454774 0.013672 0.050251
0 0.437012 0.430905 0.014648 0.047739
0 0.382812 0.398241 0.015625 0.047739
0 0.378418 0.479899 0.014648 0.050251
0 0.353516 0.427136 0.015625 0.050251
0 0.398438 0.389447 0.013672 0.045226
0 0.360352 0.312814 0.013672 0.042714
0 0.348633 0.275126 0.013672 0.042714
0 0.341309 0.174623 0.012695 0.047739
0 0.384277 0.222362 0.016602 0.052764
0 0.416504 0.330402 0.014648 0.052764
0 0.429199 0.268844 0.016602 0.050251
0 0.452148 0.194724 0.013672 0.047739
0 0.513672 0.206030 0.011719 0.045226
0 0.529785 0.267588 0.012695 0.052764
0 0.542969 0.516332 0.015625 0.062814
0 0.564453 0.217337 0.011719 0.042714
0 0.580078 0.250000 0.017578 0.057789
0 0.626953 0.198492 0.013672 0.040201
0 0.562500 0.492462 0.013672 0.055276
0 0.595215 0.516332 0.014648 0.047739
0 0.619629 0.531407 0.014648 0.047739
0 0.653320 0.438442 0.015625 0.052764
0 0.728516 0.174623 0.015625 0.057789
0 0.743652 0.340452 0.014648 0.047739
0 0.714844 0.538945 0.015625 0.057789
0 0.760742 0.535176 0.017578 0.055276
0 0.765625 0.361809 0.017578 0.060302
0 0.783691 0.263819 0.012695 0.040201
0 0.807129 0.339196 0.018555 0.055276
0 0.794922 0.435930 0.013672 0.052764
0 0.823242 0.555276 0.015625 0.050251
0 0.849609 0.477387 0.019531 0.060302
0 0.870117 0.554020 0.015625 0.057789
0 0.909668 0.547739 0.014648 0.060302
0 0.932617 0.552764 0.019531 0.070352
0 0.976074 0.493719 0.020508 0.062814
0 0.955566 0.373116 0.018555 0.067839
0 0.897461 0.353015 0.019531 0.057789
0 0.864746 0.384422 0.016602 0.055276
0 0.899414 0.262563 0.015625 0.047739
0 0.836426 0.306533 0.012695 0.040201
0 0.992676 0.410804 0.014648 0.047739
0 0.665527 0.579146 0.012695 0.047739
