0 0.525391 0.423125 0.095703 0.166250
0 0.437500 0.503750 0.091797 0.157500
0 0.418457 0.275625 0.102539 0.173750
0 0.252930 0.282500 0.109375 0.132500
0 0.173828 0.291250 0.087891 0.145000
0 0.891602 0.280625 0.101562 0.153750
0 0.676758 0.362500 0.074219 0.170000
0 0.146484 0.098125 0.023438 0.038750
0 0.178711 0.106250 0.017578 0.037500
0 0.067383 0.113125 0.019531 0.033750
0 0.020020 0.091250 0.014648 0.040000
0 0.334473 0.118125 0.020508 0.036250
0 0.491211 0.248750 0.025391 0.035000
0 0.475098 0.211250 0.016602 0.035000
0 0.516602 0.185625 0.019531 0.036250
0 0.541992 0.220000 0.019531 0.035000
0 0.559082 0.266250 0.020508 0.035000
0 0.590332 0.261875 0.018555 0.033750
0 0.596191 0.384375 0.020508 0.033750
0 0.600098 0.226875 0.020508 0.031250
0 0.622070 0.187500 0.019531 0.032500
0 0.577637 0.164375 0.020508 0.033750
0 0.630371 0.129375 0.016602 0.033750
0 0.592285 0.124375 0.018555 0.033750
0 0.513672 0.131250 0.019531 0.037500
0 0.465820 0.120000 0.019531 0.035000
0 0.831543 0.158125 0.022461 0.041250
0 0.752930 0.129375 0.019531 0.033750
0 0.684570 0.141250 0.019531 0.032500
0 0.952148 0.085625 0.017578 0.028750
0 0.962402 0.043750 0.018555 0.032500
0 0.837891 0.033125 0.017578 0.028750
0 0.912109 0.083125 0.017578 0.031250
0 0.621582 0.343750 0.020508 0.040000
0 0.675781 0.410625 0.029297 0.048750
