0 0.149414 0.478516 0.011719 0.035156
0 0.175781 0.480469 0.011719 0.035156
0 0.206055 0.475586 0.013672 0.041016
0 0.221680 0.501953 0.017578 0.042969
0 0.236328 0.458008 0.013672 0.033203
0 0.265625 0.458984 0.013672 0.031250
0 0.276367 0.478516 0.013672 0.023438
0 0.308594 0.455078 0.009766 0.023438
0 0.316895 0.466797 0.014648 0.031250
0 0.337402 0.471680 0.012695 0.029297
0 0.363770 0.460938 0.010742 0.031250
0 0.385254 0.457031 0.008789 0.023438
0 0.400391 0.459961 0.009766 0.021484
0 0.410645 0.456055 0.010742 0.025391
0 0.445801 0.506836 0.018555 0.044922
0 0.436523 0.467773 0.013672 0.033203
0 0.452148 0.455078 0.011719 0.027344
0 0.483887 0.430664 0.008789 0.021484
0 0.535156 0.489258 0.017578 0.048828
0 0.543457 0.428711 0.006836 0.021484
0 0.569336 0.369141 0.005859 0.015625
0 0.605469 0.371094 0.007812 0.019531
0 0.642090 0.361328 0.006836 0.015625
0 0.706543 0.385742 0.008789 0.021484
0 0.555664 0.456055 0.007812 0.021484
0 0.572266 0.490234 0.015625 0.042969
0 0.572266 0.443359 0.007812 0.019531
0 0.599609 0.443359 0.009766 0.023438
0 0.608398 0.464844 0.013672 0.039062
0 0.618164 0.468750 0.017578 0.039062
0 0.656250 0.514648 0.023438 0.064453
0 0.719727 0.511719 0.025391 0.070312
0 0.690430 0.458008 0.015625 0.048828
0 0.682129 0.381836 0.006836 0.017578
0 0.809082 0.508789 0.028320 0.080078
0 0.807129 0.433594 0.010742 0.027344
0 0.850586 0.493164 0.015625 0.041016
0 0.838867 0.443359 0.009766 0.027344
0 0.872070 0.445312 0.007812 0.027344
0 0.882324 0.442383 0.012695 0.029297
0 0.914551 0.458008 0.024414 0.048828
0 0.955078 0.456055 0.015625 0.037109
0 0.979492 0.437500 0.011719 0.031250
0 0.992188 0.434570 0.009766 0.025391
0 0.984375 0.372070 0.009766 0.021484
0 0.743164 0.449219 0.009766 0.027344
0 0.938477 0.437500 0.011719 0.027344
0 0.788574 0.460938 0.014648 0.031250
0 0.855957 0.443359 0.014648 0.031250
0 0.636230 0.443359 0.006836 0.015625
