0 0.625000 0.426136 0.017578 0.031250
0 0.641602 0.605824 0.021484 0.035511
0 0.688965 0.426847 0.020508 0.035511
0 0.728516 0.620028 0.023438 0.032670
0 0.744141 0.438920 0.021484 0.036932
0 0.786133 0.442472 0.021484 0.035511
0 0.800781 0.612926 0.021484 0.038352
0 0.849121 0.452415 0.018555 0.032670
0 0.910156 0.406960 0.021484 0.035511
0 0.875488 0.608665 0.024414 0.032670
0 0.083496 0.450284 0.022461 0.034091
0 0.131836 0.475852 0.023438 0.039773
0 0.153320 0.423295 0.021484 0.036932
0 0.192871 0.436080 0.022461 0.036932
0 0.237793 0.438920 0.020508 0.034091
0 0.263184 0.461648 0.020508 0.036932
0 0.312988 0.481534 0.018555 0.036932
0 0.316406 0.428267 0.019531 0.032670
0 0.293457 0.599432 0.024414 0.042614
0 0.356445 0.477983 0.019531 0.038352
0 0.398438 0.443182 0.017578 0.034091
0 0.393555 0.605824 0.017578 0.035511
0 0.440430 0.455256 0.019531 0.029830
0 0.470215 0.585227 0.020508 0.036932
0 0.484375 0.456676 0.019531 0.029830
0 0.520508 0.444602 0.019531 0.031250
0 0.556152 0.453835 0.016602 0.032670
0 0.556152 0.600142 0.022461 0.035511
