0 0.906250 0.201521 0.039062 0.083650
0 0.815918 0.227186 0.034180 0.070342
0 0.749512 0.247148 0.030273 0.068441
0 0.701660 0.291825 0.014648 0.039924
0 0.687500 0.289924 0.011719 0.036122
0 0.662109 0.301331 0.021484 0.051331
0 0.649902 0.288023 0.012695 0.043726
0 0.633301 0.261407 0.014648 0.039924
0 0.602539 0.270913 0.017578 0.043726
0 0.585938 0.269011 0.015625 0.036122
0 0.567871 0.278517 0.014648 0.036122
0 0.587891 0.435361 0.021484 0.045627
0 0.533691 0.294677 0.014648 0.034221
0 0.525879 0.269011 0.014648 0.036122
0 0.477051 0.289924 0.014648 0.032319
0 0.542969 0.455323 0.015625 0.043726
0 0.551270 0.537072 0.018555 0.047529
0 0.532227 0.634981 0.019531 0.053232
0 0.481445 0.627376 0.019531 0.045627
0 0.513672 0.531369 0.017578 0.051331
0 0.490723 0.455323 0.016602 0.036122
0 0.459961 0.517110 0.017578 0.038023
0 0.446289 0.442966 0.015625 0.041825
0 0.435547 0.289924 0.011719 0.032319
0 0.404785 0.281369 0.014648 0.041825
0 0.386719 0.307034 0.009766 0.024715
0 0.352539 0.299430 0.013672 0.032319
0 0.322266 0.292776 0.011719 0.030418
0 0.306152 0.287072 0.012695 0.030418
0 0.360352 0.423954 0.015625 0.038023
0 0.305176 0.426806 0.014648 0.036122
0 0.295898 0.311787 0.011719 0.030418
0 0.263672 0.305133 0.011719 0.032319
0 0.244141 0.325095 0.013672 0.038023
0 0.196777 0.290875 0.014648 0.030418
0 0.249023 0.399240 0.013672 0.034221
0 0.225586 0.480038 0.013672 0.036122
0 0.247070 0.484791 0.013672 0.038023
0 0.196289 0.504753 0.015625 0.032319
0 0.166992 0.522814 0.011719 0.030418
0 0.170410 0.570342 0.016602 0.041825
0 0.223145 0.576996 0.016602 0.039924
0 0.278809 0.525665 0.014648 0.032319
0 0.314941 0.500000 0.014648 0.038023
0 0.352051 0.505703 0.014648 0.038023
0 0.393066 0.448669 0.012695 0.034221
0 0.395020 0.519011 0.012695 0.038023
0 0.428711 0.519011 0.015625 0.038023
0 0.144531 0.556084 0.015625 0.036122
0 0.135742 0.533270 0.015625 0.032319
0 0.125000 0.478137 0.013672 0.028517
0 0.120605 0.563688 0.014648 0.032319
0 0.078613 0.548479 0.016602 0.036122
0 0.063965 0.492395 0.014648 0.034221
0 0.036621 0.552281 0.018555 0.036122
0 0.273438 0.576996 0.015625 0.036122
0 0.305664 0.577947 0.017578 0.041825
0 0.346191 0.589354 0.016602 0.041825
0 0.404297 0.602662 0.021484 0.045627
0 0.010742 0.545627 0.011719 0.030418
