0 0.095703 0.021261 0.023438 0.030792
0 0.062500 0.102639 0.027344 0.035191
0 0.024414 0.201613 0.027344 0.039589
0 0.106445 0.239736 0.027344 0.036657
0 0.185059 0.118768 0.026367 0.038123
0 0.207031 0.030059 0.023438 0.036657
0 0.307129 0.110704 0.020508 0.036657
0 0.141602 0.288123 0.033203 0.039589
0 0.301270 0.015396 0.018555 0.024927
0 0.383789 0.030792 0.019531 0.026393
0 0.409180 0.075513 0.019531 0.042522
0 0.436523 0.056452 0.017578 0.030792
0 0.490234 0.027126 0.015625 0.030792
0 0.538574 0.031525 0.012695 0.030792
0 0.598145 0.058651 0.014648 0.032258
0 0.680176 0.087977 0.014648 0.035191
0 0.665039 0.068915 0.013672 0.023460
0 0.754883 0.051320 0.015625 0.035191
0 0.742676 0.148094 0.016602 0.038123
0 0.658691 0.195748 0.018555 0.039589
0 0.495117 0.137830 0.017578 0.035191
0 0.563965 0.121701 0.016602 0.032258
0 0.627930 0.228006 0.019531 0.033724
0 0.605469 0.270528 0.019531 0.039589
0 0.457031 0.244135 0.025391 0.039589
0 0.551758 0.279326 0.017578 0.033724
0 0.491699 0.374633 0.028320 0.048387
0 0.648438 0.372434 0.027344 0.049853
0 0.725098 0.222874 0.020508 0.038123
0 0.729004 0.293988 0.022461 0.039589
0 0.183105 0.362170 0.034180 0.049853
0 0.231445 0.415689 0.039062 0.051320
0 0.352539 0.401026 0.035156 0.054252
0 0.177246 0.642229 0.049805 0.058651
0 0.559082 0.505132 0.030273 0.051320
0 0.008301 0.349707 0.016602 0.054252
0 0.010742 0.454545 0.021484 0.046921
0 0.832520 0.064516 0.014648 0.029326
0 0.916016 0.096041 0.017578 0.030792
0 0.767090 0.100440 0.016602 0.030792
0 0.864258 0.195015 0.023438 0.041056
0 0.909668 0.207478 0.022461 0.033724
0 0.970215 0.211144 0.020508 0.041056
0 0.810059 0.325513 0.022461 0.023460
0 0.953613 0.348974 0.028320 0.032258
0 0.774902 0.395894 0.026367 0.043988
0 0.865723 0.471408 0.038086 0.048387
0 0.975098 0.465543 0.036133 0.039589
0 0.746094 0.565249 0.037109 0.060117
