0 0.583496 0.429515 0.032227 0.066079
0 0.711426 0.415565 0.038086 0.082232
0 0.837891 0.396476 0.042969 0.082232
0 0.460938 0.385463 0.035156 0.066079
0 0.338867 0.447871 0.033203 0.061674
0 0.198242 0.422907 0.039062 0.076358
0 0.102051 0.403084 0.014648 0.048458
0 0.119629 0.419971 0.006836 0.014684
0 0.127930 0.436858 0.007812 0.016153
0 0.155762 0.441263 0.006836 0.016153
0 0.273438 0.447137 0.007812 0.022026
0 0.288086 0.433186 0.009766 0.026432
0 0.307129 0.424376 0.008789 0.026432
0 0.296387 0.428781 0.004883 0.008811
0 0.783203 0.439060 0.009766 0.017621
0 0.641602 0.423642 0.005859 0.013216
0 0.678711 0.425844 0.003906 0.011747
0 0.532227 0.420705 0.007812 0.016153
0 0.806641 0.439794 0.007812 0.016153
0 0.889160 0.420705 0.004883 0.010279
0 0.932617 0.412628 0.005859 0.014684
0 0.996094 0.425110 0.005859 0.013216
0 0.970703 0.433921 0.005859 0.013216
0 0.060059 0.434655 0.014648 0.041116
