0 0.084961 0.107639 0.058594 0.156250
0 0.251953 0.236111 0.041016 0.107639
0 0.458496 0.261285 0.030273 0.071181
0 0.534180 0.342014 0.027344 0.072917
0 0.595703 0.391493 0.021484 0.060764
0 0.555176 0.372396 0.020508 0.050347
0 0.639160 0.443576 0.016602 0.032986
0 0.656738 0.449653 0.010742 0.031250
0 0.685059 0.462674 0.014648 0.029514
0 0.698730 0.453125 0.012695 0.031250
0 0.743164 0.476562 0.011719 0.032986
0 0.788574 0.462674 0.010742 0.026042
0 0.839355 0.479167 0.010742 0.031250
0 0.865723 0.486979 0.012695 0.032986
0 0.917969 0.500868 0.011719 0.036458
0 0.740723 0.444444 0.016602 0.031250
0 0.963867 0.501736 0.009766 0.031250
0 0.946777 0.507812 0.010742 0.029514
0 0.984375 0.495660 0.009766 0.022569
0 0.882324 0.490451 0.010742 0.026042
0 0.579102 0.383681 0.015625 0.041667
