0 0.838867 0.259854 0.066406 0.119708
0 0.928223 0.154745 0.059570 0.137226
0 0.750977 0.128467 0.062500 0.140146
0 0.676758 0.148905 0.044922 0.093431
0 0.200195 0.178832 0.013672 0.027737
0 0.431152 0.145985 0.028320 0.067153
0 0.595215 0.172993 0.043945 0.080292
0 0.546875 0.158394 0.033203 0.083212
0 0.493164 0.246715 0.025391 0.061314
0 0.495605 0.175912 0.030273 0.054015
0 0.337891 0.217518 0.021484 0.043796
0 0.350586 0.158394 0.019531 0.045255
0 0.450684 0.140146 0.018555 0.052555
0 0.338379 0.172263 0.022461 0.037956
0 0.626953 0.151095 0.025391 0.074453
