0 0.366699 0.436609 0.049805 0.118859
0 0.459473 0.463550 0.036133 0.103011
0 0.407227 0.284469 0.029297 0.064976
0 0.437012 0.328843 0.030273 0.064976
0 0.488281 0.352615 0.019531 0.049128
0 0.510742 0.345483 0.013672 0.041204
0 0.253906 0.370048 0.033203 0.087163
0 0.144043 0.370048 0.022461 0.071315
0 0.795410 0.363708 0.038086 0.103011
0 0.838867 0.390650 0.039062 0.099842
0 0.736816 0.345483 0.026367 0.060222
0 0.693359 0.473851 0.039062 0.104596
0 0.680664 0.401743 0.027344 0.064976
0 0.655273 0.379556 0.017578 0.042789
0 0.697266 0.318542 0.017578 0.038035
0 0.664551 0.327258 0.014648 0.033281
0 0.616211 0.318542 0.009766 0.025357
0 0.642090 0.337559 0.012695 0.025357
0 0.527344 0.309826 0.011719 0.026941
0 0.513184 0.315372 0.012695 0.034865
0 0.560547 0.517433 0.041016 0.106181
