0 0.422363 0.510417 0.008789 0.015625
0 0.394531 0.500651 0.003906 0.003906
0 0.362793 0.419271 0.004883 0.005208
0 0.359375 0.359375 0.009766 0.015625
0 0.441895 0.291016 0.004883 0.006510
0 0.501465 0.514974 0.010742 0.011719
0 0.546875 0.509766 0.003906 0.003906
0 0.583008 0.519531 0.007812 0.015625
0 0.622070 0.539062 0.007812 0.013021
0 0.644531 0.453776 0.011719 0.019531
0 0.651855 0.372396 0.002930 0.007812
0 0.637207 0.301432 0.010742 0.019531
0 0.600586 0.290365 0.005859 0.007812
0 0.551758 0.300130 0.009766 0.019531
0 0.520020 0.289062 0.004883 0.007812
0 0.474609 0.299479 0.009766 0.018229
0 0.494629 0.392578 0.014648 0.024740
0 0.468750 0.503255 0.005859 0.006510
