0 0.827637 0.835069 0.020508 0.041667
0 0.853516 0.843750 0.015625 0.041667
0 0.933594 0.821181 0.021484 0.038194
0 0.714844 0.857639 0.013672 0.048611
0 0.643066 0.841146 0.024414 0.046875
0 0.617676 0.837674 0.018555 0.039931
0 0.772461 0.868056 0.017578 0.031250
0 0.211426 0.885417 0.016602 0.052083
0 0.324219 0.855035 0.017578 0.050347
0 0.379395 0.928819 0.024414 0.065972
0 0.068848 0.914931 0.024414 0.052083
0 0.172363 0.888889 0.016602 0.059028
0 0.780762 0.833333 0.012695 0.024306
0 0.254883 0.869792 0.011719 0.027778
