0 0.923828 0.416788 0.140625 0.220438
0 0.704590 0.307299 0.098633 0.167883
0 0.554199 0.366423 0.069336 0.148905
0 0.436035 0.294891 0.055664 0.116788
0 0.343750 0.290511 0.060547 0.110949
0 0.265137 0.227737 0.047852 0.081752
0 0.120605 0.154745 0.032227 0.061314
0 0.229492 0.162044 0.035156 0.064234
0 0.169922 0.161314 0.023438 0.059854
0 0.431152 0.194161 0.043945 0.084672
0 0.074707 0.169343 0.020508 0.035036
0 0.023438 0.178102 0.015625 0.029197
0 0.005859 0.175912 0.011719 0.056934
0 0.014648 0.078102 0.009766 0.021898
0 0.143066 0.040876 0.014648 0.032117
0 0.200684 0.052555 0.016602 0.037956
0 0.241211 0.027737 0.015625 0.032117
0 0.172363 0.022628 0.014648 0.024818
0 0.289062 0.086131 0.013672 0.040876
0 0.951660 0.083212 0.043945 0.084672
0 0.983887 0.058394 0.020508 0.067153
0 0.845215 0.069343 0.034180 0.086131
0 0.786133 0.072263 0.031250 0.068613
0 0.720703 0.080292 0.029297 0.058394
0 0.440430 0.094891 0.017578 0.040876
0 0.351074 0.083212 0.012695 0.037956
0 0.386719 0.034307 0.017578 0.039416
0 0.453613 0.021168 0.016602 0.036496
0 0.495117 0.097080 0.023438 0.042336
0 0.538086 0.053285 0.019531 0.048175
0 0.562988 0.088321 0.020508 0.045255
0 0.612793 0.093431 0.022461 0.040876
0 0.392578 0.072993 0.015625 0.040876
0 0.472656 0.071533 0.023438 0.049635
0 0.201660 0.185401 0.026367 0.055474
0 0.337891 0.089781 0.019531 0.033577
