0 0.023438 0.765007 0.015625 0.027818
0 0.141602 0.699122 0.013672 0.021962
0 0.080566 0.639092 0.010742 0.021962
0 0.394043 0.800878 0.012695 0.032211
0 0.301270 0.593704 0.008789 0.024890
0 0.353516 0.594436 0.009766 0.023426
0 0.418457 0.603221 0.012695 0.023426
0 0.652344 0.570278 0.009766 0.019034
0 0.603516 0.559297 0.007812 0.020498
0 0.940918 0.465593 0.006836 0.014641
0 0.962891 0.464129 0.007812 0.014641
0 0.935547 0.498536 0.005859 0.013177
0 0.838379 0.532211 0.006836 0.016105
0 0.121094 0.641288 0.011719 0.017570
0 0.247070 0.170571 0.011719 0.024890
0 0.400391 0.186676 0.009766 0.024890
0 0.438477 0.160322 0.011719 0.024890
0 0.488281 0.182284 0.011719 0.024890
0 0.508789 0.155198 0.009766 0.020498
0 0.539551 0.153734 0.010742 0.026354
0 0.729980 0.161786 0.008789 0.019034
0 0.739746 0.173499 0.006836 0.016105
0 0.849121 0.167643 0.006836 0.019034
0 0.880859 0.154466 0.007812 0.016105
0 0.900391 0.184480 0.007812 0.014641
0 0.854004 0.155930 0.006836 0.016105
0 0.949219 0.170571 0.007812 0.019034
0 0.964355 0.158126 0.006836 0.014641
0 0.697754 0.174963 0.008789 0.019034
0 0.665039 0.168375 0.011719 0.020498
0 0.479980 0.168375 0.008789 0.017570
0 0.385254 0.137628 0.008789 0.020498
0 0.343750 0.173499 0.011719 0.021962
0 0.319336 0.183748 0.007812 0.016105
0 0.294922 0.155930 0.009766 0.024890
0 0.203125 0.162518 0.011719 0.023426
0 0.141113 0.175695 0.012695 0.023426
0 0.102539 0.179356 0.011719 0.021962
0 0.994629 0.469985 0.006836 0.014641
0 0.806641 0.506589 0.009766 0.014641
0 0.836426 0.505124 0.008789 0.014641
0 0.708008 0.524158 0.009766 0.017570
0 0.620117 0.563690 0.009766 0.020498
0 0.547363 0.586384 0.008789 0.019034
0 0.510254 0.592972 0.010742 0.017570
0 0.471191 0.605417 0.010742 0.019034
0 0.463379 0.646413 0.010742 0.016105
0 0.469727 0.775988 0.017578 0.029283
0 0.272461 0.613470 0.013672 0.023426
0 0.236328 0.640556 0.009766 0.019034
0 0.174316 0.643485 0.012695 0.024890
0 0.181152 0.781845 0.014648 0.023426
0 0.170898 0.868960 0.015625 0.033675
0 0.244141 0.765739 0.015625 0.020498
0 0.305664 0.745974 0.011719 0.021962
0 0.584961 0.805271 0.017578 0.029283
0 0.590820 0.845534 0.015625 0.030747
0 0.684082 0.808199 0.012695 0.029283
0 0.800293 0.723280 0.016602 0.029283
0 0.766113 0.854319 0.016602 0.033675
0 0.881348 0.847731 0.012695 0.026354
0 0.916992 0.741581 0.013672 0.027818
0 0.975098 0.918009 0.020508 0.035139
0 0.602051 0.164714 0.010742 0.021962
