0 0.242188 0.608073 0.005859 0.007812
0 0.292480 0.636068 0.006836 0.009115
0 0.374512 0.669271 0.006836 0.015625
0 0.506348 0.761719 0.012695 0.020833
0 0.552246 0.766927 0.010742 0.018229
0 0.571777 0.774740 0.006836 0.018229
0 0.474609 0.823568 0.009766 0.024740
0 0.410645 0.794922 0.010742 0.019531
0 0.937988 0.809896 0.010742 0.023438
0 0.958984 0.845703 0.013672 0.019531
0 0.957031 0.725911 0.009766 0.016927
0 0.938965 0.727214 0.008789 0.016927
0 0.885742 0.729167 0.009766 0.018229
0 0.821289 0.664714 0.007812 0.014323
0 0.806152 0.671875 0.008789 0.018229
0 0.982910 0.682292 0.006836 0.013021
0 0.828125 0.719401 0.009766 0.014323
0 0.937988 0.673828 0.006836 0.014323
0 0.930664 0.706380 0.007812 0.011719
0 0.955566 0.698568 0.006836 0.014323
0 0.844727 0.675781 0.007812 0.013021
0 0.988770 0.701172 0.006836 0.011719
0 0.910156 0.707682 0.007812 0.016927
0 0.962402 0.662760 0.006836 0.010417
0 0.942383 0.698568 0.005859 0.011719
0 0.947266 0.714844 0.007812 0.015625
0 0.836426 0.701823 0.006836 0.013021
0 0.876465 0.702474 0.008789 0.014323
0 0.861816 0.675130 0.006836 0.011719
0 0.258789 0.621094 0.005859 0.010417
0 0.850586 0.565755 0.003906 0.006510
0 0.718262 0.703125 0.006836 0.013021
0 0.718750 0.673828 0.007812 0.014323
0 0.626465 0.676432 0.006836 0.011719
0 0.639648 0.662109 0.005859 0.011719
0 0.627441 0.634115 0.008789 0.015625
0 0.575684 0.650391 0.006836 0.011719
