0 0.492676 0.589443 0.069336 0.129032
0 0.325195 0.257331 0.052734 0.142229
0 0.746094 0.307185 0.027344 0.063050
0 0.918457 0.269795 0.034180 0.087977
0 0.172363 0.118035 0.016602 0.045455
0 0.243164 0.121701 0.027344 0.064516
0 0.223633 0.262463 0.029297 0.061584
0 0.086914 0.240469 0.046875 0.070381
0 0.060059 0.112903 0.024414 0.049853
0 0.017090 0.203079 0.026367 0.054252
0 0.338867 0.122434 0.027344 0.054252
0 0.375977 0.069648 0.021484 0.071848
0 0.273926 0.048387 0.020508 0.067449
0 0.573730 0.094575 0.016602 0.045455
0 0.249023 0.361437 0.017578 0.042522
0 0.160156 0.046188 0.023438 0.057185
0 0.064941 0.023460 0.026367 0.035191
0 0.507324 0.122434 0.028320 0.060117
0 0.461426 0.061584 0.022461 0.052786
0 0.751465 0.183284 0.018555 0.052786
0 0.035156 0.335777 0.031250 0.064516
