0 0.402344 0.328216 0.027344 0.059942
0 0.519043 0.350877 0.030273 0.058480
0 0.353516 0.262427 0.013672 0.024854
0 0.868652 0.413743 0.022461 0.040936
0 0.806641 0.377193 0.019531 0.035088
0 0.752930 0.364035 0.015625 0.029240
0 0.717773 0.336257 0.013672 0.026316
0 0.708984 0.323830 0.011719 0.024854
0 0.810059 0.261696 0.012695 0.029240
0 0.159180 0.344298 0.031250 0.068713
0 0.230957 0.334795 0.022461 0.038012
0 0.283203 0.329678 0.013672 0.021930
0 0.085449 0.426901 0.024414 0.046784
0 0.292480 0.247076 0.008789 0.014620
0 0.464355 0.240497 0.008789 0.016082
0 0.443359 0.241959 0.007812 0.013158
0 0.504395 0.248538 0.008789 0.017544
0 0.906250 0.251462 0.009766 0.020468
0 0.975098 0.247076 0.006836 0.020468
0 0.760742 0.240497 0.007812 0.010234
0 0.750000 0.234649 0.005859 0.010234
0 0.783691 0.236842 0.006836 0.011696
0 0.118164 0.250731 0.009766 0.016082
0 0.016113 0.241959 0.006836 0.013158
