0 0.229004 0.144937 0.016602 0.024051
0 0.021484 0.607595 0.019531 0.027848
0 0.051270 0.688608 0.022461 0.025316
0 0.622070 0.654430 0.019531 0.032911
0 0.562988 0.649367 0.020508 0.030380
0 0.532715 0.649367 0.012695 0.035443
0 0.387695 0.553797 0.017578 0.029114
0 0.421875 0.643671 0.013672 0.024051
0 0.811523 0.693038 0.019531 0.036709
0 0.250977 0.587975 0.015625 0.026582
0 0.291504 0.581646 0.016602 0.029114
0 0.545410 0.347468 0.008789 0.016456
0 0.455078 0.365823 0.013672 0.017722
0 0.953125 0.716456 0.021484 0.027848
0 0.182129 0.138608 0.016602 0.031646
