0 0.639648 0.501989 0.015625 0.011936
0 0.486816 0.542440 0.012695 0.023873
0 0.501465 0.527188 0.010742 0.022546
0 0.479980 0.397878 0.008789 0.021220
0 0.487793 0.371353 0.010742 0.013263
0 0.271973 0.370027 0.008789 0.021220
0 0.217285 0.358753 0.006836 0.017241
0 0.221680 0.507294 0.013672 0.022546
0 0.258301 0.405172 0.006836 0.017241
0 0.309570 0.414456 0.005859 0.017241
0 0.287598 0.478780 0.008789 0.018568
0 0.130371 0.451592 0.010742 0.019894
0 0.100586 0.346817 0.011719 0.022546
0 0.064453 0.417772 0.007812 0.023873
0 0.007812 0.535809 0.011719 0.026525
0 0.386719 0.384615 0.005859 0.018568
0 0.233887 0.427056 0.006836 0.015915
