0 0.713867 0.220423 0.009766 0.012453
0 0.930176 0.231631 0.010742 0.019925
0 0.864746 0.238481 0.008789 0.016189
0 0.849609 0.250311 0.009766 0.014944
0 0.796387 0.137609 0.008789 0.013699
0 0.813965 0.126401 0.006836 0.011208
0 0.696289 0.115193 0.007812 0.016189
0 0.798340 0.155044 0.010742 0.013699
0 0.907227 0.143213 0.009766 0.014944
0 0.881836 0.188667 0.007812 0.013699
0 0.869629 0.204857 0.008789 0.013699
0 0.893066 0.228518 0.010742 0.016189
0 0.951172 0.229763 0.011719 0.016189
0 0.929199 0.216065 0.010742 0.013699
0 0.894531 0.211706 0.009766 0.012453
0 0.932617 0.179950 0.007812 0.016189
0 0.925293 0.129514 0.008789 0.012453
0 0.943848 0.122665 0.008789 0.016189
0 0.772949 0.152553 0.012695 0.021171
0 0.804688 0.103362 0.009766 0.012453
0 0.770508 0.089664 0.009766 0.009963
0 0.873047 0.086550 0.009766 0.013699
0 0.848633 0.089041 0.009766 0.011208
0 0.834473 0.047945 0.006836 0.011208
0 0.804199 0.052927 0.008789 0.011208
0 0.777832 0.027397 0.008789 0.014944
0 0.684082 0.221046 0.010742 0.016189
0 0.646973 0.187422 0.010742 0.016189
0 0.669922 0.179328 0.013672 0.017435
0 0.742676 0.084060 0.010742 0.013699
0 0.425293 0.146949 0.051758 0.079701
0 0.221191 0.156289 0.026367 0.036115
0 0.164551 0.220423 0.012695 0.017435
0 0.549805 0.242839 0.009766 0.014944
0 0.567383 0.232877 0.009766 0.014944
0 0.554688 0.210461 0.007812 0.009963
0 0.523926 0.235990 0.010742 0.013699
0 0.127441 0.243462 0.010742 0.016189
0 0.041992 0.252179 0.009766 0.011208
0 0.063965 0.238481 0.008789 0.011208
0 0.168457 0.178705 0.008789 0.013699
0 0.631348 0.105230 0.008789 0.013699
0 0.636230 0.138854 0.010742 0.011208
0 0.522949 0.153176 0.006836 0.012453
0 0.510254 0.115816 0.008789 0.014944
0 0.797363 0.244085 0.041992 0.069738
0 0.699707 0.246575 0.008789 0.014944
0 0.727051 0.231631 0.010742 0.014944
0 0.713379 0.186177 0.010742 0.013699
0 0.694336 0.180573 0.009766 0.014944
0 0.706543 0.209838 0.006836 0.013699
0 0.970703 0.240971 0.011719 0.013699
0 0.645508 0.227895 0.009766 0.022416
0 0.745117 0.187422 0.007812 0.013699
0 0.681152 0.186177 0.006836 0.013699
0 0.702637 0.140100 0.006836 0.011208
0 0.086426 0.236613 0.006836 0.012453
0 0.091309 0.222291 0.006836 0.011208
0 0.083496 0.204857 0.006836 0.013699
0 0.177734 0.190535 0.005859 0.012453
0 0.904785 0.243462 0.008789 0.016189
0 0.991699 0.232877 0.010742 0.017435
0 0.959473 0.206102 0.010742 0.016189
0 0.988281 0.171233 0.007812 0.013699
0 0.887207 0.250311 0.010742 0.014944
0 0.526855 0.206725 0.008789 0.014944
