0 0.797363 0.502140 0.026367 0.042796
0 0.802734 0.416548 0.021484 0.042796
0 0.868652 0.402282 0.030273 0.054208
0 0.941895 0.398716 0.032227 0.049929
0 0.744141 0.424394 0.023438 0.044223
0 0.688477 0.390870 0.027344 0.045649
0 0.696289 0.485021 0.027344 0.051355
0 0.610840 0.363053 0.026367 0.047076
0 0.597656 0.497147 0.029297 0.052782
0 0.540527 0.370185 0.026367 0.044223
0 0.508301 0.492867 0.026367 0.049929
0 0.489258 0.383024 0.023438 0.047076
0 0.409180 0.679743 0.027344 0.038516
0 0.413086 0.490014 0.025391 0.049929
0 0.424805 0.366619 0.021484 0.039943
0 0.346680 0.369472 0.023438 0.039943
0 0.326172 0.492867 0.023438 0.052782
0 0.268066 0.398003 0.026367 0.045649
0 0.243652 0.496434 0.026367 0.048502
0 0.136230 0.488588 0.028320 0.055635
0 0.187988 0.384451 0.026367 0.049929
0 0.127441 0.377318 0.024414 0.052782
0 0.043457 0.362340 0.026367 0.048502
