0 0.718750 0.271596 0.021484 0.036603
0 0.612793 0.297950 0.020508 0.030747
0 0.508789 0.378477 0.025391 0.048316
0 0.517090 0.290630 0.016602 0.030747
0 0.541992 0.305271 0.013672 0.024890
0 0.560059 0.300878 0.014648 0.024890
0 0.654785 0.304539 0.018555 0.032211
0 0.758789 0.177892 0.025391 0.039531
0 0.724121 0.174231 0.026367 0.032211
0 0.667480 0.155198 0.018555 0.040996
0 0.515137 0.188873 0.016602 0.026354
0 0.473633 0.198389 0.013672 0.024890
0 0.534180 0.137628 0.011719 0.029283
0 0.604492 0.133236 0.015625 0.026354
0 0.620117 0.134700 0.013672 0.029283
0 0.636719 0.129575 0.015625 0.027818
0 0.659180 0.118594 0.017578 0.026354
0 0.030762 0.249634 0.020508 0.033675
0 0.096680 0.058565 0.011719 0.023426
0 0.025391 0.082723 0.009766 0.016105
0 0.629883 0.191801 0.015625 0.026354
0 0.495605 0.144217 0.014648 0.021962
0 0.463867 0.137628 0.015625 0.026354
0 0.544922 0.036603 0.013672 0.023426
0 0.745117 0.043924 0.015625 0.029283
0 0.697266 0.051245 0.017578 0.029283
0 0.933105 0.189605 0.018555 0.030747
0 0.906738 0.027818 0.014648 0.026354
0 0.379883 0.051977 0.011719 0.019034
0 0.340332 0.060029 0.014648 0.023426
0 0.803711 0.271596 0.019531 0.039531
0 0.556641 0.130307 0.013672 0.026354
0 0.570801 0.127379 0.016602 0.026354
0 0.465820 0.243045 0.013672 0.023426
0 0.525879 0.081259 0.012695 0.019034
0 0.406738 0.049048 0.010742 0.021962
0 0.325195 0.042460 0.011719 0.017570
0 0.355957 0.249634 0.012695 0.021962
0 0.350098 0.199854 0.010742 0.024890
0 0.414062 0.260615 0.013672 0.026354
0 0.540039 0.198389 0.019531 0.033675
0 0.068848 0.011713 0.010742 0.017570
0 0.077148 0.068814 0.011719 0.023426
