0 0.656250 0.348200 0.048828 0.098592
0 0.167969 0.258216 0.041016 0.075117
0 0.087891 0.201095 0.025391 0.039124
0 0.094238 0.106416 0.026367 0.050078
0 0.019043 0.117371 0.024414 0.050078
0 0.077637 0.023474 0.024414 0.034429
0 0.171387 0.030516 0.022461 0.042254
0 0.250488 0.042254 0.026367 0.056338
0 0.348145 0.108764 0.022461 0.057903
0 0.412598 0.111111 0.024414 0.050078
0 0.409668 0.029734 0.022461 0.043818
0 0.352051 0.021909 0.024414 0.031299
0 0.631836 0.056338 0.021484 0.046948
0 0.699707 0.033646 0.024414 0.042254
0 0.484375 0.118153 0.021484 0.045383
0 0.385742 0.241002 0.031250 0.056338
