0 0.842773 0.334756 0.019531 0.032927
0 0.876953 0.285366 0.019531 0.031707
0 0.901367 0.355488 0.017578 0.028049
0 0.917969 0.423171 0.019531 0.031707
0 0.831055 0.428659 0.017578 0.030488
0 0.778320 0.333537 0.019531 0.030488
0 0.744629 0.284146 0.016602 0.024390
0 0.745117 0.428659 0.019531 0.030488
0 0.701172 0.338415 0.017578 0.028049
0 0.658691 0.427439 0.018555 0.037805
0 0.582520 0.429268 0.018555 0.031707
0 0.622070 0.336585 0.017578 0.026829
0 0.550781 0.337195 0.017578 0.030488
0 0.679199 0.271951 0.018555 0.031707
0 0.602539 0.276220 0.017578 0.030488
0 0.527344 0.276829 0.017578 0.029268
0 0.451660 0.280488 0.016602 0.024390
0 0.478027 0.330488 0.016602 0.029268
0 0.400879 0.337195 0.016602 0.025610
0 0.377930 0.284756 0.017578 0.028049
0 0.325684 0.342073 0.018555 0.025610
0 0.308594 0.285976 0.017578 0.025610
0 0.252930 0.342073 0.017578 0.025610
0 0.235352 0.281098 0.017578 0.030488
0 0.169434 0.290244 0.016602 0.026829
0 0.175781 0.350000 0.019531 0.029268
0 0.177246 0.430488 0.018555 0.031707
0 0.265625 0.428659 0.017578 0.030488
0 0.340332 0.430488 0.020508 0.034146
0 0.422363 0.418902 0.018555 0.032927
0 0.509277 0.437805 0.020508 0.031707
0 0.091797 0.421341 0.017578 0.028049
0 0.126465 0.353049 0.020508 0.030488
0 0.071777 0.346951 0.018555 0.028049
0 0.813477 0.284146 0.019531 0.024390
