0 0.777344 0.399590 0.025391 0.069672
0 0.764160 0.170082 0.024414 0.053279
0 0.864258 0.170082 0.025391 0.069672
0 0.659668 0.170082 0.024414 0.057377
0 0.660156 0.362705 0.025391 0.069672
0 0.564453 0.391393 0.025391 0.065574
0 0.576172 0.171107 0.023438 0.059426
0 0.494629 0.184426 0.024414 0.057377
0 0.434570 0.147541 0.023438 0.057377
0 0.369141 0.367828 0.023438 0.059426
0 0.492676 0.379098 0.024414 0.065574
0 0.613281 0.625000 0.027344 0.069672
0 0.703125 0.633197 0.027344 0.049180
0 0.353516 0.167008 0.021484 0.067623
0 0.285156 0.167008 0.021484 0.063525
0 0.196289 0.158811 0.027344 0.059426
0 0.232910 0.401639 0.030273 0.081967
0 0.135254 0.410861 0.026367 0.067623
0 0.106445 0.191598 0.027344 0.071721
