0 0.506836 0.453125 0.019531 0.028125
0 0.562012 0.525000 0.024414 0.046875
0 0.541016 0.592187 0.021484 0.037500
0 0.538574 0.650000 0.026367 0.043750
0 0.625977 0.652344 0.017578 0.035937
0 0.680176 0.696875 0.022461 0.046875
0 0.696777 0.685937 0.018555 0.040625
0 0.741211 0.641406 0.021484 0.051562
0 0.780762 0.625781 0.018555 0.048438
0 0.753906 0.806250 0.021484 0.043750
0 0.778320 0.792188 0.017578 0.043750
0 0.803711 0.766406 0.021484 0.048438
0 0.848145 0.742969 0.022461 0.054688
0 0.953125 0.782813 0.021484 0.043750
0 0.970703 0.643750 0.017578 0.046875
0 0.929688 0.633594 0.019531 0.039062
0 0.785156 0.564844 0.023438 0.042188
0 0.737793 0.467969 0.016602 0.035937
0 0.700195 0.476562 0.019531 0.050000
0 0.679199 0.482812 0.014648 0.043750
0 0.636719 0.500781 0.021484 0.048438
0 0.603516 0.502344 0.019531 0.042188
0 0.853027 0.417187 0.018555 0.050000
0 0.917969 0.400781 0.017578 0.042188
0 0.944336 0.500000 0.021484 0.043750
0 0.932617 0.528125 0.015625 0.040625
0 0.983398 0.385156 0.017578 0.045312
0 0.651367 0.557031 0.013672 0.029687
0 0.620117 0.561719 0.019531 0.035937
0 0.244141 0.404687 0.296875 0.515625
0 0.461914 0.261719 0.019531 0.042188
0 0.437012 0.309375 0.018555 0.037500
0 0.540527 0.121094 0.018555 0.045312
0 0.037598 0.184375 0.016602 0.037500
0 0.020508 0.296875 0.025391 0.046875
0 0.013672 0.043750 0.017578 0.028125
0 0.495117 0.613281 0.019531 0.064062
0 0.541504 0.118750 0.018555 0.046875
0 0.688477 0.284375 0.013672 0.028125
0 0.616699 0.310937 0.016602 0.037500
0 0.748535 0.025781 0.014648 0.032813
0 0.473633 0.070312 0.015625 0.037500
0 0.916504 0.038281 0.012695 0.032813
0 0.982422 0.025781 0.015625 0.023438
0 0.941895 0.206250 0.018555 0.034375
0 0.897949 0.279687 0.020508 0.034375
0 0.852051 0.313281 0.020508 0.042188
