0 0.903320 0.143951 0.046875 0.085758
0 0.806152 0.143185 0.041992 0.084227
0 0.706543 0.104135 0.041992 0.082695
0 0.687500 0.351455 0.042969 0.096478
0 0.598633 0.090352 0.039062 0.088821
0 0.580566 0.351455 0.041992 0.081164
0 0.458984 0.228178 0.041016 0.082695
0 0.477051 0.075038 0.038086 0.082695
0 0.416992 0.357580 0.048828 0.099541
0 0.307129 0.356049 0.043945 0.096478
0 0.280762 0.103369 0.041992 0.093415
0 0.367188 0.091884 0.039062 0.082695
0 0.211914 0.361409 0.044922 0.104135
0 0.161133 0.120980 0.041016 0.079632
0 0.108398 0.139357 0.041016 0.079632
