0 0.894043 0.147017 0.038086 0.072443
0 0.870117 0.165483 0.027344 0.049716
0 0.754883 0.051847 0.037109 0.075284
0 0.697754 0.036222 0.032227 0.044034
0 0.697266 0.181818 0.033203 0.085227
0 0.809570 0.266335 0.050781 0.061080
0 0.661621 0.168324 0.038086 0.072443
0 0.605957 0.047585 0.030273 0.052557
0 0.540039 0.236506 0.039062 0.078125
0 0.536133 0.086648 0.039062 0.062500
0 0.528809 0.030540 0.032227 0.049716
0 0.478027 0.109375 0.036133 0.051136
0 0.975586 0.105114 0.027344 0.073864
0 0.272949 0.148438 0.030273 0.044034
0 0.283691 0.255682 0.030273 0.056818
0 0.365234 0.096591 0.037109 0.059659
0 0.252930 0.031960 0.033203 0.044034
0 0.229004 0.110795 0.034180 0.062500
0 0.136719 0.262074 0.031250 0.044034
0 0.183594 0.233665 0.029297 0.052557
0 0.132812 0.097301 0.027344 0.046875
0 0.175293 0.027699 0.032227 0.046875
0 0.065918 0.069602 0.032227 0.039773
0 0.048828 0.186790 0.039062 0.061080
0 0.380371 0.171875 0.038086 0.082386
0 0.403320 0.056108 0.035156 0.063920
0 0.849121 0.049716 0.030273 0.045455
