0 0.854004 0.410501 0.022461 0.062053
0 0.774902 0.427208 0.022461 0.066826
0 0.697266 0.412888 0.021484 0.057279
0 0.619141 0.417661 0.021484 0.062053
0 0.917480 0.249403 0.020508 0.054893
0 0.851562 0.274463 0.019531 0.066826
0 0.800781 0.254177 0.017578 0.054893
0 0.734863 0.251790 0.020508 0.054893
0 0.689941 0.252983 0.018555 0.057279
0 0.633789 0.217184 0.021484 0.062053
0 0.564941 0.182578 0.018555 0.064439
0 0.497559 0.202864 0.020508 0.062053
0 0.430664 0.229117 0.019531 0.057279
0 0.388672 0.396181 0.021484 0.066826
0 0.464844 0.397375 0.019531 0.064439
0 0.543945 0.422434 0.021484 0.071599
0 0.378906 0.232697 0.021484 0.059666
0 0.332520 0.237470 0.020508 0.069212
0 0.280273 0.232697 0.019531 0.064439
0 0.281250 0.439141 0.023438 0.066826
0 0.205566 0.418854 0.022461 0.064439
0 0.162598 0.244630 0.020508 0.064439
0 0.223145 0.236277 0.020508 0.066826
0 0.093750 0.214797 0.021484 0.052506
