0 0.665527 0.014641 0.010742 0.014641
0 0.627930 0.025622 0.007812 0.010249
0 0.685547 0.012445 0.011719 0.010249
0 0.760742 0.174231 0.009766 0.017570
0 0.739258 0.106149 0.009766 0.016105
0 0.701172 0.066618 0.007812 0.010249
0 0.747559 0.047584 0.008789 0.016105
0 0.761719 0.024890 0.011719 0.014641
0 0.603516 0.160322 0.011719 0.019034
0 0.595215 0.138360 0.012695 0.019034
0 0.567871 0.138360 0.012695 0.016105
0 0.575195 0.166911 0.011719 0.017570
0 0.801270 0.163982 0.014648 0.020498
0 0.832031 0.188873 0.011719 0.017570
0 0.829590 0.293558 0.012695 0.019034
0 0.900879 0.199122 0.010742 0.020498
0 0.863770 0.193997 0.012695 0.019034
0 0.869141 0.128111 0.009766 0.013177
0 0.831055 0.166911 0.009766 0.014641
0 0.788086 0.133968 0.011719 0.016105
0 0.840332 0.148609 0.006836 0.013177
0 0.819824 0.147877 0.008789 0.011713
0 0.915527 0.088580 0.010742 0.019034
0 0.866211 0.034407 0.011719 0.019034
0 0.824707 0.111274 0.010742 0.017570
0 0.789551 0.027818 0.012695 0.020498
0 0.931152 0.112006 0.012695 0.019034
0 0.900391 0.134700 0.011719 0.017570
0 0.906250 0.167643 0.009766 0.019034
0 0.947266 0.136896 0.013672 0.016105
0 0.921387 0.152269 0.010742 0.014641
0 0.966797 0.118594 0.011719 0.020498
0 0.945801 0.090044 0.010742 0.016105
0 0.967285 0.088580 0.010742 0.016105
0 0.950195 0.232064 0.011719 0.019034
0 0.947266 0.180820 0.013672 0.019034
0 0.940918 0.206442 0.010742 0.014641
0 0.966797 0.205710 0.011719 0.019034
0 0.922852 0.226940 0.011719 0.017570
0 0.991211 0.093704 0.011719 0.020498
0 0.950684 0.010249 0.010742 0.011713
0 0.978516 0.012445 0.011719 0.013177
0 0.768066 0.090044 0.012695 0.016105
0 0.798340 0.194729 0.012695 0.017570
0 0.935059 0.265739 0.010742 0.016105
0 0.840332 0.262811 0.012695 0.016105
0 0.381348 0.032211 0.012695 0.017570
0 0.144043 0.012445 0.012695 0.016105
0 0.553711 0.020498 0.015625 0.020498
0 0.512695 0.159590 0.013672 0.017570
0 0.948242 0.036603 0.007812 0.014641
0 0.666992 0.258419 0.042969 0.071742
0 0.768066 0.251830 0.022461 0.035139
0 0.498535 0.235725 0.032227 0.052709
0 0.435547 0.278184 0.025391 0.055637
0 0.103027 0.275256 0.012695 0.023426
0 0.054688 0.269400 0.011719 0.026354
0 0.021484 0.272328 0.015625 0.032211
0 0.013184 0.191801 0.012695 0.029283
0 0.045898 0.197657 0.015625 0.026354
0 0.044434 0.161786 0.014648 0.021962
0 0.016113 0.121523 0.010742 0.023426
0 0.041504 0.120791 0.014648 0.027818
0 0.066406 0.151537 0.015625 0.027818
0 0.099121 0.153734 0.014648 0.029283
0 0.103027 0.118594 0.010742 0.026354
0 0.123535 0.131040 0.012695 0.021962
0 0.125000 0.166179 0.013672 0.021962
0 0.148926 0.168375 0.014648 0.023426
0 0.146484 0.128843 0.011719 0.023426
0 0.163086 0.131040 0.009766 0.016105
0 0.170898 0.158858 0.015625 0.024890
0 0.176758 0.243777 0.013672 0.019034
0 0.156738 0.273792 0.012695 0.020498
0 0.204102 0.245242 0.013672 0.019034
0 0.251465 0.243045 0.012695 0.023426
0 0.272949 0.284041 0.012695 0.017570
0 0.311523 0.283309 0.013672 0.019034
0 0.324219 0.280381 0.009766 0.016105
0 0.300293 0.241581 0.014648 0.020498
0 0.307129 0.193265 0.010742 0.017570
0 0.265625 0.177892 0.011719 0.019034
0 0.247070 0.161054 0.013672 0.023426
0 0.231934 0.166911 0.012695 0.023426
0 0.226074 0.135432 0.010742 0.016105
0 0.251465 0.134700 0.010742 0.017570
0 0.250000 0.101025 0.011719 0.017570
0 0.245117 0.076867 0.009766 0.013177
0 0.189453 0.129575 0.011719 0.019034
0 0.207031 0.099561 0.009766 0.014641
0 0.169434 0.092240 0.012695 0.020498
0 0.187012 0.103221 0.012695 0.016105
0 0.151367 0.092240 0.011719 0.017570
0 0.125488 0.061493 0.010742 0.014641
0 0.104980 0.060029 0.010742 0.020498
0 0.064453 0.054173 0.011719 0.020498
0 0.277344 0.135432 0.011719 0.019034
0 0.288574 0.124451 0.010742 0.017570
0 0.309570 0.114202 0.009766 0.020498
0 0.321289 0.109810 0.011719 0.020498
0 0.045410 0.052709 0.010742 0.017570
0 0.069336 0.027818 0.013672 0.020498
0 0.174316 0.040264 0.010742 0.021962
0 0.197754 0.040264 0.012695 0.019034
0 0.211914 0.046852 0.011719 0.017570
0 0.286621 0.049780 0.012695 0.017570
0 0.260254 0.019034 0.010742 0.017570
0 0.222656 0.103221 0.011719 0.019034
0 0.164062 0.010981 0.013672 0.019034
0 0.158203 0.034407 0.011719 0.013177
0 0.130371 0.039531 0.012695 0.017570
0 0.112793 0.012445 0.010742 0.013177
0 0.022949 0.051245 0.008789 0.017570
0 0.016602 0.019766 0.011719 0.013177
0 0.147461 0.057101 0.007812 0.014641
0 0.092285 0.026354 0.008789 0.011713
0 0.275391 0.078331 0.015625 0.019034
0 0.300293 0.024158 0.008789 0.016105
0 0.321289 0.030015 0.009766 0.016105
0 0.351562 0.026354 0.009766 0.017570
0 0.309570 0.059297 0.009766 0.016105
0 0.334473 0.052709 0.010742 0.017570
0 0.418945 0.121523 0.011719 0.020498
0 0.344238 0.172767 0.012695 0.020498
0 0.340332 0.150073 0.012695 0.016105
0 0.368164 0.179356 0.011719 0.016105
0 0.463379 0.153734 0.010742 0.020498
0 0.427734 0.177160 0.011719 0.020498
0 0.378906 0.125183 0.011719 0.019034
0 0.397949 0.065154 0.008789 0.016105
0 0.402344 0.092240 0.009766 0.017570
0 0.378906 0.091508 0.011719 0.016105
0 0.358398 0.059297 0.013672 0.021962
0 0.403809 0.033675 0.010742 0.020498
0 0.451660 0.071742 0.010742 0.020498
0 0.464844 0.026354 0.011719 0.017570
0 0.423828 0.012445 0.011719 0.019034
0 0.390625 0.181552 0.011719 0.014641
0 0.386230 0.133968 0.010742 0.016105
0 0.471191 0.122255 0.008789 0.019034
0 0.415039 0.062958 0.011719 0.014641
0 0.541504 0.064422 0.010742 0.020498
0 0.574707 0.092240 0.012695 0.023426
0 0.642578 0.052709 0.007812 0.014641
0 0.516602 0.032943 0.009766 0.016105
0 0.497559 0.032211 0.012695 0.014641
0 0.482422 0.010249 0.009766 0.014641
0 0.480957 0.067350 0.010742 0.017570
0 0.506348 0.078331 0.010742 0.016105
0 0.517090 0.098829 0.010742 0.016105
0 0.483398 0.103953 0.007812 0.011713
0 0.543457 0.125915 0.010742 0.014641
0 0.633301 0.155198 0.010742 0.017570
0 0.560059 0.191801 0.010742 0.017570
0 0.539551 0.191801 0.010742 0.017570
0 0.662598 0.099561 0.008789 0.014641
0 0.652832 0.076867 0.010742 0.016105
0 0.604980 0.017570 0.008789 0.014641
0 0.574707 0.025622 0.008789 0.010249
0 0.606445 0.048316 0.007812 0.011713
0 0.700684 0.103953 0.010742 0.017570
0 0.699707 0.130307 0.012695 0.014641
0 0.758301 0.137628 0.012695 0.020498
0 0.741211 0.161054 0.009766 0.014641
0 0.707031 0.223280 0.011719 0.016105
0 0.609863 0.199122 0.014648 0.026354
0 0.700195 0.019034 0.009766 0.017570
0 0.726562 0.019034 0.009766 0.014641
0 0.666992 0.040264 0.009766 0.013177
0 0.361328 0.229868 0.011719 0.020498
