0 0.713867 0.222656 0.070312 0.091146
0 0.354492 0.179688 0.060547 0.085938
0 0.829102 0.088542 0.019531 0.036458
0 0.886719 0.078776 0.023438 0.029948
0 0.891113 0.038411 0.024414 0.037760
0 0.972168 0.075521 0.022461 0.046875
0 0.958008 0.046224 0.019531 0.032552
0 0.763184 0.063802 0.024414 0.039062
0 0.692871 0.048828 0.026367 0.037760
0 0.613281 0.069010 0.021484 0.039062
0 0.701172 0.017578 0.023438 0.024740
0 0.750488 0.011719 0.024414 0.023438
0 0.464844 0.121094 0.023438 0.041667
0 0.531738 0.117839 0.022461 0.037760
0 0.541016 0.056641 0.023438 0.029948
0 0.436523 0.072266 0.025391 0.029948
0 0.399414 0.037760 0.023438 0.036458
0 0.285645 0.109375 0.020508 0.036458
0 0.027832 0.044271 0.018555 0.046875
0 0.843262 0.011068 0.022461 0.016927
0 0.929688 0.009766 0.023438 0.016927
0 0.010254 0.090495 0.016602 0.045573
0 0.742188 0.061849 0.015625 0.035156
0 0.623535 0.014974 0.022461 0.024740
