0 0.027832 0.415365 0.012695 0.018229
0 0.094727 0.410807 0.009766 0.014323
0 0.104492 0.406901 0.009766 0.019531
0 0.083008 0.379557 0.009766 0.016927
0 0.126465 0.429036 0.006836 0.014323
0 0.141113 0.417969 0.008789 0.018229
0 0.153809 0.423828 0.006836 0.019531
0 0.132324 0.419271 0.008789 0.015625
0 0.165039 0.385417 0.007812 0.018229
0 0.196289 0.425130 0.009766 0.019531
0 0.215820 0.459635 0.009766 0.020833
0 0.087402 0.366536 0.008789 0.011719
0 0.183105 0.388672 0.006836 0.011719
0 0.204102 0.392578 0.005859 0.014323
0 0.210449 0.387370 0.008789 0.019531
0 0.217773 0.404297 0.005859 0.016927
0 0.235840 0.414714 0.010742 0.016927
0 0.387695 0.444010 0.023438 0.033854
0 0.339844 0.393880 0.009766 0.024740
0 0.279297 0.403646 0.011719 0.023438
0 0.507324 0.481771 0.022461 0.031250
0 0.387207 0.394531 0.008789 0.013021
0 0.407715 0.391927 0.004883 0.015625
0 0.558594 0.375000 0.023438 0.036458
0 0.706055 0.415365 0.009766 0.015625
0 0.634277 0.363281 0.008789 0.026042
0 0.767090 0.369792 0.006836 0.013021
0 0.788086 0.391927 0.007812 0.013021
0 0.817383 0.406250 0.007812 0.013021
0 0.978516 0.411458 0.007812 0.010417
0 0.988281 0.404948 0.007812 0.015625
0 0.695312 0.405599 0.007812 0.009115
0 0.684570 0.393880 0.005859 0.009115
0 0.066406 0.405599 0.007812 0.014323
0 0.060059 0.394531 0.006836 0.010417
0 0.041992 0.405599 0.005859 0.011719
0 0.226074 0.432943 0.010742 0.019531
