0 0.533203 0.284483 0.015625 0.030504
0 0.491211 0.293767 0.011719 0.014589
0 0.474121 0.346817 0.012695 0.022546
0 0.484863 0.419761 0.022461 0.041114
0 0.453125 0.265915 0.015625 0.030504
0 0.421875 0.301061 0.007812 0.015915
0 0.347168 0.279178 0.010742 0.014589
0 0.346680 0.438329 0.019531 0.041114
0 0.135254 0.267241 0.008789 0.017241
0 0.256836 0.277851 0.005859 0.009284
0 0.273438 0.285146 0.003906 0.007958
0 0.746582 0.317639 0.006836 0.011936
0 0.721191 0.317639 0.006836 0.009284
0 0.627930 0.332891 0.005859 0.010610
0 0.605957 0.330239 0.004883 0.010610
0 0.876953 0.369363 0.013672 0.011936
0 0.083496 0.261936 0.004883 0.014589
0 0.092285 0.271883 0.004883 0.013263
0 0.065430 0.273873 0.003906 0.009284
0 0.108887 0.277851 0.004883 0.009284
0 0.101562 0.267905 0.003906 0.005305
0 0.147949 0.301724 0.004883 0.009284
