0 0.302734 0.116239 0.013672 0.037607
0 0.230469 0.115385 0.021484 0.046154
0 0.144043 0.088034 0.018555 0.039316
0 0.126465 0.095726 0.018555 0.027350
0 0.124023 0.124786 0.027344 0.041026
0 0.195801 0.115385 0.012695 0.029060
0 0.402344 0.137607 0.009766 0.018803
0 0.418945 0.123932 0.013672 0.032479
0 0.473145 0.145299 0.008789 0.023932
0 0.487305 0.170940 0.007812 0.017094
0 0.511230 0.131624 0.008789 0.020513
0 0.567383 0.126496 0.015625 0.041026
0 0.705078 0.276068 0.031250 0.094017
0 0.629883 0.147009 0.013672 0.034188
0 0.721191 0.163248 0.016602 0.029060
0 0.594238 0.141880 0.008789 0.020513
0 0.652344 0.152991 0.007812 0.018803
0 0.762695 0.166667 0.013672 0.029060
0 0.867188 0.175214 0.015625 0.039316
0 0.944824 0.162393 0.020508 0.047863
