0 0.151367 0.601074 0.035156 0.053711
0 0.274902 0.574707 0.030273 0.043945
0 0.231445 0.562500 0.017578 0.019531
0 0.194336 0.570312 0.015625 0.025391
0 0.058105 0.553223 0.020508 0.030273
0 0.359863 0.558594 0.022461 0.029297
0 0.342285 0.571289 0.014648 0.025391
0 0.330078 0.562988 0.013672 0.020508
0 0.321289 0.580078 0.015625 0.017578
0 0.380859 0.534668 0.033203 0.040039
0 0.143066 0.555176 0.014648 0.018555
0 0.813965 0.869629 0.057617 0.032227
0 0.760254 0.884766 0.016602 0.027344
0 0.735840 0.924316 0.020508 0.024414
0 0.705078 0.843262 0.017578 0.024414
0 0.631348 0.881836 0.026367 0.033203
0 0.521973 0.916016 0.026367 0.029297
0 0.587891 0.881836 0.017578 0.019531
0 0.563477 0.765625 0.013672 0.015625
0 0.650391 0.832031 0.009766 0.015625
0 0.859375 0.765137 0.011719 0.012695
0 0.885254 0.772461 0.010742 0.011719
0 0.881836 0.750977 0.007812 0.013672
0 0.631836 0.731445 0.009766 0.009766
