0 0.149414 0.222135 0.019531 0.042386
0 0.313477 0.316327 0.019531 0.045526
0 0.278809 0.317896 0.020508 0.048666
0 0.318359 0.223705 0.015625 0.045526
0 0.207031 0.306122 0.011719 0.025118
0 0.189453 0.308477 0.011719 0.026688
0 0.253906 0.417582 0.019531 0.047096
0 0.323730 0.395604 0.012695 0.028257
0 0.217285 0.416013 0.018555 0.037677
0 0.154785 0.430141 0.026367 0.062794
0 0.090820 0.402669 0.011719 0.026688
0 0.085449 0.328885 0.020508 0.039246
0 0.139160 0.301413 0.008789 0.018838
0 0.165039 0.505495 0.023438 0.047096
0 0.196289 0.507849 0.015625 0.039246
0 0.250977 0.209576 0.011719 0.026688
