0 0.233398 0.421981 0.031250 0.059701
0 0.358398 0.368385 0.019531 0.036635
0 0.410156 0.442334 0.017578 0.035278
0 0.343262 0.314111 0.010742 0.020353
0 0.298340 0.317503 0.014648 0.027137
0 0.195801 0.340570 0.014648 0.018996
0 0.223633 0.324288 0.011719 0.018996
0 0.144531 0.348033 0.025391 0.047490
0 0.087402 0.306649 0.006836 0.010855
0 0.100586 0.318860 0.005859 0.010855
0 0.175781 0.321574 0.007812 0.013569
0 0.384766 0.332429 0.009766 0.018996
0 0.468750 0.296472 0.011719 0.017639
0 0.020020 0.312754 0.008789 0.014925
