0 0.483398 0.187591 0.023438 0.021898
0 0.295898 0.618248 0.013672 0.024818
0 0.351074 0.586131 0.010742 0.018978
0 0.406250 0.571533 0.013672 0.024818
0 0.449707 0.550365 0.010742 0.023358
0 0.494141 0.537956 0.011719 0.021898
0 0.539062 0.582482 0.009766 0.020438
0 0.546387 0.575182 0.008789 0.017518
0 0.568848 0.564964 0.010742 0.017518
0 0.592285 0.540876 0.010742 0.018978
0 0.640625 0.554015 0.011719 0.018978
0 0.682617 0.532117 0.009766 0.018978
0 0.692871 0.540876 0.006836 0.013139
0 0.714355 0.537226 0.008789 0.017518
0 0.738770 0.553285 0.008789 0.020438
0 0.757812 0.537226 0.007812 0.017518
0 0.788086 0.545985 0.007812 0.017518
0 0.817383 0.563504 0.007812 0.014599
0 0.843262 0.541606 0.006836 0.014599
0 0.881836 0.464964 0.011719 0.021898
0 0.159668 0.639416 0.010742 0.023358
0 0.603516 0.554015 0.007812 0.013139
0 0.221191 0.627007 0.010742 0.024818
0 0.113770 0.680292 0.010742 0.023358
