0 0.957520 0.123698 0.012695 0.023438
0 0.916504 0.110026 0.016602 0.029948
0 0.877930 0.106120 0.019531 0.029948
0 0.798340 0.097005 0.008789 0.019531
0 0.701660 0.104818 0.010742 0.016927
0 0.621094 0.109375 0.009766 0.023438
0 0.539551 0.082682 0.018555 0.040365
0 0.193848 0.078125 0.012695 0.018229
0 0.035645 0.134115 0.038086 0.065104
0 0.375000 0.120443 0.011719 0.019531
0 0.254883 0.108724 0.005859 0.011719
0 0.298828 0.103516 0.005859 0.011719
0 0.348633 0.106771 0.005859 0.013021
0 0.487793 0.108073 0.010742 0.023438
0 0.166992 0.106771 0.005859 0.010417
0 0.153809 0.104167 0.008789 0.013021
0 0.227051 0.106120 0.006836 0.011719
