0 0.346191 0.019929 0.022461 0.025686
0 0.165039 0.014172 0.023438 0.023029
0 0.233887 0.026572 0.020508 0.023029
0 0.049805 0.025686 0.017578 0.023029
0 0.027344 0.027901 0.019531 0.023915
0 0.409180 0.017715 0.017578 0.021258
0 0.209473 0.018601 0.024414 0.024801
0 0.255371 0.011957 0.018555 0.020372
0 0.294922 0.011957 0.017578 0.022143
0 0.272949 0.016386 0.014648 0.016829
0 0.316406 0.012843 0.017578 0.022143
0 0.384766 0.014615 0.023438 0.027458
0 0.119141 0.011957 0.017578 0.018601
0 0.492676 0.018158 0.020508 0.027458
0 0.561523 0.025686 0.027344 0.031887
0 0.640137 0.021701 0.026367 0.032772
0 0.703613 0.060230 0.022461 0.026572
0 0.731445 0.031444 0.025391 0.025686
0 0.816895 0.029229 0.020508 0.028344
0 0.852539 0.018601 0.029297 0.037201
0 0.347168 0.021258 0.020508 0.023029
0 0.368652 0.015943 0.016602 0.019486
0 0.966309 0.063330 0.047852 0.045173
0 0.881836 0.036315 0.027344 0.028344
0 0.918945 0.045173 0.025391 0.026572
