0 0.181152 0.881536 0.057617 0.132353
0 0.316406 0.876634 0.062500 0.125817
0 0.286621 0.723039 0.020508 0.053922
0 0.229004 0.702614 0.012695 0.032680
0 0.043457 0.970588 0.045898 0.058824
0 0.022949 0.745915 0.022461 0.047386
0 0.231445 0.750000 0.015625 0.032680
0 0.280273 0.797386 0.023438 0.058824
0 0.378906 0.883170 0.035156 0.083333
0 0.492676 0.906046 0.053711 0.106209
0 0.595215 0.959967 0.059570 0.080065
0 0.909180 0.484477 0.037109 0.083333
0 0.851562 0.553105 0.029297 0.073529
0 0.759766 0.568627 0.021484 0.039216
0 0.698242 0.544118 0.015625 0.026144
0 0.701660 0.505719 0.012695 0.034314
0 0.985840 0.437908 0.018555 0.045752
