0 0.719238 0.179688 0.038086 0.092014
0 0.404297 0.813368 0.015625 0.032986
0 0.211426 0.677083 0.018555 0.038194
0 0.249512 0.668403 0.014648 0.027778
0 0.427734 0.773438 0.013672 0.029514
0 0.440918 0.736979 0.012695 0.029514
0 0.663086 0.811632 0.037109 0.085069
0 0.500488 0.827257 0.012695 0.032986
0 0.238281 0.664062 0.009766 0.022569
0 0.880859 0.739583 0.009766 0.020833
0 0.820801 0.689236 0.010742 0.024306
0 0.781738 0.692708 0.010742 0.017361
0 0.977051 0.771701 0.010742 0.029514
0 0.859863 0.703125 0.006836 0.017361
0 0.941895 0.702257 0.006836 0.015625
0 0.953125 0.685764 0.007812 0.017361
0 0.387207 0.776910 0.012695 0.029514
