0 0.093750 0.251129 0.052734 0.073363
0 0.218750 0.306998 0.046875 0.067720
0 0.264648 0.262415 0.011719 0.021445
0 0.269531 0.297404 0.013672 0.023702
0 0.394531 0.278781 0.048828 0.074492
0 0.426758 0.232506 0.025391 0.040632
0 0.523926 0.235892 0.040039 0.058691
0 0.474609 0.250564 0.015625 0.020316
0 0.334961 0.254515 0.007812 0.012415
0 0.653320 0.213883 0.058594 0.064334
0 0.861816 0.248871 0.053711 0.084650
0 0.973145 0.280474 0.024414 0.053047
0 0.119629 0.281038 0.016602 0.031603
0 0.181152 0.265801 0.006836 0.012415
