0 0.414551 0.148438 0.045898 0.067708
0 0.442383 0.134115 0.041016 0.091146
0 0.298340 0.395182 0.014648 0.027344
0 0.223633 0.478516 0.015625 0.027344
0 0.089355 0.490234 0.018555 0.027344
0 0.160645 0.493490 0.018555 0.033854
0 0.104980 0.584635 0.016602 0.031250
0 0.182617 0.580729 0.017578 0.033854
0 0.134277 0.690755 0.020508 0.029948
0 0.099609 0.791016 0.025391 0.050781
0 0.198242 0.777344 0.023438 0.036458
0 0.213379 0.695312 0.018555 0.041667
0 0.286133 0.684245 0.017578 0.037760
0 0.225586 0.654948 0.017578 0.028646
0 0.250488 0.656901 0.012695 0.024740
0 0.239746 0.414714 0.024414 0.037760
0 0.309082 0.493490 0.020508 0.033854
0 0.295410 0.806641 0.026367 0.048177
0 0.641113 0.587891 0.022461 0.037760
0 0.553711 0.408203 0.017578 0.035156
0 0.108398 0.395182 0.015625 0.019531
0 0.060547 0.380208 0.013672 0.020833
0 0.575195 0.584635 0.017578 0.033854
0 0.897949 0.389974 0.020508 0.032552
0 0.177246 0.416667 0.022461 0.041667
0 0.631348 0.499349 0.026367 0.040365
0 0.619629 0.401693 0.018555 0.035156
