0 0.613281 0.062419 0.023438 0.039012
0 0.656250 0.040962 0.027344 0.048114
0 0.714355 0.050715 0.024414 0.041612
0 0.764160 0.083875 0.024414 0.042913
0 0.812012 0.098179 0.016602 0.055917
0 0.583984 0.079324 0.031250 0.057217
0 0.564941 0.141092 0.032227 0.055917
0 0.526367 0.150845 0.033203 0.054616
0 0.411621 0.104031 0.036133 0.070221
0 0.529785 0.227568 0.043945 0.080624
0 0.507812 0.245774 0.041016 0.078023
0 0.768066 0.247074 0.032227 0.083225
0 0.814453 0.214564 0.035156 0.072822
0 0.954590 0.138492 0.036133 0.053316
0 0.211426 0.137191 0.036133 0.068921
0 0.353027 0.098179 0.038086 0.063719
0 0.354492 0.206112 0.046875 0.079324
0 0.319336 0.282185 0.042969 0.075423
