0 0.007812 0.263158 0.015625 0.030471
0 0.085938 0.238920 0.011719 0.020776
0 0.103027 0.270083 0.016602 0.033241
0 0.195801 0.227839 0.012695 0.020776
0 0.217773 0.264543 0.019531 0.022161
0 0.273926 0.264543 0.014648 0.019391
0 0.281250 0.221607 0.009766 0.019391
0 0.320312 0.253463 0.013672 0.016620
0 0.352539 0.211219 0.011719 0.020776
0 0.335449 0.268006 0.012695 0.020776
0 0.408203 0.268698 0.013672 0.022161
0 0.496094 0.243767 0.013672 0.024931
0 0.553711 0.257618 0.013672 0.027701
0 0.629883 0.242382 0.015625 0.027701
0 0.691895 0.247922 0.020508 0.030471
0 0.734863 0.252078 0.016602 0.024931
0 0.755859 0.248615 0.017578 0.029086
0 0.827637 0.244460 0.016602 0.031856
0 0.888672 0.262465 0.019531 0.034626
0 0.959961 0.228532 0.017578 0.036011
0 0.996094 0.265235 0.007812 0.031856
0 0.931152 0.175208 0.012695 0.018006
0 0.281250 0.279086 0.011719 0.020776
0 0.373047 0.450139 0.039062 0.036011
