0 0.242188 0.554017 0.041016 0.091413
0 0.315918 0.418283 0.030273 0.063712
0 0.286133 0.313712 0.027344 0.056787
0 0.190430 0.216066 0.025391 0.044321
0 0.271973 0.204294 0.020508 0.034626
0 0.096680 0.199446 0.025391 0.047091
0 0.011719 0.301247 0.021484 0.067867
0 0.057617 0.258310 0.027344 0.048476
0 0.112305 0.216759 0.019531 0.042936
0 0.361816 0.238227 0.020508 0.044321
0 0.409180 0.232687 0.017578 0.038781
0 0.474121 0.248615 0.022461 0.040166
0 0.539551 0.256233 0.022461 0.038781
0 0.559082 0.258310 0.014648 0.029086
0 0.477051 0.455679 0.014648 0.022161
0 0.494141 0.411357 0.019531 0.016620
0 0.528809 0.445983 0.022461 0.052632
0 0.551758 0.448753 0.023438 0.047091
0 0.611328 0.469529 0.019531 0.041551
0 0.634277 0.490997 0.016602 0.045706
0 0.689941 0.497230 0.018555 0.055402
0 0.643555 0.254848 0.025391 0.044321
0 0.693359 0.285319 0.023438 0.047091
0 0.731934 0.218837 0.022461 0.044321
0 0.764648 0.245845 0.031250 0.059557
0 0.792969 0.236842 0.021484 0.036011
0 0.822754 0.262465 0.036133 0.062327
0 0.853516 0.249307 0.027344 0.022161
0 0.836914 0.213296 0.017578 0.033241
0 0.864258 0.169668 0.017578 0.031856
0 0.873047 0.133657 0.013672 0.026316
0 0.944824 0.173823 0.016602 0.031856
0 0.961426 0.187673 0.012695 0.018006
0 0.912598 0.287396 0.026367 0.056787
0 0.955566 0.274931 0.038086 0.078947
