0 0.884277 0.484604 0.008789 0.013196
0 0.838379 0.488270 0.008789 0.017595
0 0.819824 0.485337 0.008789 0.017595
0 0.800293 0.461144 0.010742 0.019062
0 0.723145 0.470674 0.010742 0.017595
0 0.701660 0.464809 0.010742 0.017595
0 0.645996 0.477273 0.010742 0.021994
0 0.607422 0.462610 0.011719 0.019062
0 0.550293 0.488270 0.008789 0.017595
0 0.490723 0.461144 0.010742 0.019062
0 0.508789 0.454545 0.009766 0.017595
0 0.318848 0.480205 0.010742 0.019062
0 0.386230 0.477273 0.006836 0.016129
0 0.246582 0.483871 0.012695 0.023460
0 0.187500 0.470674 0.011719 0.017595
0 0.067383 0.480205 0.013672 0.021994
0 0.010254 0.485337 0.010742 0.020528
