0 0.220703 0.221751 0.042969 0.079096
0 0.355469 0.312147 0.039062 0.062147
0 0.300293 0.184322 0.030273 0.077684
0 0.341309 0.089689 0.041992 0.088983
0 0.493164 0.255650 0.042969 0.084746
0 0.580566 0.197034 0.036133 0.074859
0 0.676270 0.172316 0.040039 0.079096
0 0.572754 0.092514 0.041992 0.083333
0 0.343262 0.024011 0.040039 0.048023
0 0.436035 0.035311 0.038086 0.070621
0 0.461426 0.043785 0.043945 0.076271
0 0.647461 0.042373 0.039062 0.084746
0 0.702148 0.019774 0.019531 0.036723
0 0.980469 0.027542 0.025391 0.046610
0 0.907227 0.063559 0.017578 0.036723
0 0.803711 0.019068 0.023438 0.038136
