0 0.085449 0.161677 0.028320 0.080838
0 0.110840 0.171407 0.028320 0.055389
0 0.154785 0.151198 0.038086 0.077844
0 0.375977 0.204341 0.031250 0.055389
0 0.460938 0.169910 0.033203 0.055389
0 0.502930 0.191617 0.039062 0.068862
0 0.556641 0.215569 0.029297 0.047904
0 0.624512 0.180389 0.032227 0.064371
0 0.671875 0.289671 0.033203 0.040419
0 0.716309 0.132485 0.026367 0.055389
0 0.737305 0.153443 0.031250 0.064371
0 0.768066 0.155689 0.036133 0.062874
0 0.803223 0.151946 0.028320 0.058383
0 0.817383 0.178892 0.025391 0.058383
0 0.870605 0.199850 0.036133 0.061377
0 0.959473 0.172904 0.026367 0.058383
0 0.982422 0.165419 0.031250 0.055389
0 0.926758 0.232036 0.029297 0.059880
0 0.986816 0.257485 0.022461 0.056886
0 0.858398 0.348054 0.031250 0.052395
0 0.389160 0.191617 0.026367 0.053892
