0 0.186523 0.701318 0.027344 0.040996
0 0.205566 0.505124 0.022461 0.035139
0 0.098145 0.487555 0.022461 0.035139
0 0.045410 0.412884 0.020508 0.043924
0 0.030273 0.356515 0.013672 0.033675
0 0.102051 0.385066 0.024414 0.049780
0 0.176758 0.416545 0.021484 0.042460
0 0.264648 0.409956 0.021484 0.046852
0 0.262695 0.333089 0.021484 0.042460
0 0.175781 0.301611 0.021484 0.043924
0 0.197266 0.319912 0.017578 0.033675
0 0.188965 0.258419 0.018555 0.036603
0 0.197754 0.228404 0.016602 0.032211
0 0.270508 0.254026 0.021484 0.039531
0 0.125000 0.295754 0.019531 0.038067
0 0.094238 0.331625 0.022461 0.036603
0 0.044922 0.292826 0.021484 0.043924
0 0.049316 0.264275 0.018555 0.024890
0 0.068359 0.224744 0.017578 0.039531
0 0.084473 0.176428 0.018555 0.033675
0 0.139648 0.221083 0.015625 0.023426
0 0.234863 0.208638 0.016602 0.030747
0 0.289062 0.235725 0.017578 0.038067
0 0.291504 0.193997 0.020508 0.036603
0 0.347168 0.420205 0.020508 0.035139
0 0.431152 0.371889 0.022461 0.049780
0 0.445801 0.298682 0.020508 0.040996
0 0.346680 0.346266 0.019531 0.045388
0 0.357422 0.312592 0.017578 0.033675
0 0.351562 0.273792 0.017578 0.029283
0 0.421875 0.255490 0.017578 0.036603
0 0.428223 0.213031 0.018555 0.033675
0 0.349121 0.211567 0.018555 0.039531
0 0.437012 0.177892 0.016602 0.036603
0 0.368164 0.162518 0.015625 0.038067
0 0.493164 0.168375 0.017578 0.029283
0 0.295410 0.124451 0.016602 0.035139
0 0.289062 0.100293 0.013672 0.030747
0 0.305664 0.103221 0.013672 0.030747
0 0.301270 0.076135 0.010742 0.017570
0 0.298828 0.049780 0.013672 0.023426
0 0.304199 0.027086 0.010742 0.019034
0 0.303223 0.005857 0.012695 0.011713
0 0.313477 0.008785 0.009766 0.014641
0 0.308105 0.026354 0.006836 0.020498
0 0.253906 0.010249 0.013672 0.020498
0 0.247559 0.036603 0.012695 0.020498
0 0.236816 0.052709 0.010742 0.020498
0 0.250488 0.076867 0.014648 0.030747
0 0.230957 0.086384 0.014648 0.032211
0 0.198242 0.035139 0.013672 0.023426
0 0.156250 0.030015 0.013672 0.024890
0 0.139160 0.045388 0.014648 0.029283
0 0.114258 0.051245 0.009766 0.029283
0 0.176270 0.076135 0.014648 0.029283
0 0.196777 0.073939 0.012695 0.027818
0 0.215820 0.148609 0.015625 0.027818
0 0.161133 0.153001 0.017578 0.030747
0 0.142090 0.162518 0.014648 0.023426
0 0.151855 0.155198 0.010742 0.023426
0 0.225098 0.136896 0.014648 0.036603
0 0.351562 0.111274 0.015625 0.029283
0 0.363281 0.086384 0.013672 0.026354
0 0.368164 0.060761 0.015625 0.030747
0 0.350098 0.044656 0.014648 0.030747
0 0.361816 0.013909 0.010742 0.027818
0 0.416992 0.013177 0.011719 0.026354
0 0.424805 0.011713 0.007812 0.020498
0 0.408691 0.057101 0.012695 0.026354
0 0.420410 0.076867 0.014648 0.024890
0 0.414551 0.111274 0.012695 0.032211
0 0.367188 0.016105 0.005859 0.014641
0 0.433105 0.120791 0.016602 0.036603
0 0.469238 0.005857 0.012695 0.011713
0 0.494629 0.045388 0.012695 0.026354
0 0.496582 0.092972 0.018555 0.030747
0 0.550293 0.010249 0.014648 0.020498
0 0.511719 0.005124 0.011719 0.010249
0 0.613281 0.006589 0.011719 0.013177
0 0.600098 0.037335 0.012695 0.024890
0 0.575195 0.039531 0.013672 0.029283
0 0.552734 0.085652 0.013672 0.030747
0 0.537598 0.121523 0.012695 0.026354
0 0.564453 0.146413 0.015625 0.032211
0 0.593262 0.070278 0.012695 0.026354
0 0.595215 0.129575 0.014648 0.033675
0 0.577637 0.154466 0.014648 0.027818
0 0.570312 0.188141 0.017578 0.039531
0 0.631836 0.054173 0.011719 0.020498
0 0.648438 0.024890 0.013672 0.017570
0 0.651855 0.054173 0.016602 0.029283
0 0.651367 0.079795 0.015625 0.030747
0 0.666016 0.025622 0.009766 0.010249
0 0.678223 0.021962 0.010742 0.017570
0 0.666504 0.113470 0.014648 0.033675
0 0.629395 0.174963 0.010742 0.027818
0 0.645020 0.172767 0.016602 0.032211
0 0.647461 0.138360 0.011719 0.016105
0 0.577637 0.255490 0.018555 0.030747
0 0.648926 0.231332 0.016602 0.035139
0 0.663086 0.245974 0.017578 0.035139
0 0.687012 0.308199 0.018555 0.036603
0 0.695312 0.344802 0.021484 0.042460
0 0.577148 0.291362 0.015625 0.032211
0 0.597168 0.329429 0.022461 0.038067
0 0.605469 0.345534 0.023438 0.038067
0 0.626953 0.463397 0.021484 0.033675
0 0.725586 0.404832 0.021484 0.036603
0 0.797852 0.411420 0.019531 0.043924
0 0.790039 0.347731 0.021484 0.036603
0 0.761719 0.330161 0.019531 0.042460
0 0.742676 0.303075 0.018555 0.035139
0 0.737305 0.238653 0.021484 0.038067
0 0.722656 0.222548 0.017578 0.035139
0 0.838379 0.506589 0.020508 0.032211
0 0.904785 0.666179 0.034180 0.049780
0 0.986328 0.621523 0.013672 0.115666
0 0.955566 0.578331 0.010742 0.117130
0 0.977051 0.581259 0.014648 0.102489
0 0.885742 0.406296 0.019531 0.045388
0 0.960938 0.384334 0.019531 0.039531
0 0.984375 0.396047 0.019531 0.042460
0 0.984863 0.322840 0.016602 0.033675
0 0.909668 0.345534 0.018555 0.035139
0 0.910645 0.285505 0.018555 0.035139
0 0.968262 0.273792 0.014648 0.032211
0 0.990723 0.281113 0.016602 0.032211
0 0.841309 0.333089 0.016602 0.033675
0 0.827148 0.288433 0.019531 0.032211
0 0.997559 0.227672 0.002930 0.021962
0 0.933105 0.244510 0.018555 0.035139
0 0.896484 0.282577 0.013672 0.032211
0 0.858887 0.240117 0.016602 0.032211
0 0.825195 0.226208 0.019531 0.036603
0 0.927734 0.204978 0.015625 0.032211
0 0.904785 0.186676 0.014648 0.027818
0 0.855469 0.174231 0.017578 0.035139
0 0.841309 0.158126 0.014648 0.032211
0 0.801270 0.221816 0.018555 0.024890
0 0.764648 0.181552 0.017578 0.035139
0 0.760742 0.154466 0.015625 0.027818
0 0.741699 0.128843 0.012695 0.029283
0 0.798828 0.125915 0.015625 0.029283
0 0.862305 0.114202 0.015625 0.035139
0 0.920898 0.139824 0.015625 0.033675
0 0.714355 0.111274 0.014648 0.026354
0 0.717773 0.062958 0.015625 0.026354
0 0.707031 0.049048 0.013672 0.033675
0 0.695801 0.054905 0.008789 0.024890
0 0.660645 0.057833 0.010742 0.021962
0 0.698242 0.021230 0.013672 0.024890
0 0.753906 0.035139 0.013672 0.026354
0 0.761230 0.049048 0.014648 0.033675
0 0.807129 0.022694 0.012695 0.027818
0 0.820801 0.019766 0.010742 0.024890
0 0.850098 0.012445 0.014648 0.024890
0 0.853516 0.051245 0.013672 0.020498
0 0.836914 0.071010 0.013672 0.030747
0 0.819824 0.064422 0.012695 0.026354
0 0.795898 0.078331 0.013672 0.021962
0 0.797363 0.103221 0.014648 0.021962
0 0.855469 0.100293 0.013672 0.027818
0 0.876953 0.078331 0.015625 0.027818
0 0.684570 0.117130 0.009766 0.020498
0 0.885742 0.009517 0.015625 0.019034
0 0.912109 0.095900 0.015625 0.030747
0 0.928711 0.043924 0.015625 0.029283
0 0.966309 0.120059 0.014648 0.032211
0 0.951660 0.153734 0.014648 0.032211
0 0.969727 0.058565 0.011719 0.026354
0 0.964844 0.013909 0.007812 0.013177
0 0.880371 0.361640 0.022461 0.040996
0 0.638184 0.381406 0.014648 0.033675
0 0.119141 0.264275 0.019531 0.036603
