0 0.986328 0.043478 0.009766 0.032984
0 0.945312 0.022489 0.019531 0.032984
0 0.897949 0.038231 0.018555 0.034483
0 0.836426 0.016492 0.020508 0.032984
0 0.790039 0.035982 0.017578 0.032984
0 0.761230 0.020240 0.014648 0.037481
0 0.691895 0.044978 0.020508 0.035982
0 0.648926 0.031484 0.014648 0.038981
0 0.593262 0.035982 0.018555 0.038981
0 0.549316 0.047226 0.016602 0.031484
0 0.571289 0.055472 0.017578 0.038981
0 0.451660 0.092204 0.020508 0.037481
0 0.373047 0.050975 0.019531 0.035982
0 0.297363 0.063718 0.010742 0.031484
0 0.209961 0.107196 0.013672 0.037481
0 0.212891 0.120690 0.015625 0.031484
0 0.159668 0.078711 0.014648 0.037481
0 0.288086 0.137181 0.021484 0.040480
0 0.294922 0.216642 0.023438 0.046477
0 0.229004 0.222639 0.026367 0.052474
0 0.205566 0.211394 0.020508 0.047976
0 0.181152 0.192654 0.020508 0.043478
0 0.204102 0.253373 0.027344 0.050975
0 0.252441 0.284108 0.028320 0.052474
0 0.309082 0.277361 0.028320 0.053973
0 0.339844 0.269115 0.029297 0.049475
0 0.377441 0.304348 0.030273 0.059970
0 0.415039 0.287106 0.029297 0.052474
0 0.450684 0.320090 0.026367 0.052474
0 0.142578 0.238381 0.019531 0.041979
0 0.175293 0.312594 0.030273 0.046477
0 0.063477 0.030735 0.017578 0.031484
0 0.029785 0.060720 0.014648 0.037481
0 0.025879 0.094453 0.018555 0.038981
0 0.051270 0.098201 0.018555 0.037481
0 0.056152 0.135682 0.010742 0.034483
0 0.120605 0.112444 0.012695 0.038981
0 0.086914 0.206147 0.025391 0.049475
0 0.123047 0.208396 0.023438 0.044978
0 0.136719 0.199400 0.023438 0.038981
0 0.029785 0.274363 0.026367 0.044978
0 0.021973 0.194153 0.012695 0.043478
0 0.058105 0.268366 0.018555 0.053973
0 0.095703 0.281859 0.025391 0.056972
0 0.121582 0.294603 0.036133 0.052474
0 0.122559 0.323838 0.022461 0.056972
0 0.102051 0.346327 0.020508 0.056972
0 0.377441 0.347076 0.022461 0.058471
0 0.475586 0.297601 0.027344 0.046477
0 0.501953 0.288606 0.027344 0.058471
0 0.546875 0.300600 0.029297 0.052474
0 0.573242 0.313343 0.029297 0.053973
0 0.437012 0.374813 0.032227 0.053973
0 0.471680 0.383058 0.033203 0.052474
0 0.505371 0.415292 0.032227 0.062969
0 0.567383 0.404048 0.033203 0.064468
0 0.579590 0.373313 0.036133 0.056972
0 0.597168 0.351574 0.030273 0.058471
0 0.641113 0.350075 0.038086 0.058471
0 0.603027 0.485757 0.034180 0.068966
0 0.391113 0.490255 0.036133 0.062969
0 0.476074 0.471514 0.034180 0.064468
0 0.525391 0.488006 0.037109 0.064468
0 0.620117 0.469265 0.033203 0.062969
0 0.632324 0.441529 0.024414 0.061469
0 0.662598 0.400300 0.034180 0.062969
0 0.677246 0.463268 0.036133 0.062969
0 0.699707 0.428036 0.034180 0.058471
0 0.737793 0.431784 0.032227 0.062969
0 0.779785 0.454273 0.036133 0.053973
0 0.853516 0.392804 0.033203 0.059970
0 0.916504 0.441529 0.034180 0.046477
0 0.828613 0.458771 0.034180 0.065967
0 0.840820 0.514993 0.041016 0.064468
0 0.962891 0.427286 0.039062 0.071964
0 0.988770 0.413043 0.022461 0.064468
0 0.973633 0.503748 0.027344 0.068966
0 0.729980 0.517991 0.036133 0.064468
0 0.794434 0.514243 0.012695 0.065967
0 0.862793 0.784108 0.014648 0.080960
