0 0.101074 0.353056 0.032227 0.055917
0 0.182617 0.349155 0.025391 0.045514
0 0.103516 0.578674 0.035156 0.052016
0 0.125977 0.659948 0.039062 0.066320
0 0.147949 0.521456 0.034180 0.054616
0 0.190430 0.532510 0.035156 0.053316
0 0.206055 0.429779 0.033203 0.048114
0 0.282227 0.317945 0.031250 0.048114
0 0.273926 0.514304 0.040039 0.058518
0 0.290039 0.641743 0.037109 0.058518
0 0.354492 0.343303 0.031250 0.046814
0 0.311035 0.407022 0.034180 0.049415
0 0.358398 0.537711 0.039062 0.058518
0 0.405762 0.617685 0.040039 0.059818
0 0.414062 0.340702 0.029297 0.052016
0 0.476074 0.377763 0.034180 0.037711
0 0.489746 0.501300 0.043945 0.058518
0 0.507812 0.630039 0.042969 0.068921
0 0.497070 0.330299 0.029297 0.049415
0 0.533203 0.334200 0.035156 0.039012
0 0.544434 0.379064 0.030273 0.048114
0 0.551270 0.497399 0.040039 0.068921
0 0.601074 0.616385 0.047852 0.067620
0 0.612793 0.329649 0.034180 0.053316
0 0.631348 0.425228 0.038086 0.057217
0 0.845215 0.351756 0.038086 0.063719
0 0.757324 0.281534 0.034180 0.053316
0 0.914551 0.350455 0.043945 0.053316
0 0.738770 0.436281 0.047852 0.074122
0 0.750000 0.571521 0.046875 0.066320
0 0.683594 0.309493 0.031250 0.059818
0 0.756836 0.365410 0.029297 0.041612
0 0.800781 0.328349 0.035156 0.055917
