0 0.052246 0.152995 0.012695 0.029948
0 0.063965 0.072266 0.012695 0.029948
0 0.080078 0.117188 0.037109 0.059896
0 0.128418 0.132812 0.034180 0.046875
0 0.165527 0.100260 0.034180 0.057292
0 0.193359 0.080729 0.021484 0.041667
0 0.219727 0.116536 0.037109 0.071615
0 0.275879 0.134115 0.038086 0.059896
0 0.323730 0.121094 0.045898 0.080729
0 0.398438 0.149740 0.046875 0.085938
0 0.833496 0.173177 0.083008 0.132812
0 0.712402 0.161458 0.063477 0.106771
0 0.566895 0.182292 0.053711 0.101562
0 0.483398 0.151693 0.050781 0.095052
