0 0.013672 0.336589 0.015625 0.029948
0 0.047852 0.327474 0.027344 0.048177
0 0.079590 0.319661 0.008789 0.019531
0 0.125977 0.383464 0.068359 0.113281
0 0.284668 0.343750 0.063477 0.093750
0 0.326660 0.360026 0.020508 0.024740
0 0.354492 0.313151 0.013672 0.022135
0 0.435547 0.343099 0.058594 0.092448
0 0.561035 0.315755 0.063477 0.100260
0 0.591309 0.338542 0.018555 0.039062
0 0.623047 0.329427 0.017578 0.023438
0 0.515625 0.538411 0.064453 0.105469
0 0.716309 0.337891 0.057617 0.100260
0 0.847168 0.279297 0.067383 0.100260
0 0.906738 0.301432 0.028320 0.050781
