0 0.108887 0.166921 0.045898 0.092988
0 0.180664 0.104421 0.044922 0.092988
0 0.190918 0.339177 0.051758 0.099085
0 0.273438 0.217988 0.044922 0.082317
0 0.294922 0.346037 0.048828 0.094512
0 0.324707 0.196646 0.038086 0.079268
0 0.365723 0.179878 0.036133 0.070122
0 0.400879 0.279726 0.038086 0.080793
0 0.439941 0.369665 0.047852 0.092988
0 0.421875 0.157774 0.033203 0.065549
0 0.480957 0.209604 0.038086 0.077744
0 0.493164 0.120427 0.029297 0.051829
0 0.520508 0.434451 0.048828 0.091463
0 0.556152 0.190549 0.040039 0.067073
0 0.613770 0.104421 0.032227 0.065549
0 0.646484 0.185213 0.039062 0.071646
0 0.617188 0.415396 0.048828 0.099085
0 0.694336 0.173780 0.041016 0.079268
0 0.745605 0.223323 0.047852 0.083841
0 0.816406 0.205030 0.046875 0.086890
0 0.871094 0.212652 0.046875 0.080793
