0 0.016113 0.432945 0.012695 0.020408
0 0.020508 0.451166 0.015625 0.030612
0 0.036133 0.448251 0.011719 0.024781
0 0.063477 0.462099 0.021484 0.040816
0 0.109863 0.454810 0.018555 0.037901
0 0.118164 0.427843 0.009766 0.016035
0 0.127930 0.420554 0.011719 0.024781
0 0.148926 0.397959 0.008789 0.017493
0 0.153320 0.423469 0.009766 0.021866
0 0.168945 0.450437 0.015625 0.029155
0 0.169434 0.402332 0.010742 0.026239
0 0.185059 0.384840 0.010742 0.020408
0 0.221191 0.346210 0.006836 0.013120
0 0.227051 0.345481 0.008789 0.017493
0 0.244629 0.430029 0.014648 0.023324
0 0.276855 0.369534 0.010742 0.021866
0 0.226074 0.461370 0.018555 0.027697
0 0.309082 0.384111 0.012695 0.021866
0 0.325684 0.372449 0.010742 0.021866
0 0.307617 0.413994 0.011719 0.023324
0 0.319824 0.434402 0.016602 0.029155
0 0.340332 0.410350 0.014648 0.024781
0 0.365234 0.467201 0.017578 0.030612
0 0.354004 0.458455 0.016602 0.027697
0 0.386230 0.370991 0.010742 0.016035
0 0.395996 0.391399 0.010742 0.021866
0 0.352051 0.500729 0.024414 0.039359
0 0.299805 0.513848 0.031250 0.062682
0 0.260254 0.619534 0.020508 0.034985
0 0.216309 0.596939 0.030273 0.051020
0 0.174805 0.590379 0.031250 0.052478
0 0.072754 0.564140 0.045898 0.069971
0 0.016602 0.549563 0.033203 0.081633
0 0.421875 0.367347 0.009766 0.020408
0 0.403809 0.413994 0.012695 0.020408
0 0.422852 0.419825 0.013672 0.023324
0 0.441406 0.395044 0.013672 0.020408
0 0.455078 0.422012 0.017578 0.024781
0 0.469727 0.448980 0.019531 0.029155
0 0.478516 0.414723 0.015625 0.030612
0 0.465332 0.371720 0.012695 0.023324
0 0.487793 0.395773 0.014648 0.024781
0 0.521484 0.413994 0.015625 0.029155
0 0.512695 0.370991 0.011719 0.021866
0 0.540039 0.373178 0.011719 0.023324
0 0.585449 0.349854 0.010742 0.023324
0 0.559082 0.315598 0.008789 0.013120
0 0.570312 0.309038 0.007812 0.017493
0 0.596680 0.308309 0.011719 0.018950
0 0.621094 0.346210 0.011719 0.021866
0 0.644043 0.360058 0.012695 0.026239
0 0.609375 0.389942 0.015625 0.027697
0 0.615234 0.406706 0.015625 0.029155
0 0.588867 0.423469 0.015625 0.027697
0 0.574219 0.475219 0.023438 0.043732
0 0.619141 0.478134 0.023438 0.052478
0 0.670898 0.443149 0.021484 0.034985
0 0.643555 0.419825 0.017578 0.034985
0 0.663086 0.402332 0.015625 0.029155
0 0.681152 0.356414 0.012695 0.027697
0 0.676270 0.301749 0.010742 0.020408
0 0.654297 0.243440 0.007812 0.020408
0 0.675293 0.241254 0.008789 0.016035
0 0.736816 0.239067 0.008789 0.017493
0 0.716797 0.310496 0.009766 0.017493
0 0.704102 0.318513 0.011719 0.013120
0 0.700684 0.330175 0.008789 0.016035
0 0.714844 0.339650 0.009766 0.020408
0 0.720215 0.357872 0.014648 0.021866
0 0.702148 0.395044 0.015625 0.032070
0 0.693848 0.427843 0.018555 0.033528
0 0.711426 0.471574 0.026367 0.042274
0 0.750977 0.415452 0.019531 0.034985
0 0.743652 0.389942 0.016602 0.033528
0 0.738281 0.358601 0.015625 0.029155
0 0.750977 0.331633 0.009766 0.024781
0 0.765625 0.360787 0.013672 0.024781
0 0.793945 0.333819 0.011719 0.020408
0 0.806641 0.348397 0.013672 0.029155
0 0.831543 0.354956 0.016602 0.027697
0 0.812012 0.333819 0.008789 0.014577
0 0.824707 0.333090 0.008789 0.016035
0 0.803223 0.418367 0.014648 0.029155
0 0.827148 0.433673 0.019531 0.039359
0 0.847656 0.413265 0.013672 0.027697
0 0.842285 0.390671 0.014648 0.026239
0 0.890137 0.388484 0.016602 0.024781
0 0.900879 0.338921 0.014648 0.027697
0 0.921387 0.323615 0.012695 0.020408
0 0.932129 0.349854 0.014648 0.026239
0 0.938965 0.330175 0.010742 0.018950
0 0.968750 0.312682 0.011719 0.021866
0 0.949219 0.234694 0.011719 0.023324
0 0.924316 0.393586 0.020508 0.037901
0 0.922852 0.534985 0.037109 0.061224
0 0.761719 0.474490 0.015625 0.021866
0 0.253418 0.473761 0.022461 0.046647
0 0.138184 0.446793 0.008789 0.018950
0 0.155273 0.396501 0.005859 0.014577
0 0.633301 0.400875 0.010742 0.020408
