0 0.060059 0.523438 0.026367 0.033854
0 0.120117 0.588542 0.015625 0.023438
0 0.182129 0.601562 0.012695 0.020833
0 0.249512 0.525391 0.026367 0.037760
0 0.320312 0.535807 0.019531 0.029948
0 0.430176 0.583333 0.010742 0.018229
0 0.539062 0.546875 0.017578 0.028646
0 0.634277 0.565104 0.012695 0.026042
0 0.681641 0.546875 0.019531 0.026042
0 0.804688 0.550781 0.013672 0.023438
0 0.774902 0.608073 0.004883 0.007812
0 0.047363 0.451823 0.006836 0.010417
0 0.082031 0.432292 0.003906 0.007812
0 0.981934 0.591146 0.006836 0.010417
0 0.166992 0.498698 0.005859 0.010417
0 0.282227 0.502604 0.005859 0.010417
0 0.292480 0.496094 0.004883 0.007812
0 0.303223 0.488932 0.004883 0.009115
0 0.337891 0.501302 0.003906 0.007812
0 0.479492 0.512370 0.005859 0.009115
0 0.514160 0.505208 0.004883 0.007812
0 0.530762 0.513672 0.004883 0.009115
0 0.544434 0.472005 0.004883 0.006510
0 0.551758 0.492839 0.003906 0.006510
0 0.552734 0.480469 0.003906 0.005208
0 0.596191 0.465495 0.002930 0.003906
0 0.597656 0.516927 0.003906 0.007812
0 0.618164 0.516276 0.003906 0.006510
0 0.628418 0.518229 0.004883 0.007812
0 0.715332 0.524740 0.004883 0.005208
0 0.689453 0.496094 0.003906 0.005208
0 0.695801 0.482422 0.002930 0.003906
0 0.728516 0.484375 0.003906 0.005208
0 0.714844 0.484375 0.003906 0.005208
0 0.794922 0.512370 0.003906 0.006510
0 0.706055 0.503255 0.003906 0.003906
0 0.953613 0.496094 0.002930 0.005208
