0 0.373535 0.269181 0.032227 0.067620
0 0.826172 0.037061 0.029297 0.050715
0 0.591309 0.335501 0.036133 0.067620
0 0.595703 0.088427 0.025391 0.046814
0 0.624512 0.159948 0.034180 0.049415
0 0.672363 0.164499 0.034180 0.050715
0 0.705566 0.398570 0.034180 0.050715
0 0.736328 0.319246 0.027344 0.045514
0 0.734863 0.518205 0.036133 0.068921
0 0.792969 0.491547 0.039062 0.078023
0 0.791992 0.408973 0.033203 0.066320
0 0.824219 0.203511 0.033203 0.055917
0 0.949707 0.351105 0.032227 0.065020
0 0.912109 0.133940 0.029297 0.057217
0 0.957520 0.089077 0.024414 0.048114
0 0.895020 0.058518 0.024414 0.041612
0 0.477539 0.385566 0.035156 0.063719
0 0.466309 0.317945 0.032227 0.037711
0 0.568848 0.421977 0.036133 0.061118
0 0.010742 0.866060 0.021484 0.093628
0 0.138672 0.814044 0.048828 0.101430
0 0.334961 0.866060 0.048828 0.093628
0 0.411621 0.860858 0.063477 0.119636
0 0.520996 0.694408 0.051758 0.101430
0 0.525879 0.947334 0.043945 0.105332
0 0.687988 0.942133 0.051758 0.102731
0 0.662109 0.680754 0.052734 0.110533
0 0.936523 0.808843 0.048828 0.088427
0 0.625000 0.520806 0.033203 0.058518
0 0.946289 0.695059 0.042969 0.089727
0 0.297852 0.446684 0.037109 0.087126
0 0.515625 0.580624 0.044922 0.079324
0 0.700195 0.453186 0.035156 0.061118
0 0.499023 0.162549 0.035156 0.059818
0 0.859863 0.463589 0.032227 0.066320
0 0.901367 0.556567 0.039062 0.059818
0 0.988770 0.280234 0.022461 0.058518
0 0.989258 0.118986 0.021484 0.037711
0 0.177734 0.317295 0.039062 0.072822
0 0.086426 0.022757 0.030273 0.045514
0 0.176270 0.027308 0.024414 0.041612
0 0.172363 0.161248 0.030273 0.052016
0 0.228027 0.053966 0.030273 0.058518
0 0.281250 0.250325 0.035156 0.063719
0 0.327148 0.081274 0.025391 0.045514
0 0.019043 0.189207 0.032227 0.058518
0 0.079590 0.383615 0.038086 0.057217
0 0.132324 0.280884 0.034180 0.052016
0 0.153320 0.225618 0.029297 0.040312
0 0.018066 0.646294 0.032227 0.091027
0 0.100586 0.502601 0.041016 0.087126
0 0.145508 0.611183 0.046875 0.078023
0 0.351562 0.648244 0.060547 0.105332
0 0.399414 0.524057 0.042969 0.067620
0 0.428223 0.640442 0.041992 0.074122
0 0.411133 0.706762 0.031250 0.048114
0 0.257324 0.035111 0.032227 0.049415
0 0.409668 0.066970 0.024414 0.058518
0 0.314941 0.237971 0.022461 0.044213
0 0.402344 0.187256 0.027344 0.044213
0 0.526855 0.052666 0.026367 0.042913
0 0.667480 0.023407 0.034180 0.046814
0 0.511719 0.016905 0.029297 0.033810
0 0.091797 0.865410 0.037109 0.055917
