0 0.966309 0.291992 0.026367 0.060547
0 0.975098 0.389648 0.022461 0.072266
0 0.937012 0.413086 0.034180 0.091797
0 0.889160 0.221680 0.022461 0.060547
0 0.930176 0.249023 0.020508 0.048828
0 0.809570 0.217773 0.021484 0.044922
0 0.792969 0.546875 0.039062 0.109375
0 0.719238 0.418945 0.038086 0.099609
0 0.806152 0.067383 0.012695 0.029297
0 0.743652 0.075195 0.012695 0.037109
0 0.698730 0.081055 0.014648 0.037109
0 0.651367 0.092773 0.013672 0.033203
0 0.660645 0.245117 0.022461 0.056641
0 0.613281 0.337891 0.037109 0.082031
0 0.579590 0.286133 0.028320 0.080078
0 0.561035 0.209961 0.020508 0.052734
0 0.538574 0.113281 0.022461 0.046875
0 0.509766 0.223633 0.023438 0.064453
0 0.466309 0.214844 0.026367 0.074219
0 0.483887 0.383789 0.032227 0.076172
0 0.387695 0.187500 0.023438 0.058594
0 0.377930 0.120117 0.015625 0.044922
0 0.349609 0.104492 0.011719 0.029297
0 0.349121 0.333008 0.036133 0.087891
0 0.236816 0.141602 0.020508 0.056641
0 0.185059 0.066406 0.020508 0.046875
0 0.195801 0.200195 0.026367 0.060547
0 0.326172 0.293945 0.027344 0.068359
0 0.288574 0.228516 0.030273 0.070312
0 0.147461 0.162109 0.025391 0.050781
0 0.142578 0.222656 0.023438 0.054688
0 0.109863 0.078125 0.014648 0.042969
0 0.175781 0.570312 0.068359 0.175781
0 0.344238 0.642578 0.065430 0.191406
0 0.174805 0.327148 0.031250 0.064453
0 0.539062 0.614258 0.082031 0.169922
0 0.645996 0.678711 0.051758 0.146484
0 0.879883 0.651367 0.072266 0.185547
