0 0.261719 0.206962 0.042969 0.074684
0 0.388184 0.232911 0.036133 0.073418
0 0.501465 0.229747 0.040039 0.067089
0 0.611816 0.232911 0.040039 0.065823
0 0.707031 0.207595 0.041016 0.070886
0 0.152344 0.391772 0.042969 0.072152
0 0.266113 0.415190 0.041992 0.075949
0 0.363281 0.443038 0.044922 0.075949
0 0.485352 0.441772 0.037109 0.073418
0 0.270996 0.591139 0.041992 0.073418
0 0.435547 0.578481 0.044922 0.070886
0 0.580566 0.431646 0.041992 0.070886
0 0.683594 0.428481 0.042969 0.064557
0 0.795898 0.418987 0.041016 0.073418
0 0.751465 0.601266 0.041992 0.068354
0 0.567871 0.584177 0.047852 0.074684
