0 0.118652 0.054173 0.022461 0.035139
0 0.104980 0.186676 0.081055 0.191801
0 0.168457 0.214495 0.028320 0.060029
0 0.245117 0.128111 0.027344 0.054173
0 0.185547 0.180088 0.025391 0.049780
0 0.191406 0.312592 0.027344 0.048316
0 0.316406 0.303075 0.033203 0.058565
0 0.314941 0.270132 0.084961 0.159590
0 0.427734 0.292826 0.035156 0.064422
0 0.143555 0.313324 0.029297 0.046852
0 0.118164 0.410688 0.033203 0.065886
0 0.131348 0.371157 0.024414 0.036603
0 0.082520 0.477306 0.038086 0.070278
0 0.258789 0.370425 0.021484 0.040996
0 0.292480 0.461201 0.028320 0.061493
0 0.184570 0.491215 0.035156 0.065886
0 0.224609 0.544656 0.039062 0.070278
0 0.052734 0.547584 0.035156 0.064422
0 0.266113 0.638360 0.041992 0.067350
0 0.084961 0.664714 0.039062 0.067350
0 0.023438 0.851391 0.037109 0.083455
0 0.031738 0.921669 0.043945 0.092240
0 0.777832 0.254026 0.026367 0.062958
0 0.851562 0.177892 0.027344 0.051245
0 0.389648 0.138360 0.019531 0.036603
0 0.485352 0.071010 0.027344 0.045388
0 0.441406 0.148609 0.023438 0.051245
0 0.282227 0.980966 0.041016 0.038067
0 0.425781 0.403367 0.033203 0.065886
0 0.555664 0.495608 0.031250 0.054173
0 0.599609 0.427526 0.023438 0.058565
0 0.600098 0.361640 0.034180 0.061493
0 0.711426 0.496340 0.028320 0.052709
0 0.453613 0.102489 0.018555 0.029283
0 0.603027 0.060761 0.026367 0.042460
0 0.656738 0.260615 0.032227 0.064422
0 0.636719 0.196193 0.029297 0.055637
0 0.545898 0.571010 0.039062 0.067350
0 0.598145 0.636896 0.038086 0.079063
0 0.690918 0.555637 0.038086 0.074671
0 0.750488 0.634700 0.038086 0.074671
0 0.747559 0.823572 0.045898 0.083455
0 0.949707 0.216691 0.032227 0.064422
0 0.918457 0.366764 0.040039 0.080527
0 0.909668 0.603221 0.043945 0.076135
0 0.860840 0.390190 0.032227 0.071742
0 0.734375 0.338946 0.037109 0.060029
0 0.992676 0.389458 0.014648 0.070278
0 0.685547 0.031479 0.021484 0.030747
0 0.704102 0.061493 0.027344 0.040996
0 0.761230 0.084919 0.020508 0.046852
0 0.157227 0.961933 0.052734 0.076135
0 0.990234 0.721083 0.019531 0.089312
0 0.361816 0.418009 0.038086 0.060029
0 0.388184 0.494143 0.032227 0.054173
0 0.792969 0.049780 0.041016 0.099561
0 0.423340 0.632504 0.038086 0.081991
0 0.554199 0.764275 0.043945 0.079063
0 0.729980 0.161054 0.034180 0.052709
0 0.696289 0.238653 0.023438 0.043924
0 0.676758 0.117862 0.027344 0.057101
0 0.553223 0.115666 0.030273 0.049780
0 0.509277 0.218155 0.030273 0.052709
0 0.466797 0.218155 0.027344 0.052709
0 0.536133 0.301611 0.033203 0.070278
0 0.418457 0.289165 0.028320 0.060029
0 0.842773 0.382138 0.035156 0.067350
0 0.874023 0.350659 0.031250 0.060029
0 0.979980 0.355051 0.030273 0.060029
0 0.386230 0.577599 0.038086 0.071742
0 0.774902 0.806735 0.045898 0.087848
0 0.012695 0.483895 0.025391 0.051245
0 0.900879 0.076867 0.030273 0.060029
0 0.958984 0.109078 0.023438 0.045388
0 0.409180 0.101757 0.023438 0.042460
0 0.330078 0.891654 0.037109 0.093704
