0 0.074707 0.193833 0.036133 0.076358
0 0.079102 0.295888 0.042969 0.121880
0 0.115723 0.260646 0.038086 0.086637
0 0.179199 0.179883 0.022461 0.080764
0 0.191406 0.328194 0.064453 0.118943
0 0.221680 0.234949 0.017578 0.035242
0 0.286621 0.187959 0.014648 0.029369
0 0.320801 0.248164 0.061523 0.117474
0 0.301758 0.400881 0.046875 0.096916
0 0.406250 0.273128 0.029297 0.088106
0 0.358398 0.217327 0.023438 0.041116
0 0.481445 0.335536 0.033203 0.083700
0 0.437500 0.474302 0.039062 0.076358
0 0.573730 0.441997 0.045898 0.079295
0 0.561523 0.200441 0.017578 0.051395
0 0.625977 0.207048 0.019531 0.044053
0 0.613770 0.331131 0.049805 0.083700
0 0.677734 0.306167 0.031250 0.069016
0 0.747070 0.303231 0.039062 0.086637
0 0.802734 0.211454 0.011719 0.049927
0 0.822754 0.218062 0.028320 0.051395
0 0.837891 0.321586 0.035156 0.070485
0 0.778320 0.411894 0.041016 0.077827
0 0.881348 0.271659 0.043945 0.082232
0 0.936035 0.211454 0.016602 0.061674
0 0.974609 0.251101 0.021484 0.055800
0 0.995117 0.256975 0.009766 0.049927
0 0.803223 0.422907 0.022461 0.061674
