0 0.523438 0.016830 0.033203 0.030856
0 0.611816 0.009818 0.022461 0.016830
0 0.723633 0.014025 0.033203 0.025245
0 0.896484 0.011921 0.027344 0.021038
0 0.962891 0.022440 0.037109 0.042076
0 0.413086 0.163394 0.041016 0.063114
0 0.529297 0.193548 0.035156 0.064516
0 0.619141 0.225105 0.031250 0.063114
0 0.676270 0.205470 0.032227 0.049088
0 0.763672 0.186536 0.031250 0.058906
0 0.844238 0.151473 0.034180 0.061711
0 0.973633 0.248247 0.031250 0.058906
0 0.955566 0.440393 0.032227 0.053296
0 0.859863 0.496494 0.028320 0.061711
0 0.785645 0.410940 0.038086 0.064516
0 0.669922 0.408135 0.035156 0.072931
0 0.590820 0.462833 0.031250 0.050491
0 0.498047 0.446003 0.037109 0.075736
0 0.036621 0.192847 0.038086 0.068724
0 0.130859 0.216690 0.031250 0.071529
0 0.229004 0.167602 0.038086 0.068724
0 0.318359 0.183731 0.033203 0.061711
0 0.400391 0.476157 0.035156 0.060309
0 0.283203 0.422861 0.041016 0.074334
0 0.165527 0.417952 0.036133 0.064516
0 0.077148 0.446704 0.035156 0.051893
0 0.081055 0.744741 0.037109 0.056101
0 0.157715 0.665498 0.038086 0.088359
0 0.266113 0.746844 0.040039 0.085554
0 0.358398 0.667602 0.041016 0.067321
0 0.406250 0.777700 0.035156 0.071529
0 0.534668 0.727209 0.040039 0.074334
0 0.664551 0.706171 0.036133 0.082749
0 0.775391 0.740533 0.033203 0.078541
0 0.859863 0.769986 0.032227 0.072931
0 0.949219 0.697756 0.033203 0.065919
