0 0.093750 0.274510 0.017578 0.028758
0 0.218262 0.252941 0.012695 0.022222
0 0.288086 0.285621 0.009766 0.030065
0 0.129395 0.432026 0.036133 0.048366
0 0.186523 0.384314 0.029297 0.049673
0 0.235840 0.360784 0.026367 0.044444
0 0.303711 0.401307 0.027344 0.039216
0 0.344238 0.324837 0.024414 0.048366
0 0.280273 0.560784 0.029297 0.047059
0 0.377441 0.571242 0.032227 0.052288
0 0.410645 0.338562 0.024414 0.036601
0 0.398926 0.418301 0.024414 0.033987
0 0.459473 0.550327 0.028320 0.041830
0 0.443359 0.398039 0.021484 0.037908
0 0.469727 0.358824 0.023438 0.035294
0 0.575195 0.358170 0.023438 0.039216
0 0.646484 0.365359 0.027344 0.043137
0 0.717773 0.367974 0.031250 0.045752
0 0.765625 0.474510 0.027344 0.039216
0 0.525391 0.312418 0.025391 0.044444
0 0.818848 0.371242 0.036133 0.052288
0 0.913086 0.420915 0.035156 0.057516
0 0.636719 0.228758 0.005859 0.007843
0 0.265137 0.192810 0.004883 0.009150
0 0.650391 0.224837 0.005859 0.007843
