0 0.044922 0.344262 0.021484 0.098361
0 0.020020 0.206967 0.024414 0.151639
0 0.106934 0.241803 0.010742 0.057377
0 0.099609 0.198770 0.009766 0.036885
0 0.068848 0.073770 0.012695 0.090164
0 0.075195 0.143443 0.009766 0.065574
0 0.182129 0.213115 0.008789 0.040984
0 0.197754 0.229508 0.004883 0.032787
0 0.160156 0.266393 0.011719 0.057377
0 0.310547 0.252049 0.005859 0.036885
0 0.321289 0.381148 0.005859 0.032787
0 0.364258 0.172131 0.011719 0.057377
0 0.429199 0.114754 0.012695 0.065574
0 0.032715 0.141393 0.010742 0.077869
0 0.470215 0.315574 0.006836 0.024590
0 0.480469 0.305328 0.005859 0.028689
0 0.490723 0.315574 0.004883 0.032787
0 0.577637 0.256148 0.004883 0.028689
0 0.592285 0.264344 0.006836 0.036885
0 0.694336 0.381148 0.003906 0.024590
0 0.696777 0.334016 0.004883 0.020492
0 0.705078 0.262295 0.005859 0.032787
0 0.714355 0.239754 0.006836 0.036885
0 0.967285 0.456967 0.040039 0.168033
0 0.973145 0.159836 0.010742 0.057377
0 0.932129 0.165984 0.010742 0.053279
0 0.876465 0.487705 0.014648 0.090164
0 0.846191 0.436475 0.010742 0.053279
0 0.861328 0.389344 0.017578 0.049180
0 0.914062 0.268443 0.005859 0.028689
0 0.892090 0.231557 0.008789 0.045082
0 0.787598 0.286885 0.004883 0.024590
0 0.797363 0.274590 0.006836 0.032787
0 0.836914 0.389344 0.009766 0.057377
0 0.950684 0.338115 0.010742 0.061475
