0 0.869629 0.524057 0.053711 0.057217
0 0.807617 0.522107 0.037109 0.045514
0 0.725098 0.536411 0.038086 0.071521
0 0.705566 0.622237 0.047852 0.084525
0 0.590332 0.552666 0.038086 0.059818
0 0.607910 0.543563 0.030273 0.062419
0 0.620117 0.548114 0.037109 0.061118
0 0.420410 0.321847 0.083008 0.102731
0 0.406738 0.230169 0.063477 0.093628
0 0.397461 0.180104 0.044922 0.061118
0 0.395020 0.013004 0.032227 0.026008
0 0.270020 0.384265 0.057617 0.113134
0 0.155273 0.122887 0.054688 0.071521
0 0.231934 0.072172 0.045898 0.050715
0 0.209961 0.051365 0.027344 0.042913
0 0.068848 0.275683 0.065430 0.098830
0 0.090332 0.256177 0.055664 0.085826
0 0.228516 0.278934 0.062500 0.094928
0 0.031738 0.182705 0.047852 0.071521
0 0.029785 0.134590 0.038086 0.053316
0 0.118652 0.095579 0.030273 0.045514
0 0.079102 0.076073 0.027344 0.045514
0 0.948730 0.236021 0.083008 0.110533
0 0.920410 0.164499 0.040039 0.053316
0 0.882812 0.273082 0.050781 0.080624
0 0.752441 0.353056 0.055664 0.087126
0 0.810059 0.169701 0.030273 0.071521
0 0.951172 0.125488 0.027344 0.040312
0 0.990723 0.076073 0.014648 0.040312
0 0.917969 0.051365 0.019531 0.032510
0 0.993652 0.018205 0.010742 0.018205
0 0.893066 0.040312 0.014648 0.023407
0 0.963379 0.091678 0.018555 0.029909
0 0.859863 0.089077 0.014648 0.029909
0 0.807617 0.016255 0.013672 0.019506
0 0.672852 0.205462 0.044922 0.075423
0 0.534668 0.420026 0.053711 0.119636
0 0.570801 0.326398 0.049805 0.075423
0 0.566895 0.007802 0.014648 0.015605
0 0.847168 0.013004 0.008789 0.013004
0 0.898926 0.013004 0.008789 0.013004
0 0.750000 0.083225 0.021484 0.031209
0 0.062500 0.023407 0.019531 0.026008
0 0.422363 0.828999 0.077148 0.123537
0 0.412109 0.739272 0.041016 0.120936
0 0.376465 0.698309 0.057617 0.137841
0 0.312988 0.755527 0.063477 0.104031
0 0.322266 0.616385 0.066406 0.098830
0 0.377930 0.522107 0.072266 0.113134
0 0.244629 0.954486 0.053711 0.091027
0 0.273438 0.946034 0.046875 0.097529
0 0.057129 0.912874 0.071289 0.111834
0 0.011230 0.871261 0.022461 0.101430
0 0.076172 0.698960 0.066406 0.097529
0 0.042969 0.578023 0.072266 0.094928
0 0.170898 0.554616 0.058594 0.094928
0 0.166016 0.690507 0.050781 0.080624
0 0.229980 0.804291 0.051758 0.094928
0 0.085449 0.557217 0.049805 0.084525
0 0.933105 0.684005 0.069336 0.124837
0 0.795410 0.856957 0.047852 0.072822
0 0.764160 0.896619 0.057617 0.089727
0 0.549805 0.892068 0.056641 0.091027
0 0.788086 0.646294 0.048828 0.078023
0 0.811035 0.600780 0.043945 0.065020
0 0.902832 0.682055 0.045898 0.089727
0 0.942871 0.565020 0.053711 0.094928
0 0.985840 0.552666 0.026367 0.046814
0 0.574707 0.255527 0.049805 0.081925
0 0.494629 0.288687 0.024414 0.067620
0 0.527832 0.134590 0.036133 0.048114
0 0.569824 0.137841 0.028320 0.046814
0 0.609863 0.147594 0.026367 0.035111
0 0.724609 0.120936 0.031250 0.057217
0 0.680176 0.079324 0.024414 0.031209
0 0.632812 0.087126 0.031250 0.052016
0 0.540527 0.037711 0.026367 0.028609
0 0.695312 0.027308 0.017578 0.023407
0 0.589355 0.009753 0.012695 0.019506
