0 0.990723 0.389344 0.018555 0.071038
0 0.991211 0.306011 0.017578 0.051913
0 0.976074 0.290984 0.016602 0.030055
0 0.937500 0.361339 0.048828 0.072404
0 0.912598 0.335383 0.036133 0.061475
0 0.937012 0.273224 0.012695 0.019126
0 0.893066 0.299180 0.028320 0.046448
0 0.829102 0.272541 0.027344 0.045082
0 0.797363 0.344945 0.040039 0.061475
0 0.773438 0.287568 0.029297 0.045082
0 0.732422 0.328552 0.035156 0.056011
0 0.708008 0.290301 0.023438 0.042350
0 0.682129 0.262295 0.026367 0.043716
0 0.643066 0.308743 0.030273 0.051913
0 0.575195 0.269809 0.021484 0.034153
0 0.540527 0.242486 0.032227 0.053279
0 0.497070 0.276639 0.029297 0.058743
0 0.456055 0.286885 0.035156 0.060109
0 0.414551 0.285519 0.034180 0.057377
0 0.369629 0.305328 0.034180 0.061475
0 0.312012 0.286885 0.041992 0.065574
0 0.199707 0.327186 0.041992 0.075137
0 0.166504 0.157787 0.006836 0.012295
0 0.371582 0.199454 0.006836 0.010929
0 0.348633 0.188525 0.005859 0.010929
0 0.355469 0.174863 0.005859 0.010929
0 0.012695 0.312158 0.025391 0.058743
0 0.090332 0.159836 0.008789 0.016393
0 0.956055 0.318989 0.011719 0.017760
0 0.815918 0.310792 0.010742 0.017760
0 0.772461 0.244536 0.009766 0.019126
0 0.332031 0.283470 0.025391 0.047814
0 0.231934 0.280055 0.018555 0.038251
