0 0.897461 0.908203 0.042969 0.076823
0 0.662598 0.728516 0.041992 0.058594
0 0.374023 0.800781 0.033203 0.059896
0 0.587402 0.718750 0.032227 0.049479
0 0.615234 0.629557 0.029297 0.035156
0 0.524902 0.661458 0.016602 0.026042
0 0.247070 0.837240 0.033203 0.067708
0 0.298340 0.790365 0.030273 0.067708
0 0.136719 0.832031 0.039062 0.052083
0 0.174316 0.759115 0.034180 0.054688
0 0.251465 0.689453 0.032227 0.037760
0 0.293457 0.712240 0.020508 0.031250
0 0.259277 0.486979 0.018555 0.023438
0 0.188477 0.492188 0.019531 0.023438
0 0.011719 0.647135 0.017578 0.028646
0 0.020020 0.610677 0.018555 0.026042
0 0.138184 0.539714 0.012695 0.019531
0 0.035645 0.578776 0.012695 0.022135
0 0.649902 0.631510 0.018555 0.028646
0 0.466797 0.914062 0.033203 0.062500
0 0.718262 0.747396 0.032227 0.054688
0 0.627930 0.839193 0.037109 0.069010
0 0.058594 0.914062 0.035156 0.070312
0 0.431152 0.705729 0.034180 0.046875
0 0.480957 0.673828 0.018555 0.035156
0 0.798828 0.602214 0.021484 0.032552
0 0.937012 0.781250 0.028320 0.039062
0 0.721191 0.511719 0.008789 0.020833
0 0.770020 0.502604 0.012695 0.023438
0 0.661133 0.505208 0.005859 0.015625
0 0.122559 0.587891 0.008789 0.016927
0 0.061523 0.559896 0.009766 0.020833
0 0.480469 0.460286 0.005859 0.016927
0 0.510254 0.454427 0.004883 0.010417
0 0.413086 0.471354 0.007812 0.013021
0 0.372070 0.661458 0.009766 0.015625
0 0.397949 0.707682 0.016602 0.027344
