0 0.499512 0.161458 0.024414 0.033854
0 0.735352 0.764974 0.023438 0.035156
0 0.643066 0.755208 0.020508 0.028646
0 0.585938 0.754557 0.035156 0.053385
0 0.664551 0.731120 0.012695 0.022135
0 0.686523 0.720052 0.007812 0.013021
0 0.534668 0.740234 0.024414 0.032552
0 0.475586 0.972656 0.033203 0.054688
0 0.304199 0.972656 0.045898 0.054688
0 0.285156 0.859375 0.031250 0.059896
0 0.779785 0.761068 0.022461 0.037760
0 0.656250 0.893229 0.011719 0.049479
0 0.820801 0.747396 0.010742 0.015625
0 0.800293 0.741536 0.010742 0.019531
0 0.823242 0.720052 0.007812 0.013021
0 0.850586 0.828776 0.011719 0.029948
0 0.607910 0.710286 0.004883 0.009115
0 0.971191 0.939453 0.041992 0.105469
0 0.988281 0.789714 0.023438 0.035156
0 0.950195 0.755859 0.021484 0.042969
0 0.889160 0.795573 0.008789 0.031250
0 0.691895 0.757161 0.018555 0.024740
0 0.364746 0.713542 0.008789 0.015625
0 0.395996 0.704427 0.010742 0.015625
0 0.282227 0.723307 0.011719 0.016927
0 0.326660 0.722656 0.008789 0.013021
0 0.347656 0.734375 0.015625 0.020833
0 0.296387 0.709635 0.008789 0.013021
0 0.305176 0.724609 0.010742 0.014323
0 0.377441 0.695312 0.006836 0.013021
0 0.207520 0.722005 0.012695 0.019531
0 0.191895 0.717448 0.010742 0.015625
0 0.261719 0.708333 0.007812 0.013021
0 0.176758 0.714844 0.011719 0.018229
0 0.235840 0.712240 0.008789 0.013021
0 0.059570 0.723958 0.009766 0.015625
0 0.028320 0.719401 0.011719 0.016927
0 0.014160 0.718099 0.010742 0.014323
0 0.127441 0.712891 0.010742 0.016927
0 0.047852 0.707031 0.011719 0.015625
0 0.104492 0.730469 0.009766 0.018229
0 0.085449 0.708333 0.012695 0.020833
0 0.085449 0.722656 0.012695 0.018229
0 0.077637 0.725911 0.008789 0.011719
0 0.508789 0.703776 0.011719 0.019531
0 0.446777 0.720703 0.018555 0.024740
0 0.461426 0.678385 0.010742 0.015625
0 0.212891 0.703776 0.011719 0.016927
0 0.837891 0.740885 0.007812 0.013021
0 0.742188 0.722656 0.011719 0.015625
0 0.699707 0.709635 0.006836 0.010417
0 0.002930 0.746094 0.005859 0.018229
0 0.173828 0.696615 0.007812 0.013021
0 0.350586 0.696615 0.009766 0.015625
0 0.333496 0.682292 0.006836 0.010417
0 0.380371 0.681641 0.008789 0.014323
0 0.319824 0.671875 0.006836 0.010417
0 0.147461 0.682292 0.009766 0.013021
0 0.149902 0.718750 0.012695 0.018229
0 0.169434 0.701172 0.008789 0.014323
0 0.283203 0.692708 0.007812 0.013021
0 0.286621 0.679036 0.006836 0.011719
0 0.274414 0.694661 0.005859 0.011719
0 0.332031 0.677083 0.005859 0.010417
0 0.443848 0.681641 0.008789 0.014323
0 0.414062 0.736328 0.021484 0.027344
0 0.062988 0.698568 0.012695 0.016927
0 0.113770 0.703776 0.012695 0.016927
0 0.052734 0.726562 0.011719 0.018229
0 0.615234 0.712240 0.009766 0.023438
