0 0.451172 0.513554 0.046875 0.078313
0 0.349121 0.338855 0.051758 0.081325
0 0.416992 0.296687 0.042969 0.087349
0 0.324707 0.547440 0.047852 0.094880
0 0.312500 0.476657 0.046875 0.061747
0 0.178711 0.423946 0.035156 0.082831
0 0.056641 0.316265 0.037109 0.087349
0 0.152344 0.574548 0.033203 0.085843
0 0.042480 0.506777 0.040039 0.067771
0 0.941406 0.339608 0.050781 0.079819
0 0.969238 0.425452 0.040039 0.082831
0 0.891113 0.586596 0.041992 0.085843
0 0.781250 0.590361 0.033203 0.081325
0 0.618652 0.377259 0.032227 0.070783
0 0.791016 0.202560 0.048828 0.088855
0 0.621582 0.055723 0.040039 0.090361
0 0.518555 0.381777 0.046875 0.082831
0 0.522461 0.304217 0.050781 0.081325
0 0.439453 0.057229 0.046875 0.078313
0 0.382812 0.184488 0.041016 0.055723
0 0.247070 0.140813 0.044922 0.070783
0 0.122070 0.191265 0.044922 0.084337
0 0.082520 0.146084 0.043945 0.078313
0 0.166504 0.356928 0.057617 0.093373
0 0.601074 0.145331 0.049805 0.085843
0 0.733887 0.712349 0.038086 0.093373
0 0.743652 0.814759 0.024414 0.084337
0 0.546875 0.646837 0.039062 0.082831
0 0.857422 0.705572 0.039062 0.079819
0 0.729980 0.509036 0.041992 0.087349
0 0.957031 0.682982 0.035156 0.082831
0 0.859375 0.493223 0.042969 0.091867
0 0.970703 0.187500 0.046875 0.091867
0 0.885254 0.042169 0.036133 0.084337
0 0.771973 0.096386 0.032227 0.060241
0 0.827148 0.012801 0.031250 0.025602
0 0.902344 0.267319 0.037109 0.061747
0 0.844727 0.179970 0.037109 0.058735
