0 0.993164 0.332682 0.013672 0.032552
0 0.954590 0.320312 0.022461 0.041667
0 0.901367 0.365885 0.011719 0.018229
0 0.922852 0.450521 0.029297 0.052083
0 0.975098 0.449870 0.020508 0.035156
0 0.844238 0.406250 0.012695 0.026042
0 0.814453 0.352214 0.015625 0.019531
0 0.863770 0.496745 0.034180 0.048177
0 0.752441 0.501302 0.041992 0.067708
0 0.746582 0.434896 0.022461 0.031250
0 0.844727 0.359375 0.015625 0.020833
0 0.749512 0.361979 0.022461 0.020833
0 0.771973 0.341797 0.006836 0.014323
0 0.768066 0.328125 0.006836 0.013021
0 0.831055 0.482422 0.029297 0.040365
0 0.725098 0.367839 0.014648 0.019531
0 0.701660 0.351562 0.016602 0.020833
0 0.684082 0.391276 0.016602 0.024740
0 0.718750 0.460286 0.033203 0.040365
0 0.671875 0.330729 0.011719 0.018229
0 0.674805 0.350911 0.011719 0.024740
0 0.682617 0.503255 0.039062 0.066406
0 0.639648 0.408203 0.019531 0.032552
0 0.604004 0.412109 0.026367 0.040365
0 0.534180 0.439453 0.037109 0.058594
0 0.496094 0.533854 0.041016 0.062500
0 0.493652 0.387370 0.024414 0.040365
0 0.594727 0.341797 0.017578 0.027344
0 0.562500 0.387370 0.021484 0.037760
0 0.535645 0.339844 0.012695 0.020833
0 0.489258 0.343099 0.015625 0.022135
0 0.480469 0.354167 0.015625 0.026042
0 0.609863 0.342448 0.012695 0.015625
0 0.619141 0.375000 0.011719 0.020833
0 0.468750 0.357422 0.019531 0.032552
0 0.414551 0.384766 0.028320 0.040365
0 0.450195 0.408854 0.025391 0.039062
0 0.357910 0.417969 0.028320 0.041667
0 0.301758 0.415365 0.031250 0.046875
0 0.331543 0.380208 0.024414 0.039062
0 0.363770 0.372396 0.018555 0.036458
0 0.376953 0.361979 0.019531 0.031250
0 0.308594 0.337891 0.021484 0.032552
0 0.290527 0.345703 0.022461 0.032552
0 0.393555 0.283854 0.009766 0.015625
0 0.303711 0.287760 0.009766 0.013021
0 0.343262 0.330078 0.014648 0.019531
0 0.286133 0.287760 0.011719 0.015625
0 0.439941 0.640625 0.059570 0.085938
0 0.542969 0.518880 0.042969 0.050781
0 0.367676 0.505208 0.036133 0.054688
0 0.411621 0.541016 0.047852 0.069010
0 0.514160 0.742839 0.073242 0.110677
0 0.958984 0.916016 0.082031 0.167969
0 0.873535 0.660807 0.051758 0.076823
0 0.646484 0.723958 0.015625 0.062500
0 0.213379 0.757161 0.094727 0.126302
0 0.216309 0.542969 0.022461 0.059896
0 0.256348 0.445964 0.036133 0.055990
0 0.050781 0.521484 0.052734 0.061198
0 0.099121 0.490885 0.024414 0.057292
0 0.088867 0.417969 0.033203 0.057292
0 0.181152 0.427734 0.034180 0.055990
0 0.252441 0.368490 0.020508 0.033854
0 0.277344 0.378255 0.025391 0.037760
0 0.230957 0.355469 0.022461 0.028646
0 0.110840 0.360677 0.028320 0.039062
0 0.171875 0.326823 0.021484 0.031250
0 0.078613 0.309896 0.014648 0.020833
0 0.058105 0.317057 0.016602 0.022135
0 0.135742 0.310547 0.011719 0.016927
0 0.027832 0.338542 0.022461 0.031250
0 0.280762 0.316406 0.014648 0.020833
0 0.227539 0.298828 0.009766 0.014323
0 0.242676 0.300130 0.010742 0.016927
0 0.711426 0.299479 0.010742 0.015625
0 0.682617 0.287760 0.009766 0.015625
0 0.708008 0.329427 0.011719 0.018229
0 0.630859 0.277344 0.005859 0.015625
0 0.658203 0.304036 0.009766 0.019531
0 0.592773 0.276042 0.007812 0.013021
0 0.578613 0.328125 0.008789 0.015625
0 0.620605 0.278646 0.008789 0.013021
0 0.447754 0.311849 0.010742 0.014323
0 0.563477 0.330078 0.009766 0.014323
0 0.433594 0.264974 0.007812 0.011719
0 0.492188 0.307292 0.007812 0.013021
0 0.373047 0.306641 0.011719 0.016927
0 0.369629 0.334635 0.012695 0.018229
0 0.503418 0.339844 0.012695 0.020833
0 0.420410 0.283854 0.006836 0.013021
0 0.353027 0.294922 0.008789 0.014323
0 0.406250 0.300781 0.009766 0.015625
0 0.098633 0.303385 0.009766 0.015625
0 0.155762 0.386068 0.030273 0.042969
0 0.180176 0.285156 0.010742 0.015625
0 0.217773 0.305339 0.013672 0.019531
0 0.425781 0.328776 0.011719 0.022135
0 0.023438 0.398438 0.039062 0.059896
0 0.027832 0.291667 0.010742 0.013021
0 0.243164 0.320312 0.011719 0.018229
0 0.836914 0.152995 0.009766 0.016927
0 0.138184 0.285156 0.010742 0.013021
0 0.297852 0.210286 0.009766 0.016927
0 0.259277 0.300781 0.010742 0.015625
0 0.261230 0.281250 0.008789 0.013021
0 0.078125 0.288411 0.007812 0.011719
0 0.170898 0.307292 0.011719 0.018229
0 0.519043 0.332031 0.010742 0.018229
0 0.672852 0.395833 0.013672 0.023438
0 0.432617 0.377604 0.019531 0.031250
0 0.335449 0.283203 0.012695 0.019531
0 0.516113 0.320312 0.014648 0.026042
0 0.937988 0.483073 0.016602 0.033854
0 0.004883 0.235677 0.009766 0.020833
