0 0.813965 0.599398 0.071289 0.189759
0 0.847168 0.456325 0.094727 0.168675
0 0.934570 0.252259 0.068359 0.137048
0 0.713867 0.312500 0.074219 0.118976
0 0.687988 0.165663 0.041992 0.072289
0 0.616699 0.250000 0.047852 0.102410
0 0.570312 0.201807 0.041016 0.084337
0 0.599121 0.130271 0.034180 0.055723
0 0.523438 0.254518 0.044922 0.078313
0 0.522949 0.092620 0.024414 0.046687
0 0.488281 0.103916 0.041016 0.063253
0 0.467773 0.038404 0.011719 0.019578
0 0.458984 0.034639 0.011719 0.021084
0 0.453613 0.200301 0.034180 0.066265
0 0.399902 0.206325 0.041992 0.087349
0 0.355469 0.287651 0.054688 0.087349
0 0.367676 0.156627 0.043945 0.072289
0 0.293457 0.371988 0.053711 0.108434
0 0.135742 0.592620 0.134766 0.206325
0 0.086914 0.233434 0.072266 0.114458
0 0.209961 0.221386 0.052734 0.072289
0 0.264648 0.168675 0.039062 0.072289
0 0.333496 0.121988 0.018555 0.027108
0 0.346680 0.071536 0.013672 0.022590
0 0.314453 0.103916 0.011719 0.018072
0 0.387207 0.100151 0.018555 0.028614
0 0.254395 0.113705 0.030273 0.052711
0 0.197266 0.109940 0.029297 0.048193
0 0.022949 0.184488 0.045898 0.094880
0 0.020508 0.106928 0.039062 0.054217
0 0.086914 0.071536 0.023438 0.040663
0 0.152832 0.079819 0.028320 0.039157
0 0.128906 0.071536 0.019531 0.037651
0 0.250977 0.047440 0.013672 0.025602
0 0.266113 0.044428 0.014648 0.022590
0 0.200684 0.045181 0.012695 0.021084
0 0.178223 0.018072 0.008789 0.018072
0 0.027344 0.023343 0.019531 0.028614
0 0.005371 0.034639 0.010742 0.021084
0 0.044922 0.018825 0.011719 0.028614
0 0.050781 0.021084 0.009766 0.021084
0 0.054688 0.006777 0.013672 0.013554
0 0.065430 0.028614 0.017578 0.027108
0 0.101562 0.022590 0.011719 0.018072
0 0.113770 0.020331 0.012695 0.019578
0 0.143066 0.015060 0.008789 0.018072
0 0.289551 0.011295 0.006836 0.013554
0 0.370117 0.031627 0.003906 0.006024
0 0.387207 0.030120 0.002930 0.006024
