0 0.371094 0.434896 0.013672 0.026042
0 0.297852 0.442057 0.013672 0.024740
0 0.249512 0.434896 0.012695 0.026042
0 0.175293 0.455078 0.014648 0.024740
0 0.093750 0.449870 0.013672 0.024740
0 0.678223 0.458333 0.014648 0.028646
0 0.618652 0.455729 0.012695 0.026042
0 0.561035 0.439453 0.014648 0.027344
0 0.494141 0.438151 0.013672 0.024740
0 0.753418 0.466797 0.014648 0.029948
0 0.790527 0.477214 0.020508 0.035156
0 0.818359 0.480469 0.021484 0.039062
0 0.862305 0.504557 0.019531 0.037760
0 0.881836 0.524089 0.029297 0.045573
0 0.859375 0.579427 0.033203 0.070312
