0 0.909668 0.501464 0.043945 0.077599
0 0.931152 0.436310 0.024414 0.070278
0 0.736328 0.353587 0.013672 0.036603
0 0.812012 0.355051 0.014648 0.033675
0 0.845215 0.361640 0.010742 0.029283
0 0.855957 0.328697 0.012695 0.024890
0 0.565918 0.423133 0.012695 0.023426
0 0.220215 0.811127 0.043945 0.052709
0 0.043945 0.373353 0.025391 0.052709
0 0.143066 0.357980 0.014648 0.042460
0 0.180664 0.409224 0.019531 0.036603
0 0.252930 0.431186 0.019531 0.060029
0 0.334473 0.383602 0.020508 0.043924
0 0.301270 0.346266 0.012695 0.036603
0 0.274414 0.338946 0.013672 0.027818
0 0.377930 0.363836 0.009766 0.024890
0 0.429199 0.344802 0.012695 0.021962
0 0.385742 0.314788 0.007812 0.017570
0 0.407227 0.331625 0.009766 0.027818
0 0.415527 0.320644 0.008789 0.020498
0 0.496582 0.300878 0.008789 0.019034
0 0.431641 0.316984 0.005859 0.019034
0 0.442871 0.306735 0.006836 0.013177
0 0.447754 0.311859 0.004883 0.017570
0 0.474609 0.292826 0.003906 0.011713
0 0.508789 0.295022 0.005859 0.013177
0 0.712891 0.313324 0.009766 0.020498
0 0.700684 0.316984 0.008789 0.019034
0 0.558594 0.288433 0.003906 0.008785
0 0.774902 0.322840 0.006836 0.019034
0 0.792480 0.349195 0.012695 0.024890
0 0.829102 0.290630 0.005859 0.013177
0 0.628906 0.400439 0.013672 0.033675
