0 0.053223 0.146959 0.014648 0.027027
0 0.238281 0.291385 0.029297 0.065878
0 0.317383 0.232264 0.019531 0.048986
0 0.373535 0.309122 0.028320 0.047297
0 0.417969 0.335304 0.025391 0.082770
0 0.429199 0.246622 0.026367 0.057432
0 0.491699 0.330236 0.028320 0.055743
0 0.525879 0.255068 0.026367 0.043919
0 0.598145 0.224662 0.008789 0.020270
0 0.593262 0.302365 0.028320 0.054054
0 0.601074 0.365709 0.020508 0.062500
0 0.647461 0.282939 0.021484 0.048986
0 0.704102 0.260135 0.023438 0.047297
0 0.739746 0.344595 0.032227 0.060811
0 0.860840 0.313345 0.026367 0.062500
0 0.006348 0.281250 0.012695 0.055743
0 0.003418 0.147804 0.006836 0.025338
