0 0.192383 0.420827 0.041016 0.077033
0 0.414551 0.416548 0.045898 0.079886
0 0.342285 0.393723 0.086914 0.162625
0 0.429199 0.180456 0.038086 0.069900
0 0.331543 0.154066 0.043945 0.068474
0 0.106934 0.244650 0.034180 0.049929
0 0.055176 0.554922 0.040039 0.082739
0 0.144531 0.671184 0.048828 0.092725
0 0.105469 0.777461 0.048828 0.091298
0 0.026855 0.340228 0.024414 0.087019
0 0.075195 0.525678 0.027344 0.052782
0 0.638184 0.169757 0.038086 0.082739
0 0.677246 0.141940 0.034180 0.067047
0 0.761719 0.114836 0.035156 0.061341
0 0.878418 0.109843 0.041992 0.068474
0 0.986816 0.648359 0.024414 0.092725
0 0.251953 0.151926 0.021484 0.044223
