0 0.039062 0.414931 0.023438 0.059028
0 0.150391 0.434028 0.023438 0.041667
0 0.243652 0.438368 0.022461 0.050347
0 0.316895 0.400174 0.018555 0.043403
0 0.408203 0.442708 0.023438 0.048611
0 0.282715 0.433160 0.010742 0.029514
0 0.179199 0.529514 0.020508 0.034722
0 0.448242 0.440972 0.007812 0.020833
0 0.495605 0.381944 0.022461 0.045139
0 0.601562 0.437500 0.007812 0.020833
0 0.585449 0.440972 0.008789 0.020833
0 0.566406 0.443576 0.007812 0.015625
0 0.621582 0.433160 0.006836 0.019097
0 0.770996 0.429688 0.006836 0.019097
0 0.932617 0.407986 0.017578 0.072917
0 0.923340 0.417535 0.016602 0.053819
0 0.792480 0.438368 0.004883 0.015625
