0 0.161133 0.734637 0.025391 0.039106
0 0.227539 0.736034 0.023438 0.039106
0 0.292480 0.731844 0.024414 0.039106
0 0.366699 0.740922 0.022461 0.048883
0 0.425781 0.731844 0.021484 0.041899
0 0.496094 0.733240 0.021484 0.041899
0 0.097168 0.594972 0.018555 0.027933
0 0.194824 0.597067 0.018555 0.029330
0 0.288086 0.600559 0.015625 0.025140
0 0.392578 0.587989 0.015625 0.027933
0 0.811035 0.721369 0.026367 0.046089
0 0.924805 0.722765 0.027344 0.040503
0 0.920898 0.578911 0.017578 0.026536
0 0.823242 0.564944 0.019531 0.034916
0 0.670898 0.588687 0.017578 0.026536
0 0.594727 0.592179 0.013672 0.027933
0 0.672852 0.532821 0.015625 0.026536
0 0.576660 0.504888 0.010742 0.020950
0 0.572754 0.480447 0.010742 0.016760
0 0.574219 0.437151 0.011719 0.019553
0 0.564453 0.405028 0.007812 0.013966
0 0.555664 0.375000 0.007812 0.012570
0 0.558105 0.351955 0.006836 0.011173
0 0.652344 0.498603 0.013672 0.025140
0 0.654297 0.464385 0.011719 0.023743
0 0.634277 0.444832 0.010742 0.018156
0 0.620605 0.402933 0.008789 0.018156
0 0.788574 0.532123 0.014648 0.025140
0 0.748535 0.499302 0.012695 0.018156
0 0.727051 0.470670 0.012695 0.019553
0 0.717285 0.437849 0.010742 0.018156
0 0.679688 0.400838 0.011719 0.019553
0 0.660645 0.377793 0.006836 0.012570
0 0.844238 0.502793 0.014648 0.022346
0 0.931641 0.495810 0.013672 0.022346
0 0.903809 0.469274 0.012695 0.019553
0 0.876465 0.431564 0.012695 0.022346
0 0.852051 0.414804 0.012695 0.019553
0 0.821777 0.402933 0.010742 0.018156
0 0.782715 0.368017 0.008789 0.015363
0 0.800293 0.442737 0.010742 0.019553
0 0.817383 0.455307 0.011719 0.019553
0 0.752930 0.401536 0.009766 0.018156
0 0.722168 0.365223 0.008789 0.015363
0 0.751953 0.345670 0.007812 0.012570
0 0.609375 0.368017 0.007812 0.012570
0 0.597168 0.356145 0.004883 0.011173
0 0.645020 0.354050 0.006836 0.009777
0 0.699219 0.347067 0.005859 0.012570
0 0.708008 0.318436 0.005859 0.011173
0 0.694336 0.305168 0.005859 0.006983
0 0.658203 0.303771 0.005859 0.009777
0 0.631348 0.318436 0.004883 0.008380
0 0.551758 0.319134 0.005859 0.009777
0 0.519043 0.323324 0.006836 0.009777
0 0.631348 0.303771 0.004883 0.009777
0 0.640625 0.295391 0.005859 0.009777
0 0.585938 0.321229 0.005859 0.011173
0 0.353516 0.378492 0.007812 0.013966
0 0.404785 0.377095 0.008789 0.013966
0 0.461914 0.376397 0.007812 0.015363
0 0.475586 0.328212 0.005859 0.013966
0 0.416504 0.354749 0.006836 0.013966
0 0.377930 0.356145 0.007812 0.013966
0 0.262695 0.352654 0.009766 0.015363
0 0.416016 0.251397 0.005859 0.008380
0 0.054688 0.382682 0.007812 0.011173
0 0.036621 0.361732 0.006836 0.011173
0 0.080078 0.348464 0.007812 0.009777
0 0.099609 0.358939 0.005859 0.013966
0 0.123047 0.331006 0.005859 0.008380
0 0.136230 0.348464 0.004883 0.009777
0 0.024902 0.344972 0.006836 0.008380
0 0.047363 0.313547 0.004883 0.006983
0 0.074219 0.288408 0.003906 0.006983
0 0.108398 0.277235 0.003906 0.006983
0 0.137207 0.289106 0.004883 0.008380
0 0.102539 0.289804 0.003906 0.006983
0 0.028809 0.295391 0.004883 0.009777
0 0.006836 0.313547 0.003906 0.006983
0 0.017578 0.302374 0.003906 0.006983
0 0.944824 0.358240 0.006836 0.009777
0 0.975586 0.354749 0.009766 0.013966
0 0.981445 0.377095 0.007812 0.013966
0 0.982422 0.319134 0.005859 0.012570
0 0.982910 0.273045 0.006836 0.009777
0 0.950195 0.291899 0.005859 0.011173
0 0.942383 0.328911 0.007812 0.012570
0 0.937500 0.342179 0.007812 0.011173
0 0.916992 0.344972 0.009766 0.016760
0 0.891602 0.320531 0.007812 0.012570
0 0.884277 0.310056 0.006836 0.011173
0 0.865723 0.309358 0.006836 0.012570
0 0.827637 0.279330 0.004883 0.008380
0 0.841797 0.300279 0.007812 0.013966
0 0.883789 0.270251 0.005859 0.009777
0 0.903809 0.306564 0.004883 0.009777
0 0.967773 0.347067 0.007812 0.012570
0 0.929688 0.302374 0.005859 0.009777
0 0.940430 0.311453 0.005859 0.011173
0 0.917969 0.305866 0.005859 0.011173
0 0.889648 0.294693 0.005859 0.011173
0 0.905762 0.284916 0.008789 0.013966
0 0.491699 0.596369 0.016602 0.030726
0 0.054199 0.552374 0.016602 0.026536
0 0.144531 0.551676 0.015625 0.025140
0 0.220215 0.541899 0.014648 0.025140
0 0.335449 0.506285 0.010742 0.018156
0 0.399902 0.546788 0.014648 0.023743
0 0.499023 0.543994 0.015625 0.023743
0 0.502441 0.503492 0.014648 0.023743
0 0.415039 0.510475 0.011719 0.020950
0 0.245117 0.508380 0.013672 0.022346
0 0.177734 0.512570 0.013672 0.025140
0 0.093262 0.513268 0.016602 0.023743
0 0.138672 0.472765 0.013672 0.023743
0 0.207031 0.484637 0.013672 0.019553
0 0.175781 0.455307 0.009766 0.016760
0 0.277832 0.482542 0.012695 0.020950
0 0.357910 0.481844 0.010742 0.019553
0 0.431152 0.479749 0.010742 0.020950
0 0.500977 0.475559 0.011719 0.020950
0 0.504883 0.442039 0.011719 0.020950
0 0.437012 0.442737 0.010742 0.019553
0 0.364258 0.446927 0.011719 0.019553
0 0.299316 0.457402 0.010742 0.018156
0 0.232910 0.456006 0.010742 0.020950
0 0.218262 0.408520 0.010742 0.018156
0 0.278320 0.411313 0.007812 0.015363
0 0.340820 0.412011 0.007812 0.016760
0 0.508789 0.401536 0.007812 0.018156
0 0.560547 0.744413 0.021484 0.033520
0 0.633301 0.727654 0.022461 0.036313
0 0.735352 0.736732 0.023438 0.043296
0 0.307129 0.381983 0.006836 0.015363
0 0.329590 0.360335 0.004883 0.013966
0 0.321777 0.324022 0.004883 0.008380
0 0.360352 0.333799 0.005859 0.011173
0 0.400391 0.328212 0.007812 0.013966
0 0.354004 0.307263 0.004883 0.008380
0 0.396973 0.305168 0.004883 0.009777
0 0.381348 0.305866 0.004883 0.008380
0 0.437012 0.302374 0.004883 0.006983
0 0.475586 0.299581 0.007812 0.012570
0 0.438965 0.328911 0.004883 0.009777
0 0.587402 0.306564 0.006836 0.009777
0 0.556152 0.291201 0.004883 0.009777
0 0.595215 0.294693 0.004883 0.008380
0 0.684570 0.286313 0.005859 0.011173
0 0.722656 0.254190 0.003906 0.008380
0 0.739746 0.254888 0.004883 0.006983
0 0.786133 0.254888 0.005859 0.009777
0 0.767090 0.272346 0.004883 0.008380
0 0.795898 0.273045 0.005859 0.009777
0 0.813965 0.282821 0.004883 0.009777
0 0.513184 0.358240 0.004883 0.012570
0 0.517578 0.374302 0.007812 0.013966
0 0.658691 0.243715 0.004883 0.009777
0 0.558105 0.252793 0.006836 0.011173
0 0.587402 0.236732 0.006836 0.009777
0 0.605957 0.243715 0.006836 0.009777
0 0.627930 0.238128 0.005859 0.009777
0 0.381836 0.257682 0.005859 0.009777
0 0.454102 0.226955 0.005859 0.009777
0 0.425293 0.260475 0.006836 0.009777
0 0.510254 0.251397 0.004883 0.011173
0 0.513672 0.293296 0.007812 0.013966
0 0.548340 0.308659 0.006836 0.011173
0 0.518555 0.313547 0.007812 0.012570
0 0.862793 0.293994 0.008789 0.012570
0 0.850098 0.286313 0.008789 0.013966
0 0.419434 0.296089 0.006836 0.011173
0 0.771484 0.419693 0.009766 0.018156
