0 0.856934 0.472182 0.014648 0.024890
0 0.959961 0.494876 0.013672 0.020498
0 0.773438 0.500000 0.011719 0.019034
0 0.515625 0.474378 0.013672 0.026354
0 0.599609 0.453148 0.017578 0.027818
0 0.296875 0.417277 0.015625 0.026354
0 0.230469 0.441435 0.015625 0.030747
0 0.206055 0.443631 0.015625 0.029283
0 0.138672 0.478770 0.005859 0.011713
0 0.079102 0.469985 0.007812 0.011713
0 0.048340 0.462665 0.006836 0.011713
0 0.015137 0.462665 0.006836 0.011713
0 0.328125 0.295022 0.013672 0.021962
0 0.466309 0.414348 0.006836 0.014641
