0 0.036621 0.303075 0.016602 0.029283
0 0.132812 0.316252 0.027344 0.052709
0 0.141113 0.266471 0.012695 0.035139
0 0.187500 0.295022 0.023438 0.068814
0 0.284180 0.254758 0.015625 0.029283
0 0.306152 0.256223 0.024414 0.070278
0 0.415039 0.295754 0.011719 0.032211
0 0.444336 0.294290 0.007812 0.023426
0 0.450195 0.259883 0.011719 0.027818
0 0.487793 0.237189 0.004883 0.011713
0 0.500488 0.243777 0.006836 0.016105
0 0.533203 0.210835 0.037109 0.084919
0 0.632324 0.303807 0.016602 0.033675
0 0.681152 0.369693 0.008789 0.021962
0 0.696777 0.367496 0.008789 0.017570
0 0.700684 0.280381 0.006836 0.016105
0 0.713379 0.276720 0.010742 0.023426
0 0.743652 0.411420 0.008789 0.011713
0 0.765137 0.367496 0.008789 0.023426
0 0.755371 0.250366 0.008789 0.017570
0 0.813477 0.276720 0.007812 0.020498
0 0.858887 0.270864 0.051758 0.111274
0 0.906250 0.267204 0.009766 0.019034
0 0.944824 0.247438 0.006836 0.011713
0 0.939941 0.297950 0.008789 0.016105
0 0.979492 0.268668 0.009766 0.016105
0 0.619141 0.260615 0.011719 0.026354
0 0.816406 0.228404 0.005859 0.011713
