0 0.233398 0.195915 0.007812 0.013616
0 0.205566 0.224660 0.008789 0.016641
0 0.163574 0.253404 0.008789 0.016641
0 0.125488 0.289713 0.008789 0.016641
0 0.105469 0.323752 0.009766 0.021180
0 0.107422 0.374433 0.009766 0.019667
0 0.106445 0.401664 0.009766 0.016641
0 0.120117 0.475794 0.011719 0.022693
0 0.305176 0.140696 0.006836 0.009077
0 0.344238 0.161120 0.006836 0.010590
0 0.392090 0.155068 0.006836 0.013616
0 0.385254 0.117247 0.006836 0.013616
0 0.366699 0.090772 0.006836 0.012103
0 0.425293 0.093041 0.006836 0.010590
0 0.423340 0.149017 0.006836 0.010590
0 0.450684 0.105900 0.006836 0.012103
0 0.429199 0.071104 0.006836 0.012103
0 0.451660 0.086233 0.006836 0.009077
0 0.429688 0.223903 0.007812 0.012103
0 0.296875 0.260212 0.009766 0.015129
0 0.312012 0.291982 0.010742 0.015129
0 0.351074 0.262481 0.008789 0.016641
0 0.400879 0.257186 0.008789 0.015129
0 0.372070 0.291982 0.009766 0.018154
0 0.331055 0.334342 0.007812 0.012103
0 0.709961 0.415280 0.009766 0.016641
0 0.690430 0.472769 0.009766 0.016641
0 0.666016 0.536309 0.009766 0.019667
0 0.733398 0.538578 0.009766 0.021180
0 0.738281 0.334342 0.007812 0.015129
0 0.727051 0.374433 0.008789 0.016641
0 0.772461 0.420575 0.009766 0.015129
0 0.758789 0.468986 0.009766 0.018154
0 0.814453 0.527231 0.011719 0.019667
0 0.889648 0.485628 0.009766 0.021180
0 0.800781 0.588502 0.011719 0.021180
0 0.719727 0.595310 0.011719 0.022693
0 0.692383 0.679274 0.011719 0.021180
0 0.484375 0.073374 0.005859 0.010590
0 0.511719 0.077912 0.005859 0.010590
0 0.505371 0.122542 0.006836 0.012103
0 0.521484 0.145991 0.007812 0.013616
0 0.566895 0.116490 0.006836 0.012103
0 0.542969 0.093797 0.005859 0.012103
0 0.556152 0.087746 0.006836 0.012103
0 0.581055 0.082451 0.005859 0.010590
0 0.601074 0.079425 0.004883 0.010590
0 0.610840 0.106657 0.004883 0.007564
0 0.614746 0.143722 0.006836 0.012103
0 0.646484 0.161120 0.007812 0.013616
0 0.655273 0.117247 0.005859 0.010590
0 0.691895 0.172466 0.008789 0.015129
0 0.732910 0.145991 0.006836 0.010590
0 0.758789 0.204236 0.005859 0.012103
0 0.711914 0.264750 0.007812 0.012103
0 0.806641 0.227685 0.007812 0.013616
0 0.837891 0.259455 0.007812 0.016641
0 0.879395 0.299546 0.008789 0.015129
0 0.893555 0.335098 0.007812 0.016641
0 0.890625 0.384266 0.009766 0.018154
0 0.890137 0.425870 0.010742 0.019667
0 0.666992 0.374433 0.009766 0.016641
0 0.274414 0.327534 0.009766 0.016641
0 0.351074 0.362330 0.010742 0.019667
0 0.393555 0.326021 0.009766 0.016641
0 0.416504 0.365356 0.010742 0.016641
0 0.239746 0.421331 0.010742 0.019667
0 0.288574 0.377458 0.010742 0.016641
0 0.310547 0.409228 0.011719 0.019667
0 0.333008 0.472012 0.011719 0.018154
0 0.379883 0.413011 0.009766 0.015129
0 0.262207 0.468986 0.010742 0.018154
0 0.208984 0.524962 0.011719 0.021180
0 0.232422 0.590772 0.011719 0.022693
0 0.312988 0.590772 0.010742 0.022693
0 0.289062 0.527988 0.011719 0.018154
0 0.363281 0.513616 0.009766 0.019667
0 0.394043 0.590772 0.010742 0.022693
0 0.440430 0.525719 0.011719 0.022693
0 0.409180 0.468986 0.011719 0.018154
0 0.429199 0.665658 0.012695 0.027231
0 0.341309 0.667927 0.012695 0.025719
0 0.429199 0.293495 0.010742 0.018154
0 0.450684 0.335098 0.008789 0.016641
0 0.456543 0.256430 0.008789 0.013616
0 0.478516 0.291225 0.007812 0.013616
0 0.505859 0.260212 0.007812 0.015129
0 0.481445 0.229198 0.007812 0.013616
0 0.531738 0.229955 0.006836 0.015129
0 0.535156 0.301059 0.009766 0.015129
0 0.561523 0.254917 0.007812 0.013616
0 0.509766 0.339637 0.007812 0.013616
0 0.540039 0.364599 0.009766 0.018154
0 0.569336 0.338880 0.009766 0.015129
0 0.479492 0.372920 0.009766 0.016641
0 0.509766 0.421331 0.009766 0.013616
0 0.443359 0.415280 0.009766 0.016641
0 0.476074 0.463691 0.010742 0.019667
0 0.512207 0.521936 0.010742 0.021180
0 0.548340 0.465961 0.010742 0.018154
0 0.577637 0.414523 0.010742 0.015129
0 0.604004 0.370651 0.010742 0.018154
0 0.587891 0.533283 0.009766 0.019667
0 0.469727 0.591528 0.011719 0.021180
0 0.559082 0.593797 0.010742 0.022693
0 0.521973 0.667927 0.012695 0.025719
0 0.608398 0.669440 0.011719 0.022693
0 0.638672 0.598336 0.011719 0.022693
0 0.584473 0.236006 0.008789 0.012103
0 0.593750 0.294251 0.007812 0.013616
0 0.616699 0.267020 0.006836 0.013616
0 0.666992 0.262481 0.007812 0.013616
0 0.647949 0.296520 0.008789 0.012103
0 0.627930 0.332829 0.009766 0.015129
0 0.686035 0.338124 0.008789 0.016641
0 0.705566 0.300303 0.008789 0.013616
0 0.615723 0.463691 0.010742 0.019667
0 0.643555 0.422088 0.009766 0.018154
