0 0.468262 0.335069 0.057617 0.079861
0 0.215332 0.460938 0.012695 0.022569
0 0.182617 0.450521 0.017578 0.032986
0 0.140625 0.453125 0.015625 0.024306
0 0.113770 0.434896 0.012695 0.019097
0 0.292480 0.446181 0.010742 0.020833
0 0.303711 0.444444 0.007812 0.017361
0 0.338379 0.434896 0.016602 0.019097
0 0.829102 0.434028 0.007812 0.017361
0 0.725098 0.464410 0.018555 0.036458
0 0.770020 0.448785 0.012695 0.026042
0 0.671875 0.427951 0.013672 0.026042
0 0.631348 0.454861 0.016602 0.027778
0 0.588379 0.439236 0.010742 0.020833
0 0.604004 0.443576 0.006836 0.012153
0 0.705566 0.450521 0.006836 0.012153
0 0.258301 0.445312 0.008789 0.015625
0 0.897949 0.447049 0.008789 0.015625
0 0.945312 0.440972 0.011719 0.017361
0 0.978027 0.463542 0.016602 0.027778
0 0.848633 0.469618 0.023438 0.039931
