0 0.048340 0.235026 0.004883 0.006510
0 0.138184 0.231771 0.004883 0.007812
0 0.184570 0.233724 0.003906 0.006510
0 0.083984 0.339193 0.005859 0.009115
0 0.026367 0.339193 0.005859 0.009115
0 0.261230 0.916016 0.010742 0.019531
0 0.166992 0.919271 0.011719 0.015625
0 0.076660 0.910807 0.010742 0.016927
0 0.061035 0.932292 0.012695 0.020833
0 0.834473 0.524089 0.006836 0.011719
0 0.822754 0.496745 0.006836 0.009115
0 0.707520 0.529297 0.006836 0.009115
0 0.701660 0.505859 0.006836 0.011719
0 0.809082 0.476562 0.006836 0.010417
0 0.348145 0.513672 0.006836 0.009115
0 0.296875 0.492839 0.007812 0.009115
0 0.243652 0.503255 0.006836 0.009115
0 0.179688 0.498047 0.007812 0.009115
0 0.405762 0.503906 0.008789 0.010417
0 0.635742 0.503906 0.007812 0.010417
0 0.575195 0.501953 0.007812 0.009115
0 0.508789 0.505859 0.007812 0.009115
0 0.516113 0.533203 0.008789 0.011719
0 0.482910 0.588542 0.006836 0.010417
0 0.589355 0.606771 0.008789 0.013021
0 0.657715 0.610677 0.008789 0.013021
0 0.154297 0.241536 0.003906 0.006510
