0 0.051270 0.240338 0.014648 0.045894
0 0.110840 0.283816 0.020508 0.055556
0 0.166992 0.341787 0.017578 0.050725
0 0.200684 0.640097 0.008789 0.028986
0 0.249023 0.219807 0.025391 0.053140
0 0.202637 0.393720 0.012695 0.038647
0 0.203613 0.432367 0.006836 0.028986
0 0.304199 0.361111 0.010742 0.050725
0 0.393066 0.299517 0.020508 0.072464
0 0.412598 0.311594 0.014648 0.048309
0 0.552734 0.293478 0.019531 0.060386
0 0.462402 0.526570 0.006836 0.028986
0 0.488770 0.574879 0.008789 0.024155
0 0.515137 0.521739 0.006836 0.028986
0 0.490723 0.687198 0.004883 0.021739
0 0.482422 0.672705 0.005859 0.026570
0 0.618164 0.253623 0.019531 0.043478
0 0.697266 0.254831 0.021484 0.050725
0 0.781738 0.292271 0.018555 0.043478
0 0.831543 0.282609 0.024414 0.057971
0 0.967285 0.472222 0.016602 0.036232
0 0.928711 0.537440 0.005859 0.026570
0 0.947266 0.519324 0.009766 0.028986
