0 0.248535 0.579086 0.014648 0.033392
0 0.493652 0.624780 0.016602 0.040422
0 0.428223 0.550088 0.012695 0.031634
0 0.228516 0.570299 0.015625 0.033392
0 0.206543 0.556239 0.014648 0.029877
0 0.184082 0.548330 0.014648 0.028120
0 0.162109 0.529877 0.013672 0.029877
0 0.317871 0.566784 0.012695 0.033392
0 0.288574 0.554482 0.012695 0.033392
0 0.259766 0.545694 0.011719 0.029877
0 0.235840 0.536907 0.012695 0.029877
0 0.213867 0.523726 0.011719 0.028120
0 0.193359 0.514060 0.011719 0.026362
0 0.175293 0.503515 0.010742 0.026362
0 0.373535 0.553603 0.014648 0.035149
0 0.344238 0.551845 0.014648 0.031634
0 0.321777 0.531634 0.012695 0.029877
0 0.295898 0.527241 0.011719 0.028120
0 0.267578 0.518453 0.011719 0.028120
0 0.247070 0.504394 0.011719 0.028120
0 0.225586 0.496485 0.011719 0.029877
0 0.202637 0.484183 0.008789 0.026362
0 0.179199 0.478032 0.010742 0.021090
0 0.187988 0.447276 0.010742 0.022847
0 0.208008 0.456942 0.009766 0.021090
0 0.213867 0.429701 0.009766 0.019332
0 0.137695 0.521090 0.011719 0.026362
0 0.117676 0.509666 0.010742 0.024605
0 0.101074 0.498243 0.010742 0.026362
0 0.081055 0.492091 0.009766 0.024605
0 0.062012 0.479789 0.010742 0.024605
0 0.048340 0.471002 0.010742 0.024605
0 0.078613 0.454306 0.010742 0.022847
0 0.092285 0.463093 0.010742 0.026362
0 0.110840 0.473638 0.010742 0.022847
0 0.118652 0.444640 0.010742 0.024605
0 0.138672 0.455185 0.011719 0.024605
0 0.127441 0.485062 0.010742 0.024605
0 0.024902 0.458699 0.010742 0.024605
0 0.167969 0.437610 0.009766 0.021090
0 0.155273 0.467487 0.009766 0.024605
0 0.149414 0.496485 0.011719 0.022847
0 0.229004 0.470123 0.010742 0.022847
0 0.235352 0.443761 0.009766 0.022847
0 0.262695 0.425308 0.009766 0.021090
0 0.255859 0.449912 0.007812 0.021090
0 0.283203 0.436731 0.009766 0.022847
0 0.273926 0.458699 0.010742 0.021090
0 0.310059 0.421793 0.008789 0.024605
0 0.304199 0.448155 0.010742 0.024605
0 0.297363 0.471002 0.010742 0.024605
0 0.250977 0.479789 0.009766 0.024605
0 0.273438 0.491213 0.009766 0.022847
0 0.295410 0.500000 0.010742 0.022847
0 0.316895 0.509666 0.010742 0.021090
0 0.341797 0.521090 0.009766 0.022847
0 0.326660 0.481547 0.008789 0.024605
0 0.349121 0.490334 0.010742 0.021090
0 0.372559 0.498243 0.008789 0.022847
0 0.324219 0.453427 0.009766 0.021090
0 0.354492 0.462214 0.009766 0.021090
0 0.375000 0.469244 0.009766 0.021090
0 0.331543 0.430580 0.008789 0.024605
0 0.349121 0.438489 0.008789 0.019332
0 0.354980 0.416520 0.008789 0.021090
0 0.398438 0.539543 0.011719 0.028120
0 0.398926 0.510545 0.008789 0.019332
0 0.428223 0.519332 0.012695 0.022847
0 0.402344 0.483304 0.011719 0.021090
0 0.395508 0.458699 0.009766 0.021090
0 0.374512 0.445518 0.008789 0.019332
0 0.377930 0.422671 0.009766 0.019332
0 0.398926 0.411248 0.008789 0.017575
0 0.401367 0.434095 0.009766 0.017575
0 0.418945 0.416520 0.009766 0.017575
0 0.424316 0.443761 0.008789 0.019332
0 0.422852 0.462214 0.011719 0.021090
0 0.424805 0.490334 0.011719 0.021090
0 0.492188 0.536907 0.011719 0.029877
0 0.459961 0.524605 0.011719 0.029877
0 0.449219 0.499121 0.011719 0.021090
0 0.448242 0.471880 0.009766 0.019332
0 0.446289 0.455185 0.009766 0.017575
0 0.443848 0.429701 0.008789 0.019332
0 0.443848 0.405097 0.010742 0.019332
0 0.483887 0.505272 0.012695 0.026362
0 0.473633 0.486819 0.011719 0.021090
0 0.472656 0.459578 0.011719 0.022847
0 0.466309 0.442004 0.010742 0.019332
0 0.468750 0.414763 0.009766 0.017575
0 0.547363 0.528120 0.014648 0.029877
0 0.513184 0.516696 0.012695 0.024605
0 0.500488 0.490334 0.012695 0.024605
0 0.497070 0.471880 0.009766 0.022847
0 0.492676 0.446397 0.010742 0.021090
0 0.490234 0.423550 0.009766 0.021090
0 0.482910 0.398067 0.010742 0.022847
0 0.599121 0.522847 0.012695 0.029877
0 0.568848 0.506151 0.012695 0.028120
0 0.529297 0.498243 0.013672 0.029877
0 0.522461 0.475395 0.011719 0.022847
0 0.516602 0.458699 0.011719 0.021090
0 0.512207 0.432337 0.010742 0.021090
0 0.507324 0.413005 0.008789 0.017575
0 0.657227 0.513181 0.013672 0.031634
0 0.619629 0.500879 0.012695 0.028120
0 0.602051 0.478032 0.010742 0.024605
0 0.586914 0.496485 0.011719 0.026362
0 0.571777 0.470123 0.010742 0.026362
0 0.555176 0.484183 0.012695 0.026362
0 0.545410 0.463093 0.010742 0.022847
0 0.540039 0.440246 0.009766 0.019332
0 0.531738 0.421793 0.008789 0.021090
0 0.526855 0.398946 0.008789 0.017575
0 0.708008 0.510545 0.011719 0.026362
0 0.673340 0.497364 0.010742 0.024605
0 0.635254 0.488576 0.010742 0.028120
0 0.623535 0.465729 0.010742 0.024605
0 0.596680 0.458699 0.011719 0.021090
0 0.583984 0.435852 0.009766 0.021090
0 0.558594 0.427065 0.009766 0.021090
0 0.555664 0.405097 0.007812 0.015817
0 0.689453 0.480668 0.009766 0.022847
0 0.657715 0.471002 0.010742 0.021090
0 0.640625 0.450791 0.009766 0.022847
0 0.613770 0.442004 0.010742 0.022847
0 0.725586 0.489455 0.011719 0.026362
0 0.701172 0.464851 0.011719 0.022847
0 0.668945 0.459578 0.009766 0.019332
0 0.718750 0.449033 0.009766 0.022847
0 0.690430 0.442004 0.009766 0.022847
0 0.656738 0.434974 0.010742 0.022847
0 0.632812 0.427065 0.009766 0.021090
0 0.605957 0.419156 0.008789 0.019332
0 0.581543 0.414763 0.008789 0.014060
0 0.863770 0.630053 0.014648 0.033392
0 0.951172 0.551845 0.013672 0.031634
0 0.764160 0.500000 0.012695 0.026362
0 0.741699 0.478032 0.012695 0.028120
0 0.753906 0.456063 0.011719 0.026362
0 0.782227 0.484183 0.011719 0.026362
0 0.791016 0.470123 0.009766 0.026362
0 0.822266 0.488576 0.011719 0.028120
0 0.832031 0.475395 0.011719 0.029877
0 0.875000 0.482425 0.011719 0.026362
0 0.969727 0.398946 0.009766 0.017575
0 0.590820 0.354130 0.005859 0.012302
0 0.577637 0.353251 0.006836 0.014060
0 0.562012 0.342707 0.006836 0.017575
0 0.208496 0.263620 0.004883 0.010545
0 0.198242 0.263620 0.003906 0.010545
0 0.190430 0.260105 0.005859 0.010545
0 0.943848 0.330404 0.004883 0.014060
0 0.929688 0.342707 0.005859 0.014060
0 0.908691 0.339192 0.004883 0.014060
0 0.885254 0.341828 0.004883 0.012302
0 0.869629 0.327768 0.006836 0.012302
0 0.858398 0.354130 0.005859 0.008787
0 0.846680 0.320738 0.005859 0.012302
0 0.857910 0.324253 0.004883 0.012302
0 0.875488 0.318102 0.004883 0.014060
0 0.890137 0.316344 0.002930 0.010545
0 0.913086 0.319859 0.005859 0.010545
0 0.908691 0.311951 0.004883 0.012302
0 0.941406 0.300527 0.005859 0.010545
0 0.931152 0.294376 0.004883 0.008787
0 0.865234 0.297891 0.005859 0.012302
0 0.888184 0.302285 0.004883 0.014060
0 0.876465 0.285589 0.004883 0.012302
0 0.907715 0.291740 0.004883 0.010545
0 0.899902 0.304042 0.004883 0.014060
0 0.934570 0.320738 0.007812 0.012302
0 0.917969 0.295255 0.003906 0.010545
0 0.838379 0.310193 0.004883 0.012302
0 0.723145 0.304042 0.006836 0.014060
0 0.745605 0.322496 0.004883 0.008787
0 0.779297 0.305800 0.003906 0.010545
0 0.774414 0.301406 0.003906 0.008787
0 0.764648 0.305800 0.005859 0.010545
0 0.758301 0.289982 0.004883 0.010545
0 0.739258 0.300527 0.005859 0.010545
0 0.746094 0.291740 0.003906 0.010545
0 0.792969 0.289104 0.003906 0.012302
0 0.788086 0.288225 0.005859 0.010545
0 0.737793 0.282074 0.002930 0.012302
0 0.709961 0.293497 0.005859 0.010545
0 0.716797 0.290861 0.003906 0.008787
0 0.695801 0.301406 0.004883 0.008787
0 0.690918 0.302285 0.004883 0.010545
0 0.680664 0.290861 0.005859 0.008787
0 0.649414 0.295255 0.003906 0.010545
0 0.666504 0.297891 0.004883 0.008787
0 0.846191 0.278559 0.004883 0.012302
0 0.910645 0.228471 0.004883 0.010545
0 0.800293 0.271529 0.004883 0.008787
0 0.806152 0.289104 0.002930 0.008787
0 0.807129 0.304042 0.004883 0.014060
0 0.870117 0.268014 0.003906 0.008787
0 0.882324 0.271529 0.004883 0.008787
0 0.860840 0.268014 0.004883 0.008787
0 0.815918 0.286467 0.004883 0.010545
0 0.850098 0.303163 0.004883 0.008787
0 0.814453 0.314587 0.005859 0.010545
0 0.937012 0.243409 0.004883 0.008787
0 0.956543 0.257469 0.004883 0.012302
0 0.948242 0.315466 0.005859 0.015817
0 0.965332 0.275923 0.004883 0.010545
0 0.958496 0.275923 0.004883 0.010545
0 0.982910 0.318981 0.006836 0.012302
0 0.979004 0.346221 0.004883 0.014060
0 0.966309 0.343585 0.004883 0.012302
0 0.960449 0.331283 0.004883 0.012302
0 0.972656 0.256591 0.003906 0.014060
0 0.931152 0.241652 0.002930 0.008787
0 0.926270 0.242531 0.004883 0.007030
0 0.852051 0.263620 0.004883 0.007030
0 0.898438 0.267135 0.003906 0.010545
0 0.952148 0.330404 0.005859 0.010545
0 0.766113 0.282953 0.004883 0.010545
0 0.700684 0.285589 0.004883 0.008787
0 0.639160 0.297891 0.002930 0.008787
0 0.919922 0.244288 0.003906 0.007030
0 0.896973 0.286467 0.002930 0.010545
0 0.811523 0.288225 0.005859 0.014060
0 0.834961 0.278559 0.005859 0.012302
0 0.994629 0.243409 0.004883 0.008787
0 0.997070 0.334798 0.005859 0.015817
0 0.870605 0.314587 0.004883 0.010545
0 0.781738 0.276801 0.004883 0.012302
0 0.716797 0.312830 0.003906 0.010545
0 0.011230 0.269772 0.006836 0.012302
0 0.028320 0.312830 0.005859 0.010545
0 0.067383 0.290861 0.005859 0.012302
0 0.134766 0.093146 0.003906 0.010545
