0 0.218262 0.334201 0.028320 0.057292
0 0.253906 0.296007 0.033203 0.067708
0 0.172363 0.290799 0.008789 0.019097
0 0.087891 0.258681 0.007812 0.020833
0 0.043457 0.217014 0.006836 0.017361
0 0.081055 0.175347 0.005859 0.017361
0 0.047852 0.177951 0.005859 0.015625
0 0.160645 0.327257 0.006836 0.019097
0 0.141113 0.289062 0.006836 0.015625
0 0.099609 0.179688 0.007812 0.019097
0 0.129883 0.146701 0.005859 0.015625
0 0.085449 0.133681 0.008789 0.017361
0 0.060059 0.132812 0.006836 0.019097
0 0.027344 0.154514 0.009766 0.031250
0 0.010742 0.153646 0.007812 0.022569
0 0.166992 0.253472 0.007812 0.027778
0 0.172852 0.227431 0.007812 0.024306
0 0.175781 0.197049 0.009766 0.026042
0 0.119629 0.185764 0.008789 0.017361
0 0.183594 0.135417 0.007812 0.020833
0 0.158691 0.145833 0.010742 0.020833
0 0.104004 0.152778 0.006836 0.020833
0 0.186035 0.376736 0.010742 0.024306
0 0.214844 0.126736 0.005859 0.013889
0 0.124023 0.255208 0.005859 0.013889
0 0.133301 0.302083 0.006836 0.017361
0 0.140625 0.358507 0.009766 0.026042
0 0.147461 0.195312 0.007812 0.022569
0 0.110840 0.252604 0.004883 0.019097
0 0.139160 0.333333 0.004883 0.013889
0 0.115723 0.224826 0.006836 0.019097
0 0.129395 0.208333 0.006836 0.017361
0 0.316895 0.296875 0.006836 0.017361
0 0.298340 0.262153 0.006836 0.020833
0 0.329590 0.237847 0.006836 0.017361
0 0.300781 0.220486 0.007812 0.017361
0 0.226074 0.180556 0.006836 0.020833
0 0.371094 0.478299 0.009766 0.019097
0 0.381348 0.429688 0.010742 0.029514
0 0.471191 0.321181 0.036133 0.062500
0 0.351074 0.248264 0.006836 0.017361
0 0.405762 0.241319 0.008789 0.020833
0 0.434082 0.232639 0.008789 0.020833
0 0.435547 0.196181 0.005859 0.017361
0 0.422363 0.196181 0.004883 0.017361
0 0.408203 0.197049 0.005859 0.019097
0 0.382324 0.181424 0.008789 0.022569
0 0.381836 0.249132 0.007812 0.026042
0 0.355469 0.182292 0.007812 0.020833
0 0.276367 0.160590 0.007812 0.019097
0 0.286621 0.163194 0.008789 0.020833
0 0.311035 0.143229 0.006836 0.019097
0 0.472168 0.147569 0.006836 0.017361
0 0.466309 0.140625 0.006836 0.013889
0 0.630859 0.388021 0.031250 0.064236
0 0.668457 0.397569 0.032227 0.059028
0 0.895508 0.372396 0.033203 0.071181
0 0.873535 0.395833 0.020508 0.045139
0 0.560547 0.277778 0.007812 0.034722
0 0.641602 0.250868 0.003906 0.022569
0 0.693359 0.282118 0.009766 0.026042
0 0.667969 0.250000 0.005859 0.020833
0 0.680664 0.241319 0.007812 0.024306
0 0.717773 0.291667 0.007812 0.024306
0 0.746094 0.292535 0.011719 0.029514
0 0.771484 0.289062 0.009766 0.026042
0 0.795898 0.284722 0.009766 0.020833
0 0.837402 0.434028 0.006836 0.024306
0 0.856445 0.402778 0.007812 0.024306
0 0.830078 0.403646 0.005859 0.022569
0 0.854004 0.365451 0.006836 0.019097
0 0.786133 0.369792 0.007812 0.017361
0 0.799805 0.369792 0.005859 0.017361
0 0.238770 0.138889 0.006836 0.017361
0 0.361328 0.369792 0.015625 0.041667
0 0.316895 0.131076 0.008789 0.015625
0 0.577148 0.487847 0.013672 0.027778
0 0.779785 0.333333 0.010742 0.027778
0 0.703125 0.312500 0.005859 0.017361
0 0.730957 0.320312 0.006836 0.022569
0 0.752930 0.320312 0.007812 0.019097
0 0.539062 0.205729 0.007812 0.015625
0 0.518066 0.212674 0.010742 0.019097
0 0.742188 0.358507 0.007812 0.019097
0 0.631836 0.163194 0.007812 0.020833
0 0.610840 0.226562 0.010742 0.039931
0 0.585938 0.273438 0.007812 0.026042
0 0.619141 0.278646 0.009766 0.026042
0 0.590820 0.239583 0.009766 0.034722
0 0.581543 0.245660 0.014648 0.032986
0 0.685547 0.264757 0.009766 0.029514
0 0.632812 0.221354 0.013672 0.043403
0 0.343262 0.288194 0.008789 0.024306
0 0.413574 0.289931 0.008789 0.024306
0 0.384766 0.283854 0.011719 0.022569
0 0.363281 0.134549 0.005859 0.015625
0 0.327148 0.185764 0.007812 0.031250
0 0.925781 0.274306 0.013672 0.031250
0 0.994141 0.394097 0.007812 0.038194
0 0.926270 0.354167 0.010742 0.027778
0 0.941406 0.372396 0.009766 0.029514
0 0.681641 0.160590 0.007812 0.019097
0 0.729492 0.188368 0.007812 0.029514
0 0.975098 0.433160 0.012695 0.026042
0 0.968262 0.393229 0.010742 0.022569
0 0.968750 0.354167 0.011719 0.027778
0 0.825195 0.359375 0.005859 0.020833
0 0.820312 0.328125 0.009766 0.020833
0 0.847656 0.320312 0.009766 0.019097
0 0.862793 0.323785 0.004883 0.019097
0 0.825195 0.295139 0.009766 0.024306
0 0.826172 0.223090 0.009766 0.026042
0 0.806152 0.215278 0.008789 0.031250
0 0.783203 0.250868 0.011719 0.032986
0 0.743652 0.256944 0.008789 0.024306
0 0.832031 0.195312 0.007812 0.032986
0 0.836914 0.225694 0.009766 0.038194
0 0.677246 0.216146 0.012695 0.026042
0 0.583984 0.182292 0.011719 0.031250
0 0.557617 0.185764 0.007812 0.024306
0 0.715820 0.261285 0.005859 0.019097
0 0.656738 0.186632 0.008789 0.026042
0 0.558105 0.227431 0.008789 0.031250
0 0.788086 0.195312 0.007812 0.019097
0 0.604980 0.169271 0.008789 0.022569
0 0.659180 0.152778 0.009766 0.024306
0 0.011230 0.304688 0.018555 0.060764
0 0.441895 0.121528 0.004883 0.013889
0 0.704102 0.188368 0.005859 0.015625
