0 0.790039 0.591508 0.011719 0.023426
0 0.712891 0.584919 0.011719 0.021962
0 0.752930 0.590776 0.009766 0.019034
0 0.813477 0.592240 0.007812 0.016105
0 0.821289 0.594436 0.005859 0.014641
0 0.996094 0.618594 0.007812 0.030747
0 0.844727 0.579795 0.003906 0.008785
0 0.729980 0.585652 0.004883 0.008785
0 0.659668 0.589312 0.006836 0.013177
0 0.618164 0.595168 0.007812 0.016105
0 0.515137 0.588580 0.016602 0.026354
0 0.467285 0.610542 0.008789 0.014641
0 0.368164 0.610542 0.009766 0.017570
0 0.487305 0.598097 0.005859 0.013177
0 0.583496 0.594436 0.004883 0.011713
0 0.651855 0.582723 0.004883 0.008785
0 0.313965 0.648609 0.006836 0.014641
0 0.345215 0.620059 0.004883 0.010249
0 0.395996 0.636896 0.004883 0.011713
0 0.199707 0.598097 0.018555 0.030747
0 0.228516 0.581991 0.011719 0.021962
0 0.121094 0.637628 0.005859 0.016105
0 0.083984 0.628111 0.003906 0.008785
0 0.088867 0.625183 0.005859 0.008785
0 0.047363 0.683016 0.004883 0.016105
0 0.017578 0.622255 0.007812 0.020498
