0 0.095215 0.745443 0.006836 0.009115
0 0.084473 0.780599 0.008789 0.011719
0 0.062988 0.831380 0.008789 0.014323
0 0.130371 0.748698 0.006836 0.010417
0 0.169434 0.758464 0.006836 0.014323
0 0.159180 0.804688 0.005859 0.007812
0 0.102051 0.859375 0.008789 0.010417
0 0.145508 0.864583 0.005859 0.007812
0 0.197266 0.825521 0.009766 0.010417
0 0.231934 0.826823 0.004883 0.007812
0 0.281250 0.827474 0.009766 0.009115
0 0.276855 0.764974 0.008789 0.006510
0 0.311035 0.765625 0.008789 0.013021
0 0.314453 0.729818 0.007812 0.006510
0 0.275879 0.717448 0.006836 0.010417
0 0.239258 0.722005 0.005859 0.009115
0 0.241699 0.756510 0.008789 0.013021
0 0.208496 0.761068 0.006836 0.006510
0 0.213379 0.694661 0.006836 0.009115
0 0.195312 0.867839 0.009766 0.011719
0 0.243652 0.861328 0.010742 0.014323
0 0.294434 0.871745 0.010742 0.011719
0 0.392578 0.686198 0.005859 0.005208
0 0.426758 0.684245 0.005859 0.009115
0 0.406738 0.641276 0.004883 0.006510
0 0.466797 0.710286 0.005859 0.009115
0 0.425781 0.717448 0.005859 0.007812
0 0.471191 0.753255 0.006836 0.006510
0 0.496582 0.685547 0.006836 0.009115
0 0.529297 0.688802 0.005859 0.007812
0 0.487305 0.643880 0.007812 0.009115
0 0.496094 0.605469 0.005859 0.005208
0 0.416016 0.542318 0.003906 0.003906
0 0.536133 0.636068 0.003906 0.003906
0 0.563477 0.688802 0.005859 0.010417
0 0.549805 0.710938 0.005859 0.005208
0 0.596191 0.688151 0.004883 0.009115
0 0.611816 0.729167 0.004883 0.007812
0 0.641602 0.697266 0.005859 0.006510
0 0.656738 0.643880 0.004883 0.006510
0 0.694336 0.649089 0.005859 0.006510
0 0.652832 0.569010 0.004883 0.007812
0 0.637207 0.602214 0.004883 0.006510
0 0.533203 0.597656 0.005859 0.010417
0 0.528320 0.576823 0.005859 0.007812
0 0.647461 0.532552 0.003906 0.005208
0 0.456543 0.600260 0.004883 0.007812
0 0.697266 0.602214 0.005859 0.009115
0 0.593262 0.645182 0.006836 0.011719
0 0.026855 0.822917 0.008789 0.013021
0 0.004395 0.811849 0.008789 0.014323
0 0.585449 0.485677 0.002930 0.002604
0 0.574219 0.477865 0.003906 0.005208
0 0.588379 0.472656 0.002930 0.002604
0 0.580566 0.464844 0.002930 0.005208
0 0.600098 0.475911 0.002930 0.001302
0 0.613281 0.465495 0.001953 0.003906
0 0.628418 0.468099 0.002930 0.003906
0 0.644531 0.455729 0.003906 0.005208
0 0.680664 0.495443 0.003906 0.006510
0 0.613770 0.491536 0.004883 0.006510
0 0.521484 0.534505 0.005859 0.011719
0 0.500000 0.473307 0.005859 0.009115
0 0.499512 0.485026 0.004883 0.006510
0 0.467285 0.458984 0.004883 0.006510
0 0.493652 0.466146 0.004883 0.007812
0 0.442871 0.461589 0.004883 0.006510
0 0.460938 0.469401 0.003906 0.006510
0 0.438477 0.483724 0.003906 0.006510
0 0.738770 0.637370 0.006836 0.006510
0 0.680664 0.738932 0.005859 0.009115
0 0.701660 0.768229 0.006836 0.007812
0 0.722656 0.737630 0.005859 0.009115
0 0.743164 0.766927 0.007812 0.010417
0 0.730469 0.815104 0.009766 0.013021
0 0.769531 0.807292 0.009766 0.013021
0 0.805176 0.808594 0.006836 0.013021
0 0.837402 0.792969 0.006836 0.013021
0 0.871094 0.794922 0.007812 0.011719
0 0.871094 0.767578 0.007812 0.009115
0 0.834961 0.761719 0.005859 0.005208
0 0.801270 0.767578 0.006836 0.009115
0 0.777344 0.754557 0.007812 0.009115
0 0.796875 0.733724 0.007812 0.009115
0 0.819336 0.711589 0.007812 0.006510
0 0.774414 0.714193 0.007812 0.009115
0 0.758301 0.732422 0.006836 0.009115
0 0.814941 0.865885 0.006836 0.007812
0 0.845215 0.860677 0.006836 0.010417
0 0.775391 0.871745 0.007812 0.009115
0 0.722656 0.895182 0.009766 0.014323
0 0.045410 0.768880 0.006836 0.011719
0 0.117188 0.794922 0.007812 0.009115
0 0.162109 0.723958 0.005859 0.007812
0 0.554688 0.747396 0.007812 0.010417
0 0.867188 0.513672 0.003906 0.006510
0 0.812988 0.486328 0.002930 0.006510
0 0.048828 0.518229 0.003906 0.007812
0 0.103516 0.496745 0.003906 0.006510
0 0.171387 0.480469 0.002930 0.005208
