0 0.036621 0.642424 0.008789 0.015152
0 0.105957 0.652273 0.008789 0.013636
0 0.171875 0.648485 0.007812 0.012121
0 0.122559 0.649242 0.006836 0.013636
0 0.287598 0.629545 0.008789 0.013636
0 0.318848 0.648485 0.008789 0.015152
0 0.351562 0.665152 0.007812 0.009091
0 0.363281 0.667424 0.003906 0.007576
0 0.385254 0.681061 0.004883 0.010606
0 0.067383 0.700758 0.005859 0.004545
0 0.473145 0.506818 0.024414 0.053030
0 0.670410 0.654545 0.008789 0.015152
0 0.620117 0.671970 0.007812 0.013636
0 0.730469 0.671212 0.005859 0.012121
0 0.773926 0.684848 0.006836 0.015152
0 0.819336 0.657576 0.009766 0.012121
0 0.855957 0.649242 0.010742 0.013636
0 0.973145 0.641667 0.010742 0.016667
0 0.893066 0.665909 0.008789 0.013636
