0 0.658691 0.346549 0.012695 0.029369
0 0.736328 0.336270 0.007812 0.014684
0 0.870117 0.330396 0.009766 0.023495
0 0.946289 0.312775 0.013672 0.026432
0 0.260254 0.307636 0.018555 0.045521
0 0.093262 0.320852 0.016602 0.024963
0 0.319336 0.320852 0.013672 0.024963
0 0.408203 0.299559 0.009766 0.017621
0 0.464355 0.295888 0.010742 0.016153
0 0.502441 0.321586 0.008789 0.014684
0 0.440430 0.335536 0.005859 0.013216
0 0.387695 0.328194 0.007812 0.013216
0 0.294434 0.323054 0.006836 0.011747
0 0.233398 0.334068 0.009766 0.016153
0 0.216309 0.321586 0.006836 0.014684
0 0.142578 0.313510 0.005859 0.010279
0 0.004395 0.320852 0.008789 0.016153
0 0.029297 0.317915 0.005859 0.010279
