0 0.249512 0.979502 0.010742 0.020498
0 0.273926 0.985359 0.010742 0.020498
0 0.359863 0.990483 0.008789 0.016105
0 0.299805 0.970717 0.011719 0.023426
0 0.312500 0.926794 0.009766 0.017570
0 0.332520 0.925329 0.008789 0.020498
0 0.353516 0.953148 0.011719 0.020498
0 0.379395 0.949488 0.008789 0.019034
0 0.370117 0.902635 0.009766 0.021962
0 0.437012 0.925329 0.010742 0.017570
0 0.478027 0.895315 0.008789 0.016105
0 0.468750 0.886530 0.007812 0.013177
0 0.526855 0.851391 0.008789 0.019034
0 0.484375 0.836018 0.009766 0.020498
0 0.439453 0.836750 0.009766 0.019034
0 0.430664 0.863104 0.009766 0.016105
0 0.503418 0.815520 0.008789 0.017570
0 0.512207 0.805271 0.008789 0.014641
0 0.437500 0.808931 0.007812 0.016105
0 0.440430 0.789898 0.007812 0.016105
0 0.481934 0.786237 0.006836 0.014641
0 0.528320 0.778184 0.007812 0.013177
0 0.477539 0.735725 0.005859 0.013177
0 0.507812 0.728404 0.007812 0.013177
0 0.537598 0.735725 0.006836 0.010249
0 0.555176 0.702050 0.006836 0.013177
0 0.543945 0.686676 0.007812 0.011713
0 0.531250 0.680088 0.003906 0.010249
0 0.490234 0.767936 0.005859 0.013177
0 0.459473 0.831625 0.006836 0.014641
0 0.550781 0.792826 0.007812 0.013177
0 0.568359 0.668375 0.005859 0.013177
0 0.679199 0.812592 0.006836 0.017570
0 0.745117 0.802343 0.007812 0.011713
0 0.756348 0.729136 0.006836 0.011713
0 0.800293 0.748902 0.006836 0.010249
0 0.909180 0.814788 0.017578 0.039531
0 0.665527 0.701318 0.006836 0.011713
0 0.624023 0.606149 0.005859 0.008785
0 0.676270 0.606881 0.004883 0.010249
0 0.688965 0.612006 0.004883 0.008785
0 0.690430 0.643485 0.005859 0.010249
0 0.629395 0.658858 0.004883 0.008785
0 0.654297 0.627379 0.005859 0.007321
0 0.652344 0.614202 0.005859 0.010249
0 0.652832 0.663250 0.006836 0.011713
0 0.512695 0.962665 0.009766 0.019034
0 0.853027 0.635432 0.004883 0.005857
0 0.838379 0.587848 0.004883 0.010249
0 0.887695 0.674963 0.005859 0.008785
0 0.903320 0.643485 0.005859 0.010249
0 0.916504 0.690337 0.006836 0.013177
0 0.793457 0.628843 0.004883 0.007321
0 0.605957 0.729868 0.004883 0.013177
0 0.575684 0.647145 0.004883 0.008785
0 0.779785 0.664714 0.004883 0.008785
0 0.770020 0.624451 0.002930 0.007321
0 0.763672 0.615666 0.003906 0.007321
0 0.787109 0.591508 0.003906 0.008785
0 0.782227 0.585652 0.003906 0.008785
0 0.788086 0.575403 0.005859 0.011713
0 0.798340 0.711567 0.004883 0.008785
0 0.693848 0.589312 0.004883 0.007321
0 0.977539 0.211567 0.029297 0.054173
0 0.949707 0.204978 0.014648 0.026354
0 0.940430 0.215227 0.013672 0.029283
0 0.256836 0.625183 0.007812 0.011713
0 0.252930 0.607613 0.005859 0.011713
0 0.138184 0.628111 0.006836 0.008785
0 0.151855 0.625915 0.006836 0.010249
0 0.120605 0.600293 0.004883 0.005857
0 0.118164 0.612738 0.003906 0.010249
0 0.133301 0.601025 0.004883 0.007321
0 0.142090 0.603953 0.006836 0.010249
0 0.195801 0.602489 0.004883 0.007321
0 0.151855 0.575403 0.004883 0.008785
0 0.123535 0.536603 0.004883 0.007321
0 0.134766 0.538067 0.003906 0.007321
0 0.159668 0.545388 0.004883 0.007321
0 0.170898 0.558565 0.005859 0.007321
0 0.145996 0.546852 0.002930 0.004392
0 0.186035 0.579795 0.004883 0.005857
0 0.240723 0.585652 0.004883 0.008785
0 0.264648 0.578331 0.005859 0.008785
0 0.209473 0.558565 0.004883 0.010249
0 0.222656 0.546852 0.003906 0.007321
0 0.251465 0.548316 0.004883 0.007321
0 0.239258 0.543924 0.003906 0.007321
0 0.229004 0.551977 0.004883 0.008785
0 0.199707 0.533675 0.004883 0.007321
0 0.208496 0.516105 0.004883 0.007321
0 0.145508 0.535871 0.003906 0.005857
0 0.146484 0.522694 0.003906 0.005857
0 0.175293 0.536603 0.004883 0.007321
0 0.281738 0.564422 0.002930 0.007321
0 0.291016 0.556369 0.003906 0.008785
0 0.272949 0.553441 0.004883 0.008785
0 0.258789 0.554173 0.005859 0.010249
0 0.252930 0.578331 0.005859 0.008785
0 0.301758 0.540996 0.003906 0.007321
0 0.261719 0.508053 0.003906 0.005857
0 0.297852 0.612006 0.005859 0.011713
0 0.018066 0.569546 0.004883 0.008785
0 0.049316 0.590044 0.006836 0.011713
0 0.015137 0.611274 0.006836 0.010249
0 0.003906 0.620791 0.003906 0.011713
0 0.033203 0.642753 0.005859 0.008785
0 0.046875 0.628111 0.005859 0.008785
0 0.029297 0.615666 0.005859 0.010249
0 0.038574 0.639092 0.004883 0.007321
0 0.081055 0.634700 0.005859 0.010249
0 0.064941 0.622987 0.004883 0.010249
0 0.062012 0.608346 0.004883 0.007321
0 0.068848 0.603221 0.004883 0.008785
0 0.072754 0.581991 0.004883 0.007321
0 0.072266 0.557833 0.003906 0.008785
0 0.093262 0.642753 0.004883 0.008785
0 0.095703 0.633236 0.003906 0.010249
0 0.105957 0.639092 0.006836 0.010249
0 0.063965 0.527818 0.004883 0.007321
0 0.057617 0.518302 0.003906 0.005857
0 0.019531 0.535871 0.003906 0.008785
0 0.092285 0.550512 0.004883 0.005857
0 0.085938 0.569546 0.005859 0.008785
0 0.124512 0.587848 0.004883 0.010249
0 0.130371 0.584187 0.004883 0.008785
0 0.173828 0.601757 0.005859 0.008785
0 0.150879 0.603221 0.004883 0.008785
0 0.195312 0.553441 0.003906 0.008785
0 0.183594 0.492679 0.003906 0.004392
0 0.192383 0.492679 0.003906 0.004392
0 0.250977 0.485359 0.003906 0.007321
0 0.256348 0.483163 0.002930 0.005857
0 0.003906 0.653734 0.007812 0.013177
0 0.005371 0.698389 0.006836 0.011713
0 0.040527 0.675695 0.008789 0.013177
0 0.069336 0.670571 0.005859 0.008785
0 0.085449 0.672767 0.004883 0.007321
0 0.203125 0.581991 0.005859 0.010249
0 0.116211 0.625915 0.005859 0.013177
0 0.644043 0.596633 0.004883 0.010249
0 0.286621 0.535871 0.004883 0.008785
0 0.145020 0.562225 0.004883 0.008785
