0 0.911621 0.355469 0.032227 0.046875
0 0.883789 0.351562 0.027344 0.044271
0 0.621094 0.304688 0.025391 0.046875
0 0.372559 0.223307 0.041992 0.063802
0 0.040527 0.295573 0.024414 0.044271
0 0.081543 0.335938 0.022461 0.036458
0 0.214844 0.399089 0.007812 0.014323
0 0.158691 0.373698 0.010742 0.018229
0 0.249512 0.414062 0.008789 0.013021
0 0.235840 0.403646 0.006836 0.010417
0 0.363281 0.416016 0.005859 0.009115
0 0.429688 0.416667 0.005859 0.010417
0 0.601074 0.429036 0.006836 0.009115
0 0.583984 0.430990 0.005859 0.007812
0 0.566895 0.423177 0.006836 0.010417
0 0.530273 0.406901 0.005859 0.011719
0 0.500000 0.420573 0.005859 0.007812
0 0.747559 0.443359 0.006836 0.009115
0 0.766602 0.444010 0.005859 0.010417
