0 0.167969 0.562615 0.009766 0.016575
0 0.207031 0.547882 0.009766 0.023941
0 0.254883 0.550645 0.009766 0.022099
0 0.135254 0.565378 0.008789 0.022099
0 0.126953 0.622468 0.009766 0.022099
0 0.148926 0.619705 0.008789 0.023941
0 0.172852 0.651013 0.007812 0.023941
0 0.196289 0.637201 0.009766 0.022099
0 0.215332 0.639042 0.008789 0.022099
0 0.237305 0.628913 0.007812 0.020258
0 0.259277 0.629834 0.008789 0.018416
0 0.136230 0.712707 0.008789 0.022099
0 0.158691 0.716390 0.008789 0.022099
0 0.187500 0.709945 0.009766 0.023941
0 0.208008 0.709945 0.009766 0.023941
0 0.233398 0.713628 0.007812 0.023941
0 0.087891 0.675875 0.007812 0.025783
0 0.062988 0.726519 0.008789 0.020258
0 0.089844 0.718232 0.009766 0.025783
0 0.112793 0.714549 0.008789 0.022099
0 0.083008 0.759669 0.009766 0.023941
0 0.118652 0.764273 0.008789 0.025783
0 0.166504 0.772560 0.010742 0.023941
0 0.328613 0.488950 0.008789 0.020258
0 0.366211 0.505525 0.007812 0.020258
0 0.282227 0.547882 0.009766 0.023941
0 0.740234 0.542357 0.007812 0.020258
0 0.708984 0.752302 0.011719 0.027624
0 0.740723 0.751381 0.008789 0.025783
0 0.769043 0.758748 0.008789 0.022099
0 0.842773 0.558011 0.009766 0.022099
0 0.853516 0.600368 0.009766 0.022099
0 0.830078 0.632597 0.007812 0.020258
0 0.883789 0.624309 0.009766 0.025783
0 0.828613 0.707182 0.008789 0.022099
0 0.851074 0.711786 0.008789 0.023941
0 0.879395 0.705341 0.008789 0.022099
0 0.905273 0.721915 0.009766 0.025783
0 0.930176 0.719153 0.010742 0.023941
0 0.840332 0.752302 0.010742 0.023941
0 0.808105 0.783610 0.008789 0.020258
0 0.868164 0.762431 0.009766 0.029466
0 0.897949 0.765193 0.008789 0.023941
0 0.930176 0.763352 0.008789 0.027624
0 0.500977 0.247698 0.011719 0.034991
0 0.339844 0.541436 0.009766 0.022099
0 0.369141 0.538674 0.007812 0.020258
0 0.403809 0.537753 0.008789 0.022099
0 0.293945 0.627993 0.007812 0.022099
0 0.332031 0.623389 0.007812 0.020258
0 0.357910 0.629834 0.008789 0.022099
0 0.387207 0.627993 0.008789 0.022099
0 0.412109 0.619705 0.007812 0.020258
0 0.295410 0.710866 0.008789 0.022099
0 0.323730 0.704420 0.006836 0.020258
0 0.348145 0.702578 0.008789 0.020258
0 0.376465 0.708103 0.008789 0.023941
0 0.405273 0.705341 0.009766 0.022099
0 0.267090 0.708103 0.008789 0.020258
0 0.238281 0.753223 0.009766 0.025783
0 0.200684 0.775322 0.008789 0.022099
0 0.277344 0.768877 0.009766 0.023941
0 0.302734 0.770718 0.007812 0.020258
0 0.333984 0.750460 0.009766 0.027624
0 0.425293 0.481584 0.008789 0.023941
0 0.499023 0.493554 0.009766 0.022099
0 0.440918 0.538674 0.008789 0.020258
0 0.482422 0.529466 0.009766 0.023941
0 0.516113 0.533149 0.008789 0.020258
0 0.553223 0.535912 0.010742 0.025783
0 0.437500 0.626151 0.009766 0.022099
0 0.465820 0.616943 0.007812 0.025783
0 0.498047 0.616943 0.007812 0.022099
0 0.532715 0.617864 0.008789 0.023941
0 0.556152 0.623389 0.008789 0.023941
0 0.778809 0.546961 0.008789 0.022099
0 0.814453 0.550645 0.009766 0.022099
0 0.714844 0.626151 0.009766 0.022099
0 0.738281 0.626151 0.009766 0.022099
0 0.757324 0.630755 0.008789 0.023941
0 0.780273 0.633517 0.007812 0.022099
0 0.808105 0.632597 0.008789 0.023941
0 0.687988 0.705341 0.008789 0.022099
0 0.711426 0.706262 0.008789 0.020258
0 0.739258 0.709024 0.011719 0.025783
0 0.766113 0.708103 0.008789 0.020258
0 0.788574 0.709024 0.008789 0.022099
0 0.808105 0.710866 0.006836 0.022099
0 0.636719 0.751381 0.009766 0.025783
0 0.673828 0.752302 0.009766 0.023941
0 0.311523 0.544199 0.009766 0.023941
0 0.427734 0.700737 0.007812 0.020258
0 0.454590 0.703499 0.008789 0.022099
0 0.480957 0.702578 0.008789 0.023941
0 0.519043 0.700737 0.008789 0.023941
0 0.541504 0.699816 0.008789 0.022099
0 0.368164 0.760589 0.007812 0.025783
0 0.396973 0.764273 0.008789 0.025783
0 0.433105 0.765193 0.008789 0.027624
0 0.468262 0.760589 0.008789 0.025783
0 0.498535 0.758748 0.008789 0.025783
0 0.529785 0.753223 0.010742 0.025783
0 0.568359 0.701657 0.009766 0.022099
0 0.565918 0.750460 0.010742 0.027624
0 0.595703 0.701657 0.009766 0.022099
0 0.601562 0.757827 0.007812 0.020258
0 0.621582 0.701657 0.008789 0.022099
0 0.564453 0.493554 0.007812 0.018416
0 0.606445 0.496317 0.005859 0.020258
0 0.584961 0.534070 0.007812 0.018416
0 0.622559 0.536832 0.008789 0.023941
0 0.653809 0.540516 0.008789 0.020258
0 0.667969 0.500000 0.007812 0.023941
0 0.582520 0.616943 0.008789 0.022099
0 0.604980 0.624309 0.008789 0.018416
0 0.640625 0.622468 0.009766 0.022099
0 0.678711 0.620626 0.007812 0.022099
0 0.661621 0.703499 0.008789 0.022099
0 0.704102 0.482505 0.007812 0.022099
0 0.693848 0.538674 0.008789 0.023941
0 0.722168 0.541436 0.008789 0.022099
