0 0.008301 0.302850 0.014648 0.045131
0 0.029297 0.317102 0.005859 0.016627
0 0.022949 0.282660 0.004883 0.014252
0 0.015137 0.271971 0.004883 0.016627
0 0.068359 0.293349 0.013672 0.030879
0 0.103027 0.252969 0.012695 0.030879
0 0.128906 0.258907 0.015625 0.057007
0 0.199707 0.279097 0.014648 0.045131
0 0.257324 0.305226 0.016602 0.049881
0 0.231934 0.301663 0.004883 0.019002
0 0.277832 0.282660 0.004883 0.014252
0 0.265137 0.269596 0.004883 0.016627
0 0.292480 0.306413 0.010742 0.033254
0 0.317871 0.328979 0.012695 0.035629
0 0.328613 0.264846 0.006836 0.026128
0 0.417969 0.285036 0.007812 0.023753
0 0.397461 0.301663 0.005859 0.023753
0 0.411133 0.274347 0.005859 0.021378
0 0.442383 0.304038 0.013672 0.033254
0 0.456055 0.283848 0.005859 0.021378
0 0.481445 0.307601 0.009766 0.030879
0 0.494141 0.258907 0.007812 0.028504
0 0.526367 0.311164 0.013672 0.038005
0 0.543945 0.324228 0.009766 0.030879
0 0.573730 0.323040 0.018555 0.057007
0 0.604004 0.268409 0.006836 0.028504
0 0.615234 0.389549 0.009766 0.028504
0 0.636719 0.289786 0.013672 0.038005
0 0.671875 0.331354 0.017578 0.073634
0 0.693359 0.423990 0.007812 0.026128
0 0.728516 0.277910 0.007812 0.023753
0 0.722656 0.410926 0.007812 0.028504
0 0.720215 0.453682 0.006836 0.019002
0 0.765625 0.263658 0.011719 0.042755
0 0.793457 0.420428 0.008789 0.028504
0 0.813965 0.451306 0.006836 0.023753
0 0.840820 0.413302 0.009766 0.038005
0 0.838379 0.232779 0.006836 0.019002
0 0.866699 0.363420 0.010742 0.038005
0 0.872559 0.244656 0.008789 0.028504
0 0.912598 0.321853 0.018555 0.059382
0 0.937988 0.266033 0.006836 0.023753
0 0.958008 0.257720 0.007812 0.026128
0 0.907715 0.235154 0.006836 0.023753
0 0.951172 0.461995 0.009766 0.030879
0 0.977539 0.463183 0.009766 0.033254
0 0.976074 0.422803 0.006836 0.023753
0 0.834473 0.276722 0.006836 0.026128
0 0.794434 0.323040 0.008789 0.023753
0 0.791504 0.274347 0.006836 0.021378
0 0.505859 0.279097 0.005859 0.026128
0 0.173828 0.264846 0.009766 0.030879
0 0.158203 0.263658 0.011719 0.033254
0 0.267090 0.296912 0.008789 0.023753
0 0.238281 0.295724 0.007812 0.021378
0 0.208984 0.290974 0.009766 0.030879
0 0.408691 0.324228 0.006836 0.026128
0 0.426758 0.319477 0.007812 0.021378
0 0.490723 0.314727 0.006836 0.021378
