0 0.249023 0.625183 0.025391 0.052709
0 0.299805 0.631772 0.011719 0.021962
0 0.154297 0.724012 0.011719 0.024890
0 0.105957 0.657394 0.012695 0.023426
0 0.121094 0.747438 0.015625 0.027818
0 0.063965 0.736457 0.014648 0.029283
0 0.032715 0.731332 0.014648 0.027818
0 0.325195 0.749634 0.013672 0.023426
0 0.324219 0.721816 0.011719 0.023426
0 0.357910 0.722548 0.012695 0.030747
0 0.389648 0.755490 0.013672 0.026354
0 0.375000 0.737189 0.011719 0.024890
0 0.427246 0.748170 0.012695 0.023426
0 0.472656 0.593704 0.033203 0.080527
0 0.583008 0.633236 0.027344 0.065886
0 0.780273 0.600293 0.039062 0.079063
0 0.795410 0.536603 0.010742 0.021962
0 0.751465 0.580527 0.008789 0.019034
0 0.738770 0.562958 0.010742 0.021962
0 0.698242 0.552709 0.009766 0.019034
0 0.691895 0.532211 0.010742 0.024890
0 0.649414 0.543924 0.009766 0.019034
0 0.979980 0.559297 0.014648 0.026354
0 0.961914 0.556369 0.011719 0.026354
0 0.866211 0.606149 0.029297 0.064422
0 0.980957 0.260615 0.008789 0.017570
0 0.997559 0.251098 0.004883 0.016105
0 0.961426 0.256223 0.006836 0.014641
0 0.925293 0.260615 0.008789 0.017570
0 0.961914 0.227672 0.007812 0.016105
0 0.921387 0.210102 0.010742 0.019034
0 0.890625 0.227672 0.007812 0.016105
0 0.863281 0.241581 0.007812 0.014641
0 0.847656 0.221816 0.009766 0.016105
0 0.833008 0.242313 0.009766 0.016105
0 0.814453 0.211567 0.009766 0.016105
0 0.799316 0.198389 0.006836 0.013177
0 0.824219 0.176428 0.009766 0.016105
0 0.854492 0.167643 0.007812 0.013177
0 0.869629 0.183016 0.006836 0.014641
0 0.906738 0.171303 0.008789 0.017570
0 0.945801 0.195461 0.008789 0.016105
0 0.978027 0.191069 0.006836 0.016105
0 0.996582 0.215227 0.006836 0.017570
0 0.740723 0.225476 0.008789 0.017570
0 0.745605 0.206442 0.006836 0.014641
0 0.743164 0.180820 0.007812 0.016105
0 0.765625 0.177892 0.007812 0.016105
0 0.789062 0.154466 0.007812 0.016105
0 0.713867 0.192533 0.007812 0.016105
0 0.680176 0.213031 0.008789 0.016105
0 0.648438 0.221816 0.007812 0.013177
0 0.677734 0.188141 0.007812 0.016105
0 0.648438 0.179356 0.009766 0.016105
0 0.625977 0.187408 0.009766 0.017570
0 0.620117 0.226940 0.007812 0.014641
0 0.703125 0.256223 0.007812 0.014641
0 0.771973 0.131772 0.008789 0.017570
0 0.822266 0.149341 0.009766 0.017570
0 0.875000 0.142753 0.007812 0.013177
0 0.918457 0.150805 0.008789 0.017570
0 0.946289 0.139824 0.005859 0.013177
0 0.937500 0.128843 0.007812 0.014641
0 0.959961 0.146413 0.005859 0.014641
0 0.956543 0.174231 0.006836 0.011713
0 0.909180 0.122255 0.007812 0.016105
0 0.887207 0.111274 0.008789 0.017570
0 0.857910 0.116398 0.006836 0.016105
0 0.827148 0.109810 0.007812 0.014641
0 0.802734 0.134700 0.007812 0.014641
0 0.711426 0.156662 0.008789 0.017570
0 0.695312 0.141288 0.007812 0.013177
0 0.675781 0.159590 0.007812 0.014641
0 0.661621 0.144949 0.006836 0.014641
0 0.631836 0.149341 0.007812 0.014641
0 0.649902 0.100293 0.008789 0.016105
0 0.680664 0.092972 0.009766 0.016105
0 0.694824 0.106881 0.008789 0.017570
0 0.735840 0.109810 0.006836 0.014641
0 0.745117 0.112738 0.005859 0.011713
0 0.798828 0.120059 0.007812 0.014641
0 0.792480 0.093704 0.006836 0.014641
0 0.973145 0.143485 0.006836 0.011713
0 0.956055 0.125183 0.005859 0.013177
0 0.964844 0.102489 0.007812 0.014641
0 0.924805 0.086384 0.007812 0.014641
0 0.818848 0.084187 0.006836 0.016105
0 0.763184 0.099561 0.008789 0.017570
0 0.727051 0.087116 0.008789 0.016105
0 0.708496 0.113470 0.006836 0.013177
0 0.964844 0.076867 0.007812 0.016105
0 0.884766 0.081991 0.007812 0.014641
0 0.691895 0.071010 0.006836 0.016105
0 0.727051 0.060761 0.006836 0.013177
0 0.759277 0.070278 0.008789 0.014641
0 0.787109 0.072474 0.005859 0.013177
0 0.842285 0.037335 0.006836 0.013177
0 0.874512 0.052709 0.006836 0.014641
0 0.938477 0.055637 0.007812 0.014641
0 0.916992 0.062958 0.007812 0.014641
0 0.947266 0.030015 0.007812 0.016105
0 0.971680 0.017570 0.007812 0.014641
0 0.869141 0.021962 0.007812 0.014641
0 0.781250 0.031479 0.009766 0.016105
0 0.806152 0.027818 0.006836 0.014641
0 0.752441 0.027086 0.008789 0.016105
0 0.724121 0.020498 0.006836 0.014641
0 0.697754 0.042460 0.008789 0.014641
0 0.602051 0.240849 0.006836 0.013177
0 0.596191 0.233529 0.006836 0.016105
0 0.594727 0.189605 0.005859 0.013177
0 0.585938 0.188873 0.005859 0.011713
0 0.607422 0.169107 0.007812 0.016105
0 0.599609 0.142020 0.007812 0.014641
0 0.603516 0.114202 0.005859 0.011713
0 0.624023 0.107613 0.007812 0.013177
0 0.653809 0.051245 0.006836 0.014641
0 0.668457 0.036603 0.006836 0.014641
0 0.667969 0.024890 0.005859 0.011713
0 0.844238 0.009517 0.006836 0.013177
0 0.896484 0.019766 0.007812 0.016105
0 0.857422 0.071742 0.005859 0.011713
0 0.628418 0.078331 0.006836 0.013177
0 0.622070 0.066618 0.005859 0.013177
0 0.590332 0.081991 0.006836 0.014641
0 0.547363 0.107613 0.006836 0.013177
0 0.509277 0.113470 0.008789 0.016105
0 0.482422 0.113470 0.005859 0.013177
0 0.516113 0.030747 0.006836 0.017570
0 0.502441 0.051245 0.006836 0.014641
0 0.581543 0.030747 0.006836 0.014641
0 0.612793 0.035871 0.006836 0.013177
0 0.644531 0.032211 0.005859 0.011713
0 0.588379 0.018302 0.006836 0.013177
0 0.610840 0.005857 0.006836 0.011713
0 0.464844 0.130307 0.007812 0.014641
0 0.505371 0.149341 0.004883 0.011713
0 0.396484 0.140556 0.007812 0.014641
0 0.429199 0.139824 0.006836 0.013177
0 0.423340 0.116398 0.008789 0.016105
0 0.368164 0.120059 0.007812 0.014641
0 0.383301 0.101025 0.006836 0.014641
0 0.375488 0.095900 0.006836 0.013177
0 0.362793 0.155930 0.006836 0.013177
0 0.385742 0.161786 0.007812 0.013177
0 0.334473 0.154466 0.006836 0.013177
0 0.344727 0.114934 0.007812 0.013177
0 0.323730 0.110542 0.006836 0.013177
0 0.306152 0.142020 0.006836 0.011713
0 0.276855 0.129575 0.006836 0.016105
0 0.291992 0.116398 0.007812 0.016105
0 0.230469 0.164714 0.007812 0.016105
0 0.286133 0.163250 0.007812 0.016105
0 0.311523 0.162518 0.005859 0.011713
0 0.261719 0.105417 0.007812 0.014641
0 0.238281 0.137628 0.007812 0.014641
0 0.233887 0.116398 0.006836 0.013177
0 0.211914 0.135432 0.007812 0.013177
0 0.202148 0.106149 0.007812 0.013177
0 0.231934 0.074671 0.006836 0.014641
0 0.472168 0.048316 0.008789 0.014641
0 0.455078 0.050512 0.005859 0.013177
0 0.445801 0.047584 0.006836 0.013177
0 0.430664 0.062225 0.005859 0.013177
0 0.476074 0.098097 0.006836 0.014641
0 0.449219 0.119327 0.007812 0.016105
0 0.384766 0.027818 0.007812 0.017570
0 0.394043 0.019766 0.006836 0.013177
0 0.353027 0.032943 0.008789 0.016105
0 0.312012 0.043924 0.008789 0.014641
0 0.320312 0.019034 0.007812 0.014641
0 0.421875 0.008785 0.005859 0.014641
0 0.451172 0.012445 0.005859 0.013177
0 0.180176 0.166911 0.008789 0.017570
0 0.174316 0.139824 0.008789 0.016105
0 0.167480 0.109810 0.006836 0.014641
0 0.145508 0.162518 0.009766 0.017570
0 0.126465 0.155198 0.008789 0.014641
0 0.137207 0.128843 0.006836 0.017570
0 0.098145 0.122987 0.006836 0.011713
0 0.074219 0.124451 0.007812 0.017570
0 0.043457 0.161054 0.008789 0.017570
0 0.056152 0.130307 0.006836 0.011713
0 0.043945 0.117130 0.007812 0.017570
0 0.009277 0.134700 0.006836 0.014641
0 0.022949 0.125915 0.006836 0.014641
0 0.012695 0.166911 0.007812 0.014641
0 0.055664 0.069546 0.007812 0.013177
0 0.090820 0.043192 0.007812 0.016105
0 0.120117 0.027818 0.007812 0.014641
0 0.152344 0.025622 0.007812 0.016105
0 0.136230 0.067350 0.006836 0.014641
0 0.160156 0.043924 0.007812 0.014641
0 0.082031 0.020498 0.007812 0.017570
0 0.069336 0.047584 0.007812 0.016105
0 0.046387 0.015373 0.006836 0.013177
0 0.025879 0.015373 0.006836 0.013177
0 0.091797 0.008785 0.005859 0.011713
0 0.123047 0.005857 0.007812 0.011713
0 0.102051 0.038799 0.006836 0.013177
0 0.190430 0.046852 0.007812 0.011713
0 0.785156 0.230600 0.007812 0.013177
0 0.795898 0.247438 0.009766 0.014641
0 0.712891 0.228404 0.007812 0.014641
0 0.672852 0.125183 0.007812 0.016105
0 0.661133 0.075403 0.007812 0.013177
0 0.755371 0.043924 0.006836 0.011713
0 0.829102 0.092972 0.005859 0.013177
0 0.808594 0.047584 0.007812 0.013177
0 0.996094 0.072474 0.007812 0.016105
0 0.884766 0.167643 0.009766 0.019034
0 0.418945 0.024890 0.005859 0.011713
0 0.540527 0.054173 0.006836 0.014641
0 0.552734 0.059297 0.007812 0.016105
0 0.260254 0.156662 0.008789 0.014641
0 0.097168 0.161054 0.008789 0.017570
0 0.037109 0.043924 0.007812 0.014641
0 0.010742 0.021230 0.005859 0.013177
0 0.018066 0.043924 0.006836 0.011713
0 0.106445 0.128111 0.005859 0.013177
0 0.464355 0.107613 0.006836 0.013177
0 0.742676 0.136896 0.010742 0.021962
