0 0.030273 0.618389 0.007812 0.013221
0 0.073730 0.619591 0.006836 0.010817
0 0.095703 0.694111 0.005859 0.008413
0 0.119141 0.612380 0.005859 0.013221
0 0.123535 0.622596 0.006836 0.012019
0 0.135742 0.628606 0.005859 0.012019
0 0.152344 0.623798 0.009766 0.014423
0 0.162598 0.596755 0.008789 0.015625
0 0.180664 0.608774 0.007812 0.013221
0 0.226074 0.634615 0.006836 0.012019
0 0.224121 0.593149 0.008789 0.015625
0 0.213867 0.627404 0.005859 0.012019
0 0.173340 0.611178 0.006836 0.015625
0 0.127441 0.602764 0.008789 0.015625
0 0.791992 0.656250 0.009766 0.016827
0 0.834961 0.646034 0.007812 0.018029
0 0.829102 0.680288 0.005859 0.014423
0 0.875488 0.649639 0.008789 0.015625
0 0.931641 0.644832 0.009766 0.018029
0 0.962402 0.789062 0.010742 0.018029
0 0.996094 0.772837 0.007812 0.021635
