0 0.790039 0.457682 0.023438 0.042969
0 0.695312 0.414062 0.007812 0.013021
0 0.494141 0.472005 0.021484 0.029948
0 0.570801 0.475260 0.020508 0.031250
0 0.484375 0.412760 0.007812 0.013021
0 0.438965 0.419922 0.008789 0.014323
0 0.421387 0.418620 0.006836 0.014323
0 0.400391 0.423177 0.007812 0.013021
0 0.384766 0.427083 0.007812 0.013021
0 0.373047 0.432292 0.005859 0.010417
0 0.353516 0.434245 0.007812 0.011719
0 0.329590 0.436198 0.006836 0.013021
0 0.309082 0.466797 0.016602 0.029948
0 0.213867 0.476562 0.015625 0.026042
0 0.157227 0.487630 0.011719 0.024740
0 0.100586 0.535156 0.011719 0.020833
0 0.085449 0.507161 0.006836 0.011719
0 0.123047 0.518880 0.011719 0.014323
0 0.078125 0.546875 0.013672 0.023438
0 0.053223 0.509766 0.006836 0.014323
0 0.015625 0.513672 0.005859 0.009115
0 0.004883 0.534505 0.009766 0.016927
