0 0.094238 0.487630 0.022461 0.042969
0 0.047363 0.513672 0.016602 0.032552
0 0.270996 0.481120 0.018555 0.029948
0 0.044922 0.478516 0.017578 0.027344
0 0.118652 0.467448 0.012695 0.026042
0 0.166016 0.488932 0.009766 0.024740
0 0.187012 0.461589 0.010742 0.027344
0 0.208496 0.458333 0.014648 0.023438
0 0.011719 0.358073 0.005859 0.013021
0 0.106445 0.362630 0.007812 0.014323
0 0.122559 0.367188 0.006836 0.013021
0 0.137207 0.372396 0.004883 0.013021
0 0.370605 0.464844 0.022461 0.044271
0 0.464355 0.475911 0.016602 0.027344
0 0.199707 0.384766 0.006836 0.011719
0 0.233887 0.380859 0.008789 0.011719
0 0.278809 0.375651 0.006836 0.011719
0 0.636719 0.464844 0.017578 0.028646
0 0.728027 0.513672 0.030273 0.053385
0 0.666016 0.453125 0.009766 0.015625
0 0.677734 0.453125 0.011719 0.015625
0 0.624512 0.444661 0.010742 0.016927
0 0.606445 0.451172 0.009766 0.014323
0 0.365723 0.395182 0.004883 0.009115
0 0.774414 0.458333 0.013672 0.020833
0 0.873535 0.472656 0.018555 0.026042
0 0.724121 0.448568 0.010742 0.016927
0 0.895020 0.436198 0.008789 0.013021
0 0.913574 0.434245 0.012695 0.016927
0 0.925781 0.432292 0.009766 0.018229
0 0.918945 0.454427 0.009766 0.015625
0 0.933105 0.459635 0.008789 0.015625
0 0.953613 0.458984 0.010742 0.019531
0 0.966309 0.455078 0.012695 0.024740
0 0.829590 0.440104 0.008789 0.015625
0 0.991699 0.456380 0.012695 0.027344
0 0.249512 0.466146 0.010742 0.015625
0 0.219238 0.469401 0.010742 0.024740
0 0.566895 0.500651 0.012695 0.019531
0 0.709473 0.441406 0.008789 0.018229
0 0.059570 0.505208 0.009766 0.026042
