0 0.027344 0.050145 0.007812 0.013081
0 0.049316 0.046512 0.006836 0.011628
0 0.067871 0.052326 0.006836 0.011628
0 0.065430 0.036337 0.003906 0.005814
0 0.020996 0.108285 0.006836 0.010174
0 0.010254 0.193314 0.006836 0.014535
0 0.033203 0.186047 0.007812 0.014535
0 0.059570 0.208576 0.007812 0.018895
0 0.079590 0.194767 0.006836 0.014535
0 0.094727 0.194041 0.007812 0.015988
0 0.099121 0.178052 0.008789 0.013081
0 0.085938 0.101017 0.007812 0.013081
0 0.092285 0.099564 0.006836 0.013081
0 0.010742 0.245640 0.007812 0.014535
0 0.031250 0.243459 0.007812 0.015988
0 0.025879 0.268169 0.008789 0.015988
0 0.049805 0.268895 0.005859 0.011628
0 0.064941 0.271076 0.006836 0.015988
0 0.078613 0.281250 0.006836 0.013081
0 0.080566 0.300145 0.008789 0.013081
0 0.029297 0.290698 0.007812 0.011628
0 0.028809 0.311773 0.008789 0.015988
0 0.005859 0.315407 0.005859 0.008721
0 0.042480 0.343750 0.006836 0.013081
0 0.022461 0.381541 0.009766 0.018895
0 0.033691 0.393169 0.006836 0.013081
0 0.066406 0.377180 0.005859 0.010174
0 0.038086 0.474564 0.007812 0.013081
0 0.034180 0.417878 0.007812 0.010174
0 0.105957 0.392442 0.006836 0.011628
0 0.092285 0.386628 0.008789 0.011628
0 0.120605 0.379360 0.006836 0.014535
0 0.109375 0.359012 0.005859 0.014535
0 0.090820 0.355378 0.007812 0.013081
0 0.111816 0.304506 0.008789 0.015988
0 0.127930 0.287791 0.007812 0.017442
0 0.116699 0.266715 0.008789 0.018895
0 0.151367 0.285610 0.007812 0.015988
0 0.147949 0.258721 0.004883 0.008721
0 0.191895 0.279797 0.008789 0.013081
0 0.192871 0.257267 0.006836 0.014535
0 0.165039 0.210756 0.007812 0.011628
0 0.187012 0.197674 0.010742 0.014535
0 0.205566 0.205669 0.006836 0.015988
0 0.224121 0.210756 0.006836 0.011628
0 0.215332 0.195494 0.006836 0.010174
0 0.144531 0.192587 0.007812 0.010174
0 0.124023 0.197674 0.007812 0.011628
0 0.124023 0.169331 0.007812 0.013081
0 0.157227 0.163517 0.007812 0.013081
0 0.141113 0.132267 0.006836 0.008721
0 0.125977 0.142442 0.005859 0.014535
0 0.176758 0.130087 0.007812 0.013081
0 0.182129 0.116279 0.006836 0.008721
0 0.157227 0.136628 0.005859 0.008721
0 0.148438 0.077762 0.005859 0.010174
0 0.157227 0.078488 0.005859 0.014535
0 0.209961 0.066134 0.007812 0.015988
0 0.224121 0.127907 0.006836 0.011628
0 0.241211 0.105378 0.007812 0.015988
0 0.239258 0.078488 0.007812 0.014535
0 0.254883 0.072674 0.007812 0.014535
0 0.237793 0.053779 0.006836 0.011628
0 0.259766 0.117733 0.005859 0.005814
0 0.255859 0.137355 0.007812 0.015988
0 0.238770 0.139535 0.004883 0.005814
0 0.275879 0.131541 0.006836 0.007267
0 0.270996 0.101017 0.006836 0.010174
0 0.291992 0.063227 0.005859 0.013081
0 0.322266 0.106831 0.007812 0.010174
0 0.329102 0.061047 0.005859 0.008721
0 0.348145 0.057413 0.006836 0.013081
0 0.343262 0.084302 0.006836 0.011628
0 0.294434 0.140262 0.008789 0.013081
0 0.320801 0.146076 0.006836 0.010174
0 0.318848 0.181686 0.006836 0.011628
0 0.322754 0.175145 0.006836 0.010174
0 0.300293 0.213663 0.008789 0.011628
0 0.323242 0.204215 0.007812 0.013081
0 0.314941 0.256541 0.004883 0.010174
0 0.315918 0.232558 0.006836 0.011628
0 0.256836 0.250727 0.007812 0.013081
0 0.227539 0.287064 0.007812 0.015988
0 0.241699 0.214390 0.006836 0.010174
0 0.223145 0.316134 0.006836 0.010174
0 0.212891 0.326308 0.007812 0.013081
0 0.220703 0.359738 0.007812 0.010174
0 0.223145 0.378634 0.006836 0.013081
0 0.216797 0.407703 0.007812 0.010174
0 0.225586 0.443314 0.005859 0.011628
0 0.237793 0.428052 0.008789 0.013081
0 0.242188 0.457122 0.005859 0.015988
0 0.230469 0.472384 0.007812 0.014535
0 0.168457 0.473837 0.008789 0.008721
0 0.135254 0.474564 0.008789 0.015988
0 0.117676 0.468023 0.008789 0.011628
0 0.177734 0.432413 0.007812 0.013081
0 0.208984 0.432413 0.007812 0.013081
0 0.201660 0.426599 0.008789 0.013081
0 0.187500 0.393169 0.007812 0.015988
0 0.174316 0.344477 0.006836 0.017442
0 0.175781 0.307413 0.007812 0.013081
0 0.161133 0.320494 0.007812 0.015988
0 0.153809 0.347384 0.006836 0.017442
0 0.253418 0.275436 0.006836 0.015988
0 0.281250 0.357558 0.009766 0.017442
0 0.258789 0.390262 0.005859 0.018895
0 0.305176 0.329942 0.010742 0.020349
0 0.312988 0.308140 0.008789 0.014535
0 0.341797 0.326308 0.007812 0.013081
0 0.347168 0.353198 0.008789 0.014535
0 0.354980 0.356105 0.008789 0.017442
0 0.336914 0.380814 0.009766 0.020349
0 0.381836 0.385174 0.009766 0.017442
0 0.405762 0.382994 0.008789 0.018895
0 0.426758 0.303052 0.007812 0.013081
0 0.458984 0.316134 0.007812 0.015988
0 0.474609 0.316134 0.007812 0.018895
0 0.409180 0.326308 0.009766 0.015988
0 0.404297 0.284884 0.007812 0.017442
0 0.372559 0.295058 0.008789 0.014535
0 0.373047 0.277616 0.007812 0.011628
0 0.355469 0.264535 0.007812 0.008721
0 0.359863 0.217297 0.006836 0.013081
0 0.356445 0.231831 0.005859 0.010174
0 0.364258 0.212936 0.005859 0.013081
0 0.381348 0.207849 0.006836 0.014535
0 0.400391 0.202035 0.007812 0.014535
0 0.401855 0.186773 0.008789 0.015988
0 0.377930 0.188953 0.007812 0.011628
0 0.384277 0.174419 0.006836 0.014535
0 0.361816 0.188953 0.006836 0.011628
0 0.349121 0.173692 0.008789 0.013081
0 0.363770 0.111192 0.008789 0.013081
0 0.399902 0.128634 0.006836 0.010174
0 0.403809 0.098837 0.006836 0.011628
0 0.411133 0.059593 0.005859 0.011628
0 0.387207 0.087936 0.006836 0.010174
0 0.381348 0.070494 0.006836 0.013081
0 0.442383 0.085029 0.007812 0.010174
0 0.427734 0.125727 0.007812 0.013081
0 0.454590 0.097384 0.006836 0.008721
0 0.449707 0.067587 0.006836 0.013081
0 0.478027 0.068314 0.006836 0.011628
0 0.435059 0.139535 0.006836 0.011628
0 0.442383 0.140988 0.005859 0.008721
0 0.444824 0.158430 0.006836 0.008721
0 0.423340 0.174419 0.008789 0.014535
0 0.459961 0.188953 0.009766 0.011628
0 0.476074 0.159884 0.006836 0.011628
0 0.468750 0.207849 0.007812 0.011628
0 0.415039 0.226017 0.007812 0.013081
0 0.128906 0.406977 0.007812 0.011628
0 0.505371 0.081395 0.008789 0.011628
0 0.535645 0.061773 0.006836 0.010174
0 0.509277 0.101017 0.004883 0.010174
0 0.532227 0.116279 0.005859 0.011628
0 0.523438 0.103198 0.005859 0.011628
0 0.524902 0.129360 0.004883 0.011628
0 0.508301 0.133721 0.006836 0.011628
0 0.529297 0.180959 0.007812 0.015988
0 0.500977 0.197674 0.007812 0.011628
0 0.529297 0.202762 0.007812 0.015988
0 0.546875 0.200581 0.009766 0.011628
0 0.552246 0.175145 0.006836 0.010174
0 0.557129 0.160610 0.006836 0.007267
0 0.555664 0.146076 0.003906 0.010174
0 0.561035 0.126453 0.006836 0.011628
0 0.551270 0.118459 0.006836 0.013081
0 0.558105 0.105378 0.006836 0.010174
0 0.565918 0.094477 0.006836 0.011628
0 0.580078 0.109738 0.007812 0.010174
0 0.582520 0.145349 0.006836 0.008721
0 0.608887 0.130814 0.006836 0.011628
0 0.601074 0.101744 0.006836 0.011628
0 0.618164 0.125000 0.005859 0.011628
0 0.581055 0.178779 0.005859 0.005814
0 0.611328 0.189680 0.005859 0.007267
0 0.613770 0.178052 0.006836 0.007267
0 0.629395 0.175872 0.008789 0.011628
0 0.638184 0.151163 0.008789 0.014535
0 0.657715 0.150436 0.006836 0.010174
0 0.667969 0.125727 0.005859 0.010174
0 0.671875 0.101744 0.005859 0.011628
0 0.673340 0.079942 0.004883 0.008721
0 0.660645 0.062500 0.008789 0.014535
0 0.639160 0.111919 0.006836 0.014535
0 0.641113 0.130814 0.006836 0.011628
0 0.637207 0.194767 0.006836 0.014535
0 0.649902 0.209302 0.006836 0.014535
0 0.677246 0.228198 0.006836 0.011628
0 0.636230 0.251453 0.006836 0.011628
0 0.599609 0.223110 0.007812 0.015988
0 0.581055 0.207122 0.005859 0.010174
0 0.578125 0.234012 0.007812 0.014535
0 0.559570 0.215843 0.007812 0.013081
0 0.544922 0.215843 0.005859 0.010174
0 0.528809 0.221657 0.004883 0.010174
0 0.543457 0.273983 0.006836 0.010174
0 0.542969 0.305959 0.007812 0.015988
0 0.565430 0.284884 0.005859 0.011628
0 0.562500 0.245640 0.003906 0.008721
0 0.568848 0.234012 0.002930 0.008721
0 0.550293 0.343750 0.006836 0.013081
0 0.550781 0.365552 0.005859 0.015988
0 0.516602 0.324128 0.009766 0.017442
0 0.504883 0.385901 0.007812 0.015988
0 0.493164 0.412064 0.007812 0.015988
0 0.509766 0.416424 0.011719 0.015988
0 0.647949 0.333576 0.008789 0.013081
0 0.645020 0.361919 0.006836 0.011628
0 0.638184 0.363372 0.006836 0.011628
0 0.685059 0.360465 0.006836 0.014535
0 0.700684 0.367006 0.006836 0.013081
0 0.695312 0.397529 0.007812 0.013081
0 0.717773 0.349564 0.007812 0.013081
0 0.713867 0.316860 0.007812 0.014535
0 0.696289 0.330669 0.005859 0.013081
0 0.673340 0.284884 0.006836 0.017442
0 0.699219 0.210029 0.007812 0.013081
0 0.684570 0.212209 0.005859 0.014535
0 0.696777 0.183866 0.006836 0.015988
0 0.685547 0.188227 0.007812 0.010174
0 0.695312 0.156977 0.007812 0.014535
0 0.701660 0.143169 0.006836 0.013081
0 0.729004 0.172238 0.006836 0.015988
0 0.723633 0.197674 0.005859 0.011628
0 0.721191 0.224564 0.008789 0.013081
0 0.735352 0.242006 0.005859 0.013081
0 0.744141 0.257267 0.005859 0.011628
0 0.743652 0.205669 0.006836 0.013081
0 0.757324 0.171512 0.006836 0.017442
0 0.734375 0.304506 0.007812 0.013081
0 0.750977 0.323401 0.007812 0.015988
0 0.778809 0.414971 0.008789 0.021802
0 0.789062 0.361919 0.007812 0.014535
0 0.782227 0.380087 0.007812 0.018895
0 0.806641 0.339390 0.007812 0.018895
0 0.828125 0.374273 0.005859 0.010174
0 0.892090 0.363372 0.006836 0.011628
0 0.900879 0.371366 0.008789 0.015988
0 0.890625 0.305233 0.005859 0.014535
0 0.897461 0.275436 0.005859 0.015988
0 0.831055 0.299419 0.007812 0.011628
0 0.838379 0.268895 0.008789 0.020349
0 0.849121 0.289971 0.006836 0.018895
0 0.814941 0.261628 0.006836 0.011628
0 0.810547 0.250000 0.007812 0.011628
0 0.792969 0.267442 0.005859 0.014535
0 0.791992 0.240552 0.007812 0.013081
0 0.798828 0.223837 0.007812 0.011628
0 0.812012 0.191860 0.006836 0.014535
0 0.837891 0.193314 0.007812 0.011628
0 0.856934 0.191860 0.008789 0.017442
0 0.846680 0.139535 0.007812 0.011628
0 0.846191 0.120640 0.004883 0.008721
0 0.867676 0.148256 0.004883 0.011628
0 0.877930 0.152616 0.007812 0.011628
0 0.877441 0.191134 0.006836 0.010174
0 0.890625 0.230378 0.007812 0.013081
0 0.910645 0.161337 0.004883 0.014535
0 0.888184 0.067587 0.006836 0.010174
0 0.891602 0.189680 0.007812 0.013081
0 0.819824 0.168605 0.008789 0.014535
0 0.789062 0.170058 0.005859 0.008721
0 0.786621 0.210029 0.006836 0.010174
0 0.753418 0.148983 0.006836 0.010174
0 0.768555 0.131541 0.005859 0.010174
0 0.753418 0.123547 0.006836 0.011628
0 0.747070 0.110465 0.007812 0.014535
0 0.758789 0.087936 0.007812 0.015988
0 0.729980 0.084302 0.008789 0.014535
0 0.779297 0.093023 0.007812 0.011628
0 0.797363 0.083576 0.006836 0.010174
0 0.778809 0.114826 0.006836 0.011628
0 0.510742 0.148983 0.005859 0.013081
0 0.837402 0.219477 0.006836 0.014535
0 0.773926 0.269622 0.008789 0.013081
0 0.857422 0.446221 0.007812 0.014535
0 0.655273 0.417878 0.007812 0.018895
0 0.617188 0.209302 0.007812 0.011628
0 0.930176 0.095203 0.006836 0.013081
0 0.945801 0.127180 0.008789 0.015988
0 0.976562 0.126453 0.005859 0.008721
0 0.978027 0.148983 0.004883 0.007267
0 0.984375 0.184593 0.005859 0.011628
0 0.991211 0.194767 0.007812 0.011628
0 0.973145 0.219477 0.006836 0.008721
0 0.956055 0.216570 0.005859 0.008721
0 0.959473 0.232558 0.004883 0.011628
0 0.975586 0.257994 0.007812 0.013081
0 0.961426 0.268895 0.004883 0.008721
0 0.953125 0.269622 0.007812 0.013081
0 0.978516 0.329215 0.007812 0.013081
0 0.990234 0.358285 0.005859 0.013081
0 0.972656 0.367733 0.005859 0.008721
0 0.973145 0.391715 0.008789 0.013081
0 0.940918 0.327035 0.006836 0.011628
0 0.941406 0.312500 0.007812 0.011628
0 0.927246 0.276163 0.004883 0.008721
0 0.936523 0.271802 0.005859 0.011628
0 0.913574 0.268169 0.008789 0.015988
0 0.922852 0.242006 0.007812 0.015988
0 0.943359 0.248547 0.007812 0.008721
0 0.921875 0.202035 0.007812 0.011628
0 0.923340 0.173692 0.008789 0.015988
0 0.933594 0.388808 0.005859 0.013081
0 0.950195 0.390988 0.005859 0.011628
0 0.913574 0.409157 0.008789 0.015988
0 0.922852 0.413517 0.007812 0.015988
0 0.933105 0.441860 0.004883 0.008721
0 0.952637 0.475291 0.008789 0.011628
0 0.981445 0.511628 0.003906 0.011628
0 0.991699 0.502180 0.004883 0.013081
0 0.963379 0.540698 0.006836 0.011628
0 0.963867 0.522529 0.007812 0.010174
0 0.949707 0.560320 0.008789 0.015988
0 0.957520 0.582849 0.008789 0.017442
0 0.982422 0.602471 0.005859 0.013081
0 0.922363 0.563953 0.008789 0.017442
0 0.923340 0.533430 0.008789 0.014535
0 0.909180 0.556686 0.007812 0.017442
0 0.896973 0.527616 0.008789 0.017442
0 0.902344 0.502907 0.005859 0.008721
0 0.888184 0.517442 0.008789 0.017442
0 0.911621 0.522529 0.008789 0.013081
0 0.922363 0.497820 0.006836 0.015988
0 0.930176 0.508721 0.006836 0.017442
0 0.923828 0.450581 0.005859 0.014535
0 0.880371 0.274709 0.004883 0.017442
0 0.892578 0.247820 0.005859 0.010174
0 0.975098 0.572674 0.006836 0.014535
0 0.925293 0.606105 0.006836 0.017442
0 0.979492 0.160610 0.005859 0.013081
0 0.836914 0.114099 0.005859 0.013081
0 0.932617 0.219477 0.005859 0.011628
0 0.887695 0.550145 0.009766 0.018895
0 0.484863 0.395349 0.006836 0.014535
0 0.566895 0.457122 0.008789 0.013081
0 0.687988 0.473110 0.012695 0.018895
0 0.734863 0.487645 0.010742 0.018895
0 0.336914 0.683140 0.007812 0.020349
0 0.484375 0.698401 0.009766 0.018895
0 0.613770 0.699128 0.008789 0.020349
0 0.706055 0.707849 0.007812 0.014535
0 0.031250 0.515262 0.005859 0.015988
0 0.054199 0.517442 0.006836 0.011628
0 0.112793 0.524709 0.006836 0.014535
0 0.143555 0.505814 0.005859 0.011628
0 0.202148 0.490552 0.009766 0.013081
0 0.238770 0.516715 0.006836 0.013081
0 0.241211 0.502907 0.007812 0.011628
0 0.233398 0.498547 0.007812 0.014535
0 0.062988 0.470930 0.008789 0.011628
0 0.075195 0.622820 0.007812 0.013081
0 0.034668 0.707849 0.010742 0.017442
0 0.231445 0.673692 0.005859 0.013081
0 0.940918 0.679506 0.008789 0.015988
0 0.970703 0.713663 0.007812 0.011628
0 0.979004 0.966570 0.006836 0.017442
0 0.530762 0.809593 0.006836 0.017442
0 0.189941 0.760901 0.006836 0.015988
0 0.748535 0.405523 0.008789 0.017442
0 0.813477 0.361192 0.007812 0.013081
0 0.812500 0.375727 0.007812 0.018895
0 0.806152 0.417878 0.008789 0.015988
0 0.790039 0.337209 0.005859 0.014535
0 0.220703 0.730378 0.009766 0.018895
0 0.011719 0.773256 0.011719 0.026163
0 0.004883 0.798692 0.007812 0.015988
0 0.058105 0.755087 0.010742 0.021802
0 0.041504 0.793605 0.008789 0.020349
0 0.128418 0.540698 0.008789 0.014535
0 0.075684 0.508721 0.008789 0.011628
0 0.065430 0.408430 0.007812 0.011628
0 0.073730 0.429506 0.008789 0.015988
0 0.045410 0.420785 0.006836 0.010174
0 0.058105 0.441860 0.006836 0.014535
0 0.034668 0.444041 0.008789 0.013081
0 0.012207 0.444767 0.008789 0.014535
0 0.087402 0.130814 0.006836 0.014535
0 0.128906 0.188953 0.005859 0.014535
0 0.140625 0.171512 0.005859 0.011628
0 0.483398 0.145349 0.005859 0.008721
0 0.489746 0.180959 0.006836 0.010174
0 0.440918 0.194041 0.006836 0.015988
0 0.452637 0.234012 0.006836 0.011628
0 0.448242 0.250727 0.005859 0.010174
0 0.470215 0.229651 0.006836 0.011628
0 0.433105 0.270349 0.006836 0.008721
0 0.502441 0.215843 0.006836 0.013081
0 0.489746 0.227471 0.006836 0.013081
0 0.291992 0.125000 0.005859 0.011628
0 0.647461 0.086483 0.007812 0.013081
