0 0.875488 0.773381 0.030273 0.058993
0 0.943848 0.474820 0.014648 0.023022
0 0.971191 0.429496 0.008789 0.015827
0 0.995117 0.420863 0.007812 0.015827
0 0.941406 0.434532 0.009766 0.014388
0 0.077637 0.778417 0.047852 0.086331
0 0.187988 0.476978 0.010742 0.018705
0 0.217285 0.456115 0.010742 0.020144
0 0.208496 0.439568 0.008789 0.018705
0 0.178223 0.436691 0.012695 0.018705
0 0.179688 0.513669 0.009766 0.014388
0 0.138672 0.469065 0.007812 0.017266
0 0.126953 0.464029 0.009766 0.012950
0 0.088867 0.501439 0.007812 0.015827
0 0.061035 0.471942 0.010742 0.017266
0 0.074219 0.461871 0.009766 0.017266
0 0.069824 0.440288 0.010742 0.017266
0 0.044434 0.435971 0.010742 0.014388
0 0.031738 0.466187 0.010742 0.017266
0 0.030273 0.500719 0.009766 0.014388
0 0.011230 0.438129 0.010742 0.018705
0 0.050781 0.408633 0.009766 0.017266
0 0.070312 0.400000 0.007812 0.014388
0 0.072266 0.422302 0.007812 0.012950
0 0.107422 0.418705 0.011719 0.020144
0 0.146484 0.420863 0.011719 0.018705
0 0.122559 0.416547 0.008789 0.015827
0 0.120605 0.456835 0.008789 0.015827
0 0.111328 0.446763 0.009766 0.015827
0 0.219727 0.404317 0.007812 0.011511
0 0.250488 0.400000 0.008789 0.014388
0 0.258301 0.435252 0.010742 0.018705
0 0.009277 0.410791 0.008789 0.015827
0 0.019531 0.371942 0.007812 0.012950
0 0.164062 0.449640 0.007812 0.015827
0 0.181641 0.415827 0.009766 0.014388
