0 0.826172 0.859606 0.007812 0.014778
0 0.910645 0.857143 0.010742 0.022989
0 0.743164 0.974548 0.015625 0.027915
0 0.753418 0.804598 0.008789 0.022989
0 0.676758 0.813629 0.007812 0.018062
0 0.621582 0.784893 0.006836 0.016420
0 0.687012 0.742200 0.006836 0.013136
0 0.638672 0.726601 0.007812 0.014778
0 0.743164 0.747126 0.005859 0.013136
0 0.797363 0.757800 0.006836 0.018062
0 0.838379 0.749589 0.006836 0.011494
0 0.878906 0.741379 0.007812 0.018062
0 0.910645 0.725780 0.008789 0.016420
0 0.941895 0.724138 0.006836 0.013136
0 0.972656 0.733169 0.005859 0.011494
0 0.896973 0.677340 0.004883 0.011494
0 0.836426 0.672414 0.004883 0.011494
0 0.779297 0.667488 0.003906 0.011494
0 0.727539 0.655172 0.003906 0.009852
0 0.707031 0.660920 0.003906 0.011494
0 0.657227 0.655172 0.003906 0.009852
0 0.626465 0.658456 0.004883 0.009852
0 0.627930 0.616585 0.003906 0.008210
0 0.656738 0.618227 0.002930 0.008210
0 0.687012 0.620690 0.002930 0.009852
0 0.689941 0.633826 0.002930 0.009852
0 0.712891 0.630542 0.003906 0.006568
0 0.836426 0.650246 0.004883 0.009852
0 0.942871 0.651888 0.004883 0.006568
0 0.968262 0.653530 0.004883 0.009852
0 0.964355 0.689655 0.004883 0.009852
0 0.829590 0.597701 0.004883 0.009852
0 0.592285 0.645320 0.004883 0.009852
0 0.606445 0.618227 0.003906 0.008210
0 0.564453 0.768473 0.007812 0.016420
0 0.507812 0.752874 0.007812 0.014778
0 0.453613 0.723317 0.006836 0.018062
0 0.417480 0.715928 0.006836 0.013136
0 0.371094 0.687192 0.005859 0.014778
0 0.348145 0.714286 0.006836 0.016420
0 0.349609 0.660099 0.005859 0.013136
0 0.436035 0.639573 0.004883 0.011494
0 0.502930 0.655172 0.005859 0.013136
0 0.522949 0.707718 0.004883 0.013136
0 0.555176 0.704433 0.004883 0.016420
0 0.586426 0.715928 0.006836 0.013136
0 0.525391 0.630542 0.003906 0.009852
0 0.559082 0.642036 0.004883 0.009852
0 0.549316 0.612479 0.002930 0.009852
0 0.502441 0.607553 0.004883 0.009852
0 0.468750 0.631363 0.003906 0.008210
0 0.443359 0.622332 0.003906 0.009852
0 0.419922 0.619048 0.003906 0.006568
0 0.286621 0.704433 0.006836 0.013136
0 0.010254 0.739737 0.006836 0.014778
0 0.123047 0.556650 0.003906 0.009852
0 0.176270 0.791461 0.006836 0.019704
0 0.161133 0.693760 0.007812 0.014778
0 0.054688 0.707718 0.005859 0.013136
0 0.098145 0.741379 0.006836 0.014778
0 0.578125 0.614122 0.003906 0.009852
