0 0.016602 0.594401 0.015625 0.024740
0 0.133789 0.361979 0.007812 0.013021
0 0.168457 0.299479 0.008789 0.010417
0 0.274414 0.309896 0.009766 0.013021
0 0.221191 0.383464 0.008789 0.014323
0 0.373047 0.311849 0.007812 0.009115
0 0.397461 0.330078 0.007812 0.011719
0 0.358887 0.383464 0.008789 0.011719
0 0.442383 0.391927 0.009766 0.018229
0 0.457520 0.388021 0.010742 0.015625
0 0.509766 0.340495 0.007812 0.014323
0 0.485840 0.300781 0.006836 0.010417
0 0.589355 0.295573 0.006836 0.010417
0 0.707031 0.296875 0.007812 0.010417
0 0.641113 0.358073 0.008789 0.013021
0 0.738281 0.406250 0.009766 0.015625
0 0.583496 0.422526 0.008789 0.014323
0 0.813477 0.303385 0.005859 0.010417
0 0.908203 0.361328 0.009766 0.014323
0 0.281250 0.520182 0.011719 0.014323
0 0.262695 0.615234 0.015625 0.024740
0 0.423828 0.580078 0.013672 0.022135
0 0.518555 0.615885 0.015625 0.023438
0 0.687988 0.673177 0.014648 0.023438
0 0.759766 0.526693 0.011719 0.016927
0 0.892578 0.710286 0.017578 0.024740
0 0.991211 0.714193 0.017578 0.029948
