0 0.439453 0.262402 0.042969 0.093995
0 0.172852 0.680809 0.007812 0.016971
0 0.206543 0.683420 0.006836 0.014360
0 0.196777 0.681462 0.006836 0.013055
0 0.371094 0.699086 0.007812 0.014360
0 0.383789 0.701044 0.005859 0.013055
0 0.632812 0.714099 0.009766 0.018277
0 0.658691 0.714099 0.020508 0.039164
0 0.678711 0.721932 0.009766 0.018277
0 0.615234 0.689948 0.011719 0.016971
0 0.667480 0.693864 0.008789 0.011749
0 0.703613 0.686031 0.008789 0.014360
0 0.779785 0.752611 0.018555 0.043081
0 0.765137 0.751958 0.010742 0.018277
0 0.807617 0.736945 0.007812 0.016971
0 0.811035 0.676893 0.006836 0.011749
0 0.816895 0.685379 0.006836 0.013055
