0 0.733398 0.287335 0.052734 0.043192
0 0.867188 0.274890 0.025391 0.024158
0 0.475098 0.279649 0.016602 0.013177
0 0.408203 0.274524 0.019531 0.013177
0 0.400391 0.213763 0.019531 0.020498
0 0.323242 0.222914 0.017578 0.016837
0 0.327148 0.275256 0.017578 0.017570
0 0.318848 0.257687 0.014648 0.014641
0 0.298828 0.282943 0.017578 0.018302
0 0.137207 0.283675 0.018555 0.022694
0 0.062012 0.290996 0.016602 0.012445
0 0.080078 0.269766 0.023438 0.021230
0 0.017090 0.278551 0.020508 0.019766
0 0.007812 0.253294 0.015625 0.014641
0 0.214355 0.280015 0.020508 0.016837
