0 0.955566 0.158626 0.018555 0.030702
0 0.905762 0.166667 0.014648 0.029240
0 0.821777 0.175439 0.018555 0.038012
0 0.825684 0.050439 0.012695 0.024854
0 0.715332 0.154971 0.018555 0.040936
0 0.764160 0.093567 0.014648 0.032164
0 0.732910 0.127924 0.010742 0.021930
0 0.706055 0.089912 0.017578 0.039474
0 0.644531 0.173977 0.019531 0.038012
0 0.592285 0.187135 0.018555 0.040936
0 0.509277 0.434211 0.024414 0.052632
0 0.500488 0.219298 0.018555 0.035088
0 0.451172 0.219298 0.019531 0.038012
0 0.397949 0.220029 0.016602 0.033626
0 0.447266 0.114035 0.019531 0.032164
0 0.509766 0.033626 0.013672 0.026316
0 0.438477 0.042398 0.015625 0.032164
0 0.397461 0.031433 0.021484 0.033626
0 0.387695 0.092836 0.019531 0.039474
0 0.414062 0.128655 0.013672 0.026316
0 0.371582 0.179825 0.020508 0.040936
0 0.338867 0.021199 0.025391 0.042398
0 0.320312 0.200292 0.023438 0.043860
0 0.275879 0.204678 0.026367 0.046784
0 0.302734 0.094298 0.019531 0.036550
0 0.229492 0.024854 0.017578 0.029240
0 0.222656 0.171784 0.019531 0.039474
0 0.214844 0.197368 0.019531 0.035088
0 0.145508 0.111842 0.019531 0.036550
0 0.147461 0.034357 0.019531 0.036550
0 0.125488 0.037281 0.020508 0.042398
0 0.065430 0.175439 0.017578 0.038012
0 0.047852 0.248538 0.011719 0.032164
0 0.020020 0.030702 0.020508 0.038012
