0 0.977051 0.294030 0.018555 0.041791
0 0.937500 0.420896 0.021484 0.038806
0 0.916992 0.410448 0.023438 0.038806
0 0.864746 0.357463 0.014648 0.028358
0 0.875488 0.411194 0.022461 0.034328
0 0.836914 0.408209 0.017578 0.037313
0 0.813477 0.341791 0.017578 0.038806
0 0.844727 0.295522 0.015625 0.035821
0 0.828613 0.243284 0.018555 0.038806
0 0.776367 0.249254 0.017578 0.035821
0 0.806152 0.292537 0.016602 0.035821
0 0.772949 0.335075 0.016602 0.040299
0 0.794434 0.397761 0.018555 0.052239
0 0.763184 0.403731 0.020508 0.046269
0 0.700684 0.332090 0.016602 0.040299
0 0.729980 0.308955 0.016602 0.041791
0 0.600586 0.269403 0.015625 0.037313
0 0.614258 0.152985 0.017578 0.037313
0 0.557129 0.371642 0.022461 0.044776
0 0.529297 0.252985 0.015625 0.034328
0 0.431152 0.426866 0.047852 0.059701
0 0.358398 0.291045 0.015625 0.038806
0 0.316895 0.350000 0.016602 0.034328
0 0.304688 0.292537 0.015625 0.035821
0 0.274902 0.372388 0.016602 0.037313
0 0.230469 0.285821 0.015625 0.040299
0 0.240234 0.258209 0.017578 0.038806
0 0.191406 0.229104 0.015625 0.037313
0 0.213867 0.251493 0.011719 0.031343
0 0.194336 0.337313 0.019531 0.038806
0 0.166504 0.291045 0.018555 0.044776
0 0.148438 0.373134 0.019531 0.032836
0 0.181152 0.382090 0.016602 0.023881
0 0.083008 0.386567 0.017578 0.038806
0 0.032227 0.369403 0.019531 0.043284
0 0.031250 0.329104 0.019531 0.037313
0 0.081543 0.334328 0.016602 0.035821
0 0.129883 0.329104 0.017578 0.043284
0 0.111328 0.284328 0.017578 0.037313
0 0.130859 0.250746 0.015625 0.035821
0 0.145996 0.230597 0.014648 0.034328
0 0.079590 0.255224 0.020508 0.035821
0 0.054199 0.279851 0.018555 0.034328
0 0.025391 0.246269 0.021484 0.044776
0 0.005859 0.282090 0.011719 0.035821
0 0.047363 0.205224 0.016602 0.043284
0 0.020508 0.217910 0.011719 0.026866
0 0.341797 0.053731 0.015625 0.029851
0 0.294922 0.053731 0.013672 0.035821
0 0.257324 0.108209 0.016602 0.034328
0 0.225586 0.050746 0.017578 0.038806
0 0.270508 0.019403 0.011719 0.017910
0 0.195801 0.101493 0.014648 0.032836
0 0.127930 0.101493 0.015625 0.035821
0 0.111328 0.137313 0.011719 0.023881
0 0.058594 0.101493 0.017578 0.038806
0 0.055176 0.064925 0.014648 0.028358
0 0.102539 0.046269 0.015625 0.035821
0 0.958984 0.029104 0.015625 0.031343
0 0.917969 0.111940 0.017578 0.026866
0 0.959473 0.102985 0.016602 0.032836
0 0.898926 0.244030 0.014648 0.025373
0 0.917480 0.304478 0.018555 0.038806
0 0.944824 0.339552 0.016602 0.040299
0 0.971191 0.340299 0.018555 0.035821
0 0.947754 0.227612 0.016602 0.037313
0 0.987793 0.247015 0.014648 0.037313
0 0.658691 0.273881 0.014648 0.025373
0 0.721191 0.323134 0.014648 0.025373
0 0.385254 0.339552 0.020508 0.037313
0 0.438965 0.314179 0.016602 0.034328
0 0.471680 0.309701 0.015625 0.031343
0 0.303711 0.250746 0.015625 0.029851
0 0.193848 0.013433 0.010742 0.023881
0 0.325195 0.105224 0.013672 0.025373
