0 0.928223 0.509517 0.067383 0.070278
0 0.854980 0.392387 0.045898 0.064422
0 0.795410 0.442167 0.034180 0.055637
0 0.763672 0.424597 0.029297 0.049780
0 0.729004 0.405564 0.026367 0.043924
0 0.753906 0.368228 0.017578 0.030747
0 0.674316 0.448755 0.057617 0.080527
0 0.757324 0.284773 0.012695 0.019034
0 0.538574 0.243777 0.026367 0.039531
0 0.461914 0.460469 0.050781 0.077599
0 0.365234 0.248902 0.031250 0.043924
0 0.242188 0.464129 0.068359 0.102489
0 0.146973 0.492679 0.028320 0.051245
0 0.107422 0.450952 0.033203 0.076135
0 0.062012 0.456076 0.051758 0.077599
