0 0.003906 0.075328 0.007812 0.019651
0 0.043945 0.053130 0.029297 0.027656
0 0.139648 0.066230 0.029297 0.024745
0 0.250977 0.068049 0.029297 0.029840
0 0.354980 0.371179 0.016602 0.020378
0 0.370605 0.370451 0.018555 0.018923
0 0.386230 0.356259 0.022461 0.021106
0 0.416016 0.360262 0.017578 0.023290
0 0.432129 0.362445 0.018555 0.020378
0 0.443848 0.362082 0.022461 0.021106
0 0.472168 0.358443 0.020508 0.025473
0 0.497559 0.358806 0.024414 0.023290
0 0.554688 0.304221 0.031250 0.034934
0 0.622559 0.312591 0.030273 0.029840
0 0.173828 0.550946 0.044922 0.045124
0 0.732910 0.567322 0.014648 0.016739
0 0.781250 0.569505 0.015625 0.016739
0 0.798828 0.610626 0.019531 0.018923
0 0.853516 0.617176 0.023438 0.020378
0 0.931152 0.538937 0.041992 0.032751
0 0.374023 0.812591 0.027344 0.026929
0 0.437012 0.815866 0.014648 0.018923
0 0.459473 0.817322 0.020508 0.020378
0 0.477539 0.812227 0.046875 0.045124
0 0.574219 0.859898 0.029297 0.026929
0 0.318359 0.107715 0.009766 0.010189
