0 0.012207 0.408203 0.018555 0.027344
0 0.015625 0.434896 0.021484 0.033854
0 0.034180 0.411458 0.025391 0.041667
0 0.078125 0.422526 0.029297 0.040365
0 0.125977 0.437500 0.021484 0.036458
0 0.153809 0.437500 0.022461 0.036458
0 0.189941 0.420573 0.024414 0.036458
0 0.159180 0.388021 0.019531 0.031250
0 0.225586 0.404297 0.017578 0.032552
0 0.249023 0.398438 0.025391 0.036458
0 0.252441 0.432943 0.020508 0.040365
0 0.291504 0.401042 0.032227 0.046875
0 0.318848 0.408854 0.024414 0.044271
0 0.379883 0.319661 0.017578 0.027344
0 0.365723 0.423828 0.020508 0.037760
0 0.385254 0.419922 0.022461 0.037760
0 0.406250 0.418620 0.021484 0.032552
0 0.383301 0.373698 0.016602 0.041667
0 0.467285 0.408203 0.030273 0.055990
0 0.500488 0.376953 0.012695 0.027344
0 0.517090 0.401693 0.022461 0.040365
0 0.552734 0.401042 0.033203 0.049479
0 0.593750 0.391276 0.025391 0.037760
0 0.381348 0.481120 0.022461 0.042969
0 0.431641 0.481771 0.023438 0.039062
0 0.450195 0.406901 0.023438 0.045573
0 0.623047 0.409505 0.021484 0.032552
0 0.647461 0.410807 0.033203 0.055990
0 0.687500 0.377604 0.019531 0.033854
0 0.705078 0.398438 0.021484 0.036458
0 0.718750 0.459635 0.021484 0.036458
0 0.770020 0.389323 0.022461 0.036458
0 0.770996 0.415365 0.022461 0.039062
0 0.786133 0.419922 0.025391 0.042969
0 0.821777 0.442057 0.010742 0.029948
0 0.861328 0.336589 0.023438 0.035156
0 0.849609 0.388672 0.025391 0.040365
0 0.873047 0.371094 0.023438 0.041667
0 0.910645 0.360677 0.024414 0.044271
0 0.918457 0.385417 0.024414 0.033854
0 0.944824 0.365234 0.026367 0.053385
0 0.947266 0.485677 0.027344 0.049479
0 0.991699 0.395182 0.016602 0.045573
0 0.996582 0.397786 0.006836 0.040365
0 0.985352 0.360677 0.019531 0.033854
0 0.259277 0.602865 0.020508 0.028646
0 0.343750 0.619792 0.015625 0.033854
0 0.867188 0.696615 0.025391 0.052083
0 0.884766 0.753255 0.025391 0.050781
0 0.884766 0.792969 0.015625 0.049479
0 0.993164 0.731120 0.013672 0.050781
0 0.930664 0.895182 0.044922 0.076823
0 0.825195 0.859375 0.021484 0.054688
