0 0.092285 0.203378 0.004883 0.009459
0 0.157227 0.191892 0.003906 0.008108
0 0.245605 0.251351 0.004883 0.010811
0 0.119141 0.618919 0.013672 0.035135
0 0.129395 0.585811 0.014648 0.031081
0 0.169922 0.604730 0.013672 0.022973
0 0.180176 0.602703 0.010742 0.021622
0 0.203613 0.605405 0.008789 0.018919
0 0.198730 0.625000 0.008789 0.014865
0 0.214355 0.634459 0.006836 0.012162
0 0.227051 0.633108 0.008789 0.014865
0 0.230957 0.605405 0.008789 0.016216
0 0.237305 0.615541 0.007812 0.014865
0 0.236816 0.602027 0.004883 0.012162
0 0.242188 0.604054 0.005859 0.013514
0 0.250977 0.609459 0.007812 0.013514
0 0.259277 0.608108 0.006836 0.013514
0 0.266113 0.623649 0.006836 0.012162
0 0.195801 0.582432 0.006836 0.010811
0 0.770508 0.445946 0.005859 0.010811
0 0.841309 0.450000 0.006836 0.010811
0 0.866699 0.443919 0.004883 0.006757
0 0.790039 0.652703 0.007812 0.013514
0 0.777832 0.616892 0.008789 0.014865
0 0.765625 0.610811 0.007812 0.010811
0 0.782715 0.641892 0.006836 0.010811
0 0.795898 0.615541 0.007812 0.012162
0 0.802734 0.627703 0.007812 0.012162
0 0.816895 0.621622 0.008789 0.016216
0 0.832031 0.625000 0.009766 0.017568
0 0.846191 0.614865 0.008789 0.016216
0 0.852539 0.616892 0.009766 0.017568
0 0.863281 0.611486 0.009766 0.017568
0 0.813477 0.608108 0.007812 0.013514
0 0.824707 0.593243 0.006836 0.013514
0 0.833008 0.592568 0.007812 0.012162
0 0.842285 0.585135 0.008789 0.013514
0 0.852051 0.581757 0.006836 0.014865
0 0.859863 0.581081 0.008789 0.016216
0 0.881836 0.596622 0.007812 0.014865
0 0.917480 0.614865 0.018555 0.035135
0 0.905273 0.583108 0.015625 0.028378
0 0.805664 0.601351 0.007812 0.013514
0 0.995117 0.682432 0.009766 0.021622
0 0.874512 0.581081 0.010742 0.016216
0 0.301270 0.600000 0.014648 0.029730
0 0.262207 0.066216 0.006836 0.013514
0 0.701172 0.095270 0.003906 0.006757
0 0.183105 0.572973 0.006836 0.010811
0 0.165527 0.569595 0.006836 0.012162
0 0.171387 0.568243 0.008789 0.014865
0 0.222168 0.562838 0.006836 0.012162
0 0.213867 0.594595 0.005859 0.013514
0 0.167480 0.550000 0.006836 0.010811
0 0.201172 0.572973 0.005859 0.010811
0 0.196289 0.569595 0.003906 0.009459
0 0.198730 0.556081 0.006836 0.014865
0 0.205566 0.638514 0.006836 0.014865
0 0.329590 0.600000 0.010742 0.029730
0 0.332520 0.597973 0.012695 0.028378
0 0.337891 0.628378 0.005859 0.010811
0 0.478027 0.631081 0.006836 0.013514
0 0.548340 0.627703 0.006836 0.012162
0 0.583496 0.631081 0.004883 0.008108
0 0.646973 0.584459 0.014648 0.025676
0 0.667969 0.586486 0.015625 0.027027
0 0.685547 0.607432 0.015625 0.031081
0 0.747559 0.598649 0.016602 0.027027
0 0.508301 0.114189 0.016602 0.031081
0 0.477051 0.232432 0.006836 0.010811
0 0.519043 0.226351 0.006836 0.012162
0 0.838379 0.214865 0.004883 0.008108
0 0.919434 0.214865 0.004883 0.008108
0 0.962402 0.211486 0.004883 0.009459
0 0.742188 0.447297 0.007812 0.010811
0 0.753906 0.441216 0.007812 0.012162
0 0.759766 0.461486 0.005859 0.009459
0 0.215332 0.578378 0.006836 0.010811
