0 0.242676 0.250163 0.020508 0.016265
0 0.281250 0.243331 0.019531 0.014314
0 0.310059 0.245283 0.020508 0.011711
0 0.344727 0.260247 0.009766 0.009109
0 0.394043 0.245934 0.016602 0.010410
0 0.362305 0.225764 0.015625 0.014314
0 0.407715 0.214704 0.016602 0.016916
0 0.388184 0.204619 0.014648 0.012362
0 0.443359 0.198439 0.015625 0.014314
0 0.475586 0.253090 0.015625 0.014314
0 0.522461 0.247885 0.017578 0.013012
0 0.571289 0.290826 0.019531 0.015615
0 0.581543 0.206246 0.014648 0.011711
0 0.617188 0.219258 0.015625 0.014314
0 0.598633 0.230969 0.017578 0.015615
0 0.642090 0.234548 0.018555 0.014964
0 0.675293 0.230319 0.016602 0.014314
0 0.695312 0.214053 0.017578 0.011711
0 0.711914 0.214053 0.019531 0.014314
0 0.644043 0.285947 0.016602 0.014964
0 0.635254 0.320104 0.016602 0.011711
0 0.702637 0.288224 0.014648 0.015615
0 0.756836 0.248861 0.011719 0.011061
0 0.803223 0.201692 0.010742 0.011711
0 0.813965 0.210475 0.014648 0.012362
0 0.856445 0.207872 0.017578 0.014964
0 0.890137 0.224789 0.014648 0.012362
0 0.845215 0.229668 0.016602 0.013012
0 0.808105 0.250163 0.014648 0.009759
0 0.904785 0.236825 0.014648 0.013012
0 0.931641 0.232596 0.015625 0.012362
0 0.957031 0.236825 0.013672 0.013012
0 0.812012 0.271308 0.016602 0.013012
0 0.780762 0.275537 0.016602 0.013663
0 0.755859 0.269681 0.015625 0.012362
0 0.749023 0.290826 0.015625 0.014314
0 0.807129 0.292453 0.016602 0.016265
0 0.752441 0.334418 0.018555 0.013012
0 0.794434 0.322381 0.018555 0.016265
0 0.853027 0.295706 0.014648 0.012362
0 0.904297 0.315224 0.011719 0.016265
0 0.876465 0.334743 0.014648 0.013663
0 0.839844 0.344828 0.021484 0.013012
0 0.879395 0.357189 0.014648 0.014314
0 0.899414 0.362069 0.011719 0.012362
0 0.816895 0.364671 0.014648 0.012362
0 0.848633 0.382889 0.015625 0.016265
0 0.871582 0.388094 0.014648 0.012362
0 0.880371 0.411841 0.018555 0.016916
0 0.851074 0.410540 0.018555 0.014314
0 0.751953 0.370202 0.015625 0.013012
0 0.760254 0.395250 0.014648 0.012362
0 0.773926 0.406636 0.016602 0.014314
0 0.799805 0.416721 0.017578 0.016265
0 0.801270 0.445348 0.020508 0.014964
0 0.755371 0.357840 0.018555 0.011711
0 0.799316 0.351334 0.012695 0.011711
0 0.837402 0.424528 0.020508 0.017567
0 0.834961 0.448926 0.021484 0.015615
0 0.871094 0.455107 0.019531 0.014964
0 0.896484 0.431360 0.015625 0.015615
0 0.899902 0.461288 0.020508 0.015615
0 0.835938 0.467794 0.017578 0.014314
0 0.775391 0.455433 0.019531 0.016916
0 0.793457 0.475927 0.020508 0.014964
0 0.781738 0.515615 0.022461 0.009759
0 0.787109 0.545218 0.025391 0.015615
0 0.745117 0.486337 0.017578 0.012362
0 0.730469 0.396877 0.017578 0.011711
0 0.727539 0.406636 0.015625 0.010410
0 0.733398 0.422251 0.021484 0.013012
0 0.717773 0.443722 0.019531 0.015615
0 0.733887 0.445673 0.012695 0.013012
0 0.734375 0.470397 0.017578 0.015615
0 0.705078 0.487313 0.019531 0.015615
0 0.725586 0.530579 0.021484 0.013663
0 0.660645 0.489265 0.020508 0.016916
0 0.207520 0.282694 0.018555 0.009759
0 0.257812 0.318803 0.017578 0.013012
0 0.305176 0.311646 0.020508 0.010410
0 0.279297 0.337020 0.015625 0.015615
0 0.294434 0.347430 0.014648 0.014314
0 0.409668 0.347430 0.016602 0.014314
0 0.353027 0.360768 0.016602 0.013663
0 0.364258 0.368575 0.015625 0.012362
0 0.406250 0.367925 0.017578 0.014964
0 0.388184 0.381262 0.020508 0.016916
0 0.396484 0.399480 0.021484 0.013012
0 0.398438 0.415745 0.019531 0.014314
0 0.419922 0.427456 0.021484 0.015615
0 0.434570 0.392648 0.017578 0.014964
0 0.446289 0.423878 0.013672 0.012362
0 0.442871 0.445023 0.024414 0.013012
0 0.315918 0.364021 0.014648 0.016265
0 0.308105 0.371178 0.016602 0.011061
0 0.330078 0.373455 0.019531 0.016916
0 0.272949 0.368900 0.016602 0.015615
0 0.242188 0.374431 0.017578 0.013663
0 0.294434 0.391021 0.018555 0.016916
0 0.367676 0.407287 0.020508 0.013012
0 0.363770 0.417697 0.018555 0.015615
0 0.261230 0.405660 0.018555 0.014964
0 0.222656 0.414444 0.023438 0.014314
0 0.247070 0.417046 0.017578 0.014314
0 0.262207 0.425504 0.018555 0.014314
0 0.331543 0.436565 0.016602 0.013012
0 0.377930 0.440794 0.021484 0.014964
0 0.398926 0.470397 0.018555 0.014314
0 0.372070 0.467794 0.019531 0.013012
0 0.294922 0.446975 0.017578 0.015615
0 0.287109 0.439167 0.019531 0.011711
0 0.240234 0.444047 0.017578 0.016265
0 0.219238 0.454131 0.016602 0.016916
0 0.238281 0.492193 0.019531 0.016265
0 0.341797 0.398504 0.017578 0.016265
0 0.320312 0.407287 0.015625 0.013012
0 0.076172 0.369876 0.015625 0.014964
0 0.063477 0.412817 0.017578 0.014964
0 0.082520 0.410865 0.020508 0.014964
0 0.117188 0.389070 0.017578 0.013012
0 0.156250 0.384841 0.019531 0.016265
0 0.145996 0.373455 0.016602 0.013012
0 0.170898 0.372479 0.021484 0.013663
0 0.200195 0.378334 0.019531 0.014964
0 0.210449 0.404684 0.018555 0.013012
0 0.197266 0.417046 0.017578 0.015615
0 0.159668 0.412817 0.018555 0.013663
0 0.171875 0.428432 0.019531 0.013663
0 0.192871 0.445348 0.020508 0.017567
0 0.071777 0.441444 0.018555 0.013663
0 0.052246 0.458035 0.018555 0.015615
0 0.077637 0.472999 0.022461 0.014314
0 0.084961 0.460638 0.019531 0.015615
0 0.107910 0.434288 0.018555 0.014964
0 0.133301 0.431034 0.016602 0.014964
0 0.080078 0.430709 0.017578 0.015615
0 0.159180 0.440794 0.017578 0.017567
0 0.142578 0.450228 0.019531 0.011711
0 0.152344 0.459336 0.019531 0.014314
0 0.080566 0.389720 0.016602 0.015615
0 0.981934 0.185426 0.016602 0.011711
0 0.993652 0.194535 0.012695 0.015615
0 0.979492 0.204945 0.015625 0.014314
0 0.994141 0.227391 0.011719 0.014964
0 0.420898 0.184776 0.015625 0.010410
0 0.235352 0.517892 0.017578 0.015615
0 0.277832 0.503578 0.018555 0.013012
0 0.326660 0.502277 0.020508 0.016916
0 0.351074 0.517892 0.016602 0.015615
0 0.382324 0.546519 0.018555 0.018217
0 0.330566 0.537411 0.018555 0.014314
0 0.276367 0.525699 0.019531 0.015615
0 0.212891 0.607027 0.023438 0.016916
0 0.325195 0.566363 0.023438 0.013663
0 0.425293 0.567664 0.022461 0.012362
0 0.380371 0.515940 0.014648 0.014314
0 0.506836 0.510085 0.011719 0.013012
0 0.408691 0.597593 0.018555 0.013663
0 0.177734 0.593364 0.021484 0.016916
0 0.435547 0.633702 0.021484 0.018217
0 0.288574 0.650618 0.014648 0.020820
0 0.968262 0.513338 0.016602 0.014314
0 0.812012 0.567014 0.024414 0.012362
0 0.881836 0.569291 0.013672 0.010410
0 0.915527 0.565387 0.014648 0.014314
0 0.931641 0.565712 0.013672 0.012362
0 0.670898 0.587833 0.021484 0.014964
0 0.127930 0.538712 0.013672 0.015615
0 0.985352 0.891672 0.025391 0.025374
0 0.225586 0.364997 0.007812 0.007807
0 0.447754 0.349382 0.012695 0.010410
0 0.770996 0.382889 0.018555 0.014964
0 0.677246 0.665908 0.026367 0.020169
0 0.012207 0.395901 0.018555 0.014964
0 0.025879 0.396226 0.014648 0.013012
0 0.022949 0.368900 0.014648 0.014314
0 0.007812 0.466168 0.015625 0.016265
0 0.025391 0.458035 0.019531 0.016916
0 0.689941 0.756344 0.022461 0.020169
0 0.525879 0.770332 0.012695 0.018217
0 0.606934 0.528953 0.018555 0.014314
0 0.535156 0.512362 0.011719 0.013663
0 0.889160 0.591412 0.018555 0.015615
0 0.034668 0.560507 0.020508 0.014964
