0 0.583496 0.379738 0.014648 0.027697
0 0.592285 0.394315 0.008789 0.030612
0 0.669434 0.397230 0.010742 0.024781
0 0.744629 0.398688 0.008789 0.027697
0 0.786133 0.379009 0.011719 0.029155
0 0.816895 0.419096 0.010742 0.027697
0 0.856934 0.406706 0.010742 0.026239
0 0.892090 0.413265 0.006836 0.033528
0 0.899414 0.416181 0.005859 0.030612
0 0.443359 0.402332 0.011719 0.023324
0 0.405762 0.403790 0.008789 0.023324
0 0.354004 0.399417 0.008789 0.023324
0 0.293945 0.397959 0.013672 0.026239
0 0.245605 0.373178 0.010742 0.029155
0 0.199219 0.388484 0.007812 0.024781
0 0.158691 0.398688 0.010742 0.027697
