0 0.658691 0.584435 0.020508 0.041116
0 0.857422 0.649046 0.019531 0.041116
0 0.370605 0.566079 0.012695 0.027900
0 0.540039 0.495595 0.011719 0.022026
0 0.565918 0.502203 0.012695 0.020558
0 0.572266 0.571953 0.011719 0.027900
0 0.279785 0.618209 0.014648 0.026432
0 0.109863 0.611601 0.014648 0.033774
0 0.414062 0.575624 0.013672 0.029369
0 0.834961 0.571219 0.013672 0.029369
0 0.541504 0.558003 0.012695 0.029369
0 0.403320 0.612335 0.013672 0.026432
0 0.106445 0.560206 0.013672 0.030837
0 0.052734 0.611601 0.011719 0.024963
0 0.938477 0.611601 0.011719 0.027900
0 0.489258 0.591777 0.011719 0.026432
0 0.597656 0.556535 0.009766 0.023495
0 0.004395 0.596182 0.006836 0.026432
0 0.033203 0.586637 0.011719 0.022026
0 0.125488 0.601322 0.012695 0.030837
0 0.386719 0.571953 0.009766 0.024963
0 0.397461 0.574890 0.009766 0.022026
0 0.484375 0.559471 0.013672 0.023495
0 0.790527 0.604993 0.010742 0.026432
0 0.054688 0.585169 0.011719 0.016153
0 0.070312 0.599853 0.013672 0.016153
0 0.987793 0.556535 0.008789 0.020558
0 0.819336 0.577827 0.005859 0.022026
0 0.242188 0.610132 0.009766 0.022026
0 0.977539 0.636564 0.005859 0.027900
0 0.233398 0.542584 0.007812 0.019090
0 0.753418 0.574156 0.008789 0.020558
0 0.428223 0.563877 0.006836 0.029369
0 0.516113 0.578561 0.010742 0.023495
0 0.927734 0.602790 0.011719 0.024963
0 0.968262 0.560206 0.008789 0.019090
0 0.761230 0.610132 0.010742 0.024963
0 0.731934 0.590308 0.012695 0.026432
0 0.718262 0.590308 0.012695 0.029369
0 0.876465 0.564611 0.008789 0.019090
0 0.919922 0.559471 0.009766 0.017621
0 0.680176 0.574890 0.010742 0.024963
0 0.462402 0.551395 0.012695 0.022026
0 0.448730 0.572687 0.014648 0.032305
0 0.468262 0.588106 0.012695 0.024963
0 0.510742 0.610132 0.011719 0.022026
0 0.464844 0.668869 0.019531 0.033774
0 0.327637 0.561674 0.014648 0.030837
0 0.339355 0.558737 0.010742 0.019090
0 0.266113 0.582232 0.012695 0.024963
0 0.281250 0.555066 0.011719 0.020558
0 0.292480 0.571953 0.012695 0.022026
0 0.221680 0.588106 0.013672 0.024963
0 0.200684 0.611601 0.012695 0.022026
0 0.184570 0.572687 0.011719 0.026432
0 0.193848 0.568282 0.010742 0.023495
0 0.208008 0.553598 0.011719 0.023495
0 0.162598 0.550661 0.010742 0.023495
