0 0.137695 0.867188 0.013672 0.023438
0 0.075684 0.785807 0.016602 0.027344
0 0.328613 0.820964 0.012695 0.024740
0 0.168945 0.817708 0.017578 0.023438
0 0.219727 0.786458 0.013672 0.023438
0 0.400391 0.776042 0.017578 0.023438
0 0.322754 0.666667 0.010742 0.015625
0 0.392090 0.730469 0.010742 0.015625
0 0.443848 0.706380 0.012695 0.014323
0 0.343262 0.644531 0.010742 0.018229
0 0.363770 0.616536 0.010742 0.016927
0 0.391113 0.594401 0.010742 0.014323
0 0.543457 0.709635 0.010742 0.020833
0 0.536621 0.685547 0.008789 0.014323
0 0.401367 0.949870 0.023438 0.029948
0 0.603516 0.945964 0.023438 0.027344
0 0.890137 0.959635 0.018555 0.023438
0 0.729492 0.860677 0.017578 0.018229
0 0.244629 0.536458 0.008789 0.015625
0 0.201172 0.572266 0.007812 0.014323
0 0.186523 0.525391 0.007812 0.011719
0 0.229980 0.512370 0.008789 0.014323
0 0.168457 0.595703 0.010742 0.016927
0 0.156250 0.538411 0.009766 0.014323
0 0.055664 0.626953 0.013672 0.014323
0 0.021973 0.555990 0.010742 0.015625
0 0.059082 0.594401 0.010742 0.019531
0 0.102539 0.520182 0.009766 0.014323
0 0.049805 0.444010 0.007812 0.013021
0 0.023438 0.462891 0.009766 0.011719
0 0.103027 0.490234 0.008789 0.014323
0 0.150879 0.492839 0.006836 0.011719
0 0.169434 0.475911 0.006836 0.011719
0 0.198730 0.472005 0.006836 0.011719
0 0.122070 0.470052 0.007812 0.013021
0 0.082031 0.441406 0.005859 0.010417
0 0.106934 0.432292 0.006836 0.010417
0 0.133301 0.423177 0.006836 0.010417
0 0.922852 0.729167 0.011719 0.015625
0 0.946777 0.716146 0.010742 0.010417
0 0.014648 0.710286 0.017578 0.022135
0 0.163574 0.703125 0.014648 0.023438
0 0.142090 0.620443 0.010742 0.016927
0 0.338379 0.446615 0.006836 0.015625
0 0.376953 0.434896 0.009766 0.015625
0 0.415527 0.436849 0.006836 0.011719
0 0.461914 0.421875 0.005859 0.013021
0 0.438477 0.450521 0.003906 0.013021
0 0.429199 0.477214 0.008789 0.016927
0 0.452148 0.472656 0.007812 0.015625
0 0.475586 0.513672 0.009766 0.014323
0 0.494141 0.489583 0.009766 0.015625
0 0.486328 0.452474 0.009766 0.016927
0 0.513184 0.447917 0.006836 0.015625
0 0.579590 0.473307 0.008789 0.011719
0 0.608398 0.475260 0.007812 0.013021
0 0.579102 0.502604 0.007812 0.015625
0 0.533691 0.492188 0.006836 0.015625
0 0.605469 0.551432 0.007812 0.014323
0 0.630859 0.542318 0.007812 0.014323
0 0.653320 0.533854 0.007812 0.013021
0 0.624512 0.571615 0.008789 0.015625
0 0.567871 0.555990 0.008789 0.013021
0 0.544922 0.533854 0.007812 0.013021
0 0.550781 0.482422 0.011719 0.014323
0 0.684082 0.526042 0.006836 0.013021
0 0.666992 0.494792 0.007812 0.013021
0 0.708496 0.484375 0.008789 0.013021
0 0.725098 0.502604 0.008789 0.010417
0 0.737305 0.546224 0.007812 0.011719
0 0.695801 0.589193 0.014648 0.019531
0 0.766602 0.577474 0.007812 0.014323
0 0.747070 0.473307 0.005859 0.011719
0 0.719727 0.445312 0.007812 0.010417
0 0.687988 0.464193 0.006836 0.014323
0 0.770508 0.461589 0.009766 0.011719
0 0.760254 0.533854 0.008789 0.013021
0 0.774414 0.498047 0.007812 0.011719
0 0.871582 0.510417 0.008789 0.015625
0 0.852051 0.509766 0.008789 0.014323
0 0.887207 0.493490 0.008789 0.013021
0 0.883789 0.535807 0.009766 0.016927
0 0.855469 0.594401 0.007812 0.014323
0 0.821777 0.557292 0.008789 0.015625
0 0.823242 0.691406 0.009766 0.018229
0 0.863770 0.689453 0.010742 0.014323
0 0.754395 0.650391 0.008789 0.014323
0 0.778320 0.636719 0.009766 0.015625
0 0.725098 0.557292 0.008789 0.013021
0 0.824219 0.625651 0.011719 0.016927
0 0.949707 0.619792 0.010742 0.018229
0 0.923828 0.632161 0.009766 0.016927
0 0.882324 0.587240 0.006836 0.013021
0 0.905273 0.574870 0.009766 0.016927
0 0.916992 0.567708 0.009766 0.013021
0 0.967285 0.606120 0.010742 0.014323
0 0.992676 0.675130 0.008789 0.016927
0 0.973633 0.685547 0.013672 0.016927
0 0.979980 0.543620 0.008789 0.014323
0 0.969727 0.507161 0.007812 0.016927
0 0.903320 0.526042 0.011719 0.010417
0 0.839844 0.600911 0.007812 0.014323
0 0.780762 0.577474 0.006836 0.011719
0 0.839844 0.557292 0.007812 0.013021
0 0.885742 0.656250 0.009766 0.018229
0 0.252441 0.738281 0.014648 0.023438
0 0.233887 0.545573 0.008789 0.015625
0 0.047363 0.419922 0.006836 0.011719
0 0.063477 0.379557 0.007812 0.011719
0 0.034668 0.385417 0.006836 0.013021
0 0.290527 0.913411 0.014648 0.027344
