0 0.373535 0.721408 0.018555 0.035191
0 0.323730 0.629032 0.016602 0.029326
0 0.522461 0.656158 0.015625 0.030792
0 0.256348 0.642962 0.016602 0.027859
0 0.589844 0.626100 0.015625 0.029326
0 0.686035 0.681818 0.018555 0.035191
0 0.673828 0.609238 0.015625 0.033724
0 0.770020 0.598974 0.016602 0.036657
0 0.804688 0.535191 0.017578 0.035191
0 0.743652 0.537390 0.016602 0.030792
0 0.167969 0.591642 0.015625 0.030792
0 0.240723 0.593842 0.014648 0.032258
0 0.308105 0.597507 0.016602 0.033724
0 0.499023 0.589443 0.015625 0.032258
0 0.478516 0.575513 0.013672 0.030792
0 0.666992 0.543255 0.015625 0.027859
0 0.563477 0.572581 0.013672 0.027859
0 0.146973 0.533724 0.014648 0.032258
0 0.225098 0.521261 0.014648 0.030792
0 0.278320 0.548387 0.013672 0.032258
0 0.339355 0.538856 0.014648 0.030792
0 0.440430 0.525660 0.015625 0.033724
0 0.507324 0.530059 0.016602 0.033724
0 0.594238 0.545455 0.018555 0.032258
0 0.365234 0.519795 0.013672 0.030792
0 0.104004 0.470674 0.008789 0.023460
0 0.175781 0.453812 0.011719 0.030792
0 0.246582 0.432551 0.012695 0.029326
0 0.189453 0.506598 0.013672 0.027859
0 0.302734 0.429619 0.013672 0.029326
0 0.470703 0.486804 0.013672 0.035191
0 0.518066 0.485337 0.014648 0.032258
0 0.557129 0.501466 0.014648 0.032258
0 0.614746 0.478006 0.016602 0.032258
0 0.710938 0.493402 0.015625 0.030792
0 0.753906 0.478006 0.015625 0.029326
0 0.941406 0.437683 0.013672 0.024927
0 0.641113 0.545455 0.016602 0.029326
0 0.638184 0.505132 0.014648 0.030792
0 0.686035 0.472141 0.014648 0.029326
0 0.727539 0.460411 0.015625 0.026393
0 0.787109 0.407625 0.011719 0.029326
0 0.708496 0.397361 0.014648 0.032258
0 0.626953 0.360704 0.011719 0.026393
0 0.228027 0.384164 0.010742 0.029326
0 0.329102 0.400293 0.009766 0.026393
0 0.298828 0.370235 0.015625 0.030792
0 0.337891 0.419355 0.009766 0.029326
0 0.400391 0.362170 0.013672 0.029326
0 0.471680 0.460411 0.013672 0.020528
0 0.474609 0.307918 0.015625 0.029326
0 0.544922 0.274927 0.011719 0.027859
0 0.616211 0.259531 0.013672 0.026393
0 0.645508 0.344575 0.011719 0.023460
0 0.728027 0.291056 0.012695 0.027859
0 0.767090 0.318182 0.010742 0.029326
0 0.772461 0.228739 0.013672 0.029326
0 0.838379 0.249267 0.012695 0.026393
0 0.930176 0.243402 0.012695 0.023460
0 0.827637 0.175953 0.012695 0.023460
0 0.856934 0.177419 0.010742 0.026393
0 0.882812 0.175953 0.013672 0.023460
0 0.935059 0.208944 0.012695 0.024927
0 0.938477 0.166422 0.013672 0.027859
0 0.926270 0.176686 0.010742 0.024927
0 0.664062 0.519795 0.013672 0.024927
0 0.627930 0.442082 0.015625 0.027859
0 0.484863 0.417155 0.012695 0.027859
0 0.413574 0.412757 0.014648 0.024927
0 0.423828 0.336510 0.011719 0.024927
0 0.489258 0.348240 0.013672 0.027859
0 0.487793 0.296188 0.010742 0.023460
0 0.576660 0.328446 0.012695 0.020528
