0 0.735840 0.484453 0.040039 0.058458
0 0.549805 0.578358 0.035156 0.047264
0 0.760254 0.410448 0.024414 0.039801
0 0.646973 0.417289 0.020508 0.033582
0 0.929688 0.392413 0.021484 0.036070
0 0.966797 0.421642 0.017578 0.029851
0 0.850586 0.421642 0.015625 0.027363
0 0.791992 0.414179 0.017578 0.032338
0 0.869141 0.438433 0.015625 0.026119
0 0.807617 0.419776 0.013672 0.028607
0 0.687500 0.432836 0.021484 0.022388
0 0.703125 0.427239 0.013672 0.016169
0 0.622070 0.406095 0.021484 0.036070
0 0.573730 0.384950 0.032227 0.033582
0 0.529785 0.332711 0.036133 0.065920
0 0.358398 0.412935 0.035156 0.047264
0 0.464355 0.365672 0.034180 0.044776
0 0.250977 0.366915 0.035156 0.052239
0 0.484863 0.366294 0.014648 0.036070
0 0.166992 0.401119 0.017578 0.031095
0 0.102539 0.409826 0.019531 0.041045
0 0.055176 0.444030 0.016602 0.032338
0 0.058105 0.412313 0.016602 0.018657
0 0.076172 0.443408 0.017578 0.023632
