0 0.449219 0.305271 0.041016 0.089312
0 0.568848 0.216691 0.040039 0.087848
0 0.075684 0.319180 0.024414 0.049780
0 0.120605 0.320644 0.024414 0.043924
0 0.175293 0.300146 0.022461 0.040996
0 0.283203 0.286237 0.019531 0.042460
0 0.334961 0.295022 0.019531 0.039531
0 0.249512 0.303807 0.020508 0.045388
0 0.205078 0.308931 0.019531 0.043924
0 0.289551 0.103953 0.018555 0.038067
0 0.828613 0.259151 0.020508 0.038067
0 0.877441 0.258419 0.014648 0.030747
0 0.131348 0.259883 0.020508 0.039531
0 0.767090 0.270864 0.012695 0.032211
