0 0.157227 0.443191 0.164062 0.159533
0 0.557129 0.345914 0.106445 0.117510
0 0.891113 0.326070 0.102539 0.096498
0 0.085938 0.370428 0.113281 0.110506
0 0.232422 0.296887 0.082031 0.067704
0 0.472168 0.254086 0.059570 0.061479
0 0.416504 0.232296 0.022461 0.033463
0 0.359863 0.230350 0.032227 0.032685
0 0.119629 0.208171 0.059570 0.058366
0 0.098145 0.278988 0.084961 0.067704
0 0.270020 0.256420 0.059570 0.061479
0 0.296875 0.220623 0.042969 0.042802
0 0.601562 0.282490 0.068359 0.082490
0 0.694824 0.294942 0.041992 0.056031
0 0.599121 0.226848 0.014648 0.025681
0 0.874512 0.286381 0.073242 0.073152
0 0.613770 0.170817 0.008789 0.008560
0 0.450195 0.267315 0.037109 0.035019
0 0.960938 0.231128 0.027344 0.037354
0 0.598145 0.177043 0.014648 0.011673
0 0.846191 0.688716 0.217773 0.163424
0 0.089355 0.896109 0.163086 0.207782
