0 0.237793 0.863281 0.016602 0.050781
0 0.276367 0.902344 0.021484 0.050781
0 0.369629 0.962891 0.020508 0.046875
0 0.782227 0.816406 0.017578 0.046875
0 0.696289 0.782227 0.015625 0.041016
0 0.230469 0.574219 0.009766 0.023438
0 0.199219 0.557617 0.011719 0.029297
0 0.510254 0.500977 0.008789 0.021484
0 0.538574 0.513672 0.008789 0.023438
0 0.582031 0.579102 0.011719 0.041016
0 0.655273 0.623047 0.013672 0.035156
0 0.712891 0.643555 0.013672 0.029297
0 0.754395 0.562500 0.012695 0.031250
0 0.972656 0.619141 0.013672 0.039062
