0 0.683105 0.387443 0.071289 0.128637
0 0.600098 0.139357 0.028320 0.049005
0 0.504395 0.161562 0.028320 0.053599
0 0.471680 0.127871 0.021484 0.044410
0 0.331055 0.179173 0.027344 0.049005
0 0.359375 0.154671 0.025391 0.055130
0 0.980469 0.287136 0.039062 0.071975
0 0.884766 0.314701 0.056641 0.102603
0 0.936035 0.200613 0.043945 0.082695
0 0.849609 0.209035 0.025391 0.050536
0 0.828613 0.189127 0.024414 0.044410
0 0.832520 0.347626 0.041992 0.067381
0 0.381836 0.437213 0.070312 0.120980
0 0.117676 0.673813 0.069336 0.091884
