0 0.771484 0.365234 0.013672 0.019531
0 0.723145 0.354818 0.010742 0.014323
0 0.558105 0.444661 0.028320 0.045573
0 0.541992 0.438151 0.027344 0.037760
0 0.480469 0.414062 0.029297 0.041667
0 0.440430 0.439453 0.033203 0.061198
0 0.484863 0.367188 0.020508 0.028646
0 0.332520 0.712891 0.069336 0.105469
0 0.375488 0.592448 0.051758 0.093750
0 0.200195 0.399089 0.019531 0.029948
0 0.160156 0.425130 0.023438 0.035156
0 0.040039 0.460286 0.029297 0.042969
0 0.090332 0.406901 0.018555 0.027344
0 0.246094 0.383464 0.013672 0.019531
0 0.063477 0.442708 0.013672 0.023438
