0 0.819824 0.111250 0.032227 0.117500
0 0.786133 0.128750 0.013672 0.047500
0 0.731934 0.143750 0.018555 0.057500
0 0.926270 0.155000 0.010742 0.035000
0 0.991699 0.140000 0.008789 0.040000
0 0.773438 0.160000 0.009766 0.035000
0 0.687500 0.147500 0.013672 0.040000
0 0.629395 0.158750 0.022461 0.087500
0 0.598633 0.161250 0.009766 0.037500
0 0.905273 0.141250 0.009766 0.032500
0 0.576660 0.165000 0.008789 0.040000
0 0.545898 0.162500 0.013672 0.045000
0 0.500977 0.173750 0.013672 0.042500
0 0.481445 0.152500 0.009766 0.030000
0 0.440430 0.205000 0.013672 0.050000
0 0.463867 0.171250 0.007812 0.027500
0 0.385254 0.175000 0.020508 0.080000
0 0.349609 0.176250 0.013672 0.042500
0 0.333984 0.150000 0.009766 0.030000
0 0.304688 0.183750 0.011719 0.037500
0 0.283691 0.185000 0.008789 0.030000
0 0.255371 0.185000 0.010742 0.040000
0 0.229004 0.167500 0.006836 0.025000
0 0.221680 0.172500 0.005859 0.020000
0 0.186035 0.167500 0.010742 0.040000
0 0.175781 0.163750 0.007812 0.027500
0 0.433105 0.171250 0.008789 0.027500
0 0.138184 0.185000 0.010742 0.040000
0 0.154297 0.162500 0.009766 0.030000
0 0.096680 0.198750 0.011719 0.037500
0 0.079102 0.150000 0.011719 0.035000
0 0.110840 0.181250 0.008789 0.032500
0 0.051270 0.173750 0.008789 0.027500
0 0.020020 0.188750 0.010742 0.032500
0 0.122559 0.180000 0.006836 0.020000
0 0.002441 0.178750 0.004883 0.027500
