0 0.978516 0.388672 0.025391 0.037760
0 0.965820 0.463542 0.035156 0.054688
0 0.973633 0.540365 0.033203 0.054688
0 0.986328 0.651042 0.027344 0.052083
0 0.856445 0.525391 0.035156 0.053385
0 0.868652 0.453125 0.034180 0.054688
0 0.893555 0.353516 0.025391 0.037760
0 0.775391 0.382812 0.029297 0.041667
0 0.682129 0.373698 0.024414 0.039062
0 0.654297 0.360026 0.023438 0.035156
0 0.698730 0.437500 0.026367 0.041667
0 0.626465 0.429036 0.026367 0.042969
0 0.597168 0.342448 0.026367 0.039062
0 0.505371 0.360026 0.024414 0.037760
0 0.592285 0.470052 0.030273 0.044271
0 0.636719 0.487630 0.033203 0.042969
0 0.761230 0.561198 0.032227 0.049479
0 0.727539 0.544271 0.033203 0.046875
0 0.684082 0.561198 0.034180 0.052083
0 0.621094 0.580729 0.031250 0.049479
0 0.569336 0.565755 0.031250 0.048177
0 0.587402 0.543620 0.026367 0.053385
0 0.536621 0.490885 0.026367 0.039062
0 0.535645 0.578776 0.028320 0.050781
0 0.504883 0.563802 0.031250 0.044271
0 0.488770 0.555339 0.028320 0.040365
0 0.498047 0.518229 0.023438 0.036458
0 0.457031 0.530599 0.019531 0.029948
0 0.433105 0.542969 0.024414 0.046875
0 0.461914 0.385417 0.023438 0.036458
0 0.397949 0.396484 0.024414 0.035156
0 0.462402 0.615885 0.028320 0.046875
0 0.452148 0.570964 0.025391 0.042969
0 0.395508 0.534505 0.029297 0.050781
0 0.353516 0.520182 0.029297 0.048177
0 0.351074 0.447266 0.024414 0.037760
0 0.312988 0.464193 0.024414 0.035156
0 0.274902 0.449870 0.026367 0.037760
0 0.268066 0.384766 0.024414 0.040365
0 0.239258 0.520182 0.033203 0.050781
0 0.316895 0.542318 0.032227 0.050781
0 0.188965 0.514323 0.030273 0.044271
0 0.143555 0.494141 0.029297 0.045573
0 0.107422 0.507812 0.025391 0.039062
0 0.078613 0.501302 0.028320 0.041667
0 0.054688 0.417318 0.031250 0.045573
0 0.030273 0.509766 0.033203 0.048177
0 0.014648 0.498047 0.027344 0.048177
0 0.729492 0.509115 0.023438 0.057292
