0 0.046875 0.466809 0.021484 0.055675
0 0.061035 0.466809 0.016602 0.059957
0 0.107422 0.463597 0.019531 0.057816
0 0.139160 0.507495 0.020508 0.051392
0 0.173828 0.444325 0.017578 0.049251
0 0.205566 0.482869 0.020508 0.057816
0 0.253906 0.410064 0.013672 0.044968
0 0.269043 0.447537 0.018555 0.042827
0 0.291504 0.447537 0.014648 0.051392
0 0.302734 0.415418 0.013672 0.042827
0 0.345703 0.466809 0.017578 0.055675
0 0.348633 0.402570 0.015625 0.047109
0 0.360840 0.446467 0.016602 0.053533
0 0.382812 0.434690 0.015625 0.042827
0 0.403809 0.478587 0.016602 0.053533
0 0.427246 0.481799 0.018555 0.047109
0 0.431641 0.446467 0.015625 0.044968
0 0.447754 0.437901 0.012695 0.036403
0 0.462402 0.498929 0.018555 0.055675
0 0.473145 0.447537 0.014648 0.042827
0 0.488770 0.466809 0.016602 0.051392
0 0.503418 0.417559 0.014648 0.047109
0 0.526367 0.450749 0.015625 0.044968
0 0.515137 0.511777 0.016602 0.051392
0 0.544922 0.474304 0.017578 0.053533
0 0.558105 0.529979 0.016602 0.049251
0 0.572266 0.427195 0.015625 0.040685
0 0.600586 0.466809 0.015625 0.051392
0 0.619629 0.434690 0.014648 0.042827
0 0.639160 0.471092 0.016602 0.055675
0 0.655762 0.458244 0.014648 0.047109
0 0.685547 0.512848 0.013672 0.044968
0 0.684082 0.420771 0.014648 0.044968
0 0.725098 0.460385 0.016602 0.051392
0 0.734863 0.403640 0.014648 0.040685
0 0.744629 0.453961 0.014648 0.042827
0 0.772461 0.478587 0.015625 0.049251
0 0.807617 0.433619 0.015625 0.044968
0 0.808105 0.492505 0.014648 0.042827
0 0.869141 0.433619 0.015625 0.040685
0 0.877930 0.494647 0.015625 0.038544
0 0.926270 0.437901 0.016602 0.049251
0 0.960449 0.500000 0.016602 0.040685
