0 0.197266 0.103221 0.031250 0.048316
0 0.365723 0.126647 0.034180 0.062958
0 0.436523 0.210835 0.033203 0.070278
0 0.478516 0.149341 0.027344 0.052709
0 0.584961 0.147877 0.029297 0.052709
0 0.697266 0.171303 0.035156 0.064422
0 0.775391 0.160322 0.035156 0.065886
0 0.788574 0.281113 0.032227 0.061493
0 0.848633 0.365300 0.037109 0.065886
0 0.609863 0.234261 0.030273 0.061493
0 0.680176 0.269400 0.026367 0.055637
0 0.690430 0.361640 0.029297 0.052709
0 0.764648 0.386530 0.033203 0.058565
0 0.636230 0.322108 0.028320 0.058565
0 0.577637 0.316252 0.030273 0.064422
0 0.507324 0.304539 0.038086 0.073206
0 0.541504 0.210835 0.030273 0.061493
0 0.348145 0.247438 0.030273 0.064422
0 0.249512 0.158858 0.036133 0.077599
0 0.278809 0.291362 0.030273 0.061493
0 0.248047 0.363836 0.037109 0.077599
0 0.147461 0.330893 0.044922 0.073206
0 0.154297 0.466325 0.044922 0.080527
0 0.311523 0.477306 0.031250 0.058565
0 0.354980 0.517570 0.034180 0.074671
0 0.439453 0.428990 0.031250 0.073206
0 0.364746 0.351391 0.032227 0.070278
0 0.476562 0.321376 0.025391 0.030747
0 0.541992 0.439971 0.035156 0.057101
0 0.609863 0.425329 0.026367 0.045388
0 0.671387 0.439239 0.030273 0.061493
0 0.604980 0.554905 0.034180 0.061493
0 0.688477 0.644217 0.041016 0.079063
0 0.872070 0.502196 0.033203 0.052709
0 0.841797 0.463397 0.041016 0.051245
0 0.531738 0.633968 0.032227 0.049780
0 0.447266 0.574671 0.031250 0.048316
0 0.390137 0.617862 0.036133 0.064422
0 0.294922 0.608346 0.037109 0.068814
0 0.226074 0.616398 0.034180 0.070278
0 0.482910 0.775256 0.036133 0.074671
0 0.598145 0.783309 0.034180 0.067350
