0 0.086914 0.262515 0.060547 0.112332
0 0.125000 0.212454 0.052734 0.087912
0 0.113281 0.115995 0.041016 0.068376
0 0.189453 0.195971 0.046875 0.074481
0 0.249512 0.138584 0.041992 0.072039
0 0.246582 0.262515 0.049805 0.090354
0 0.335449 0.313797 0.059570 0.092796
0 0.314941 0.200855 0.049805 0.079365
0 0.320312 0.110501 0.039062 0.067155
0 0.390625 0.148352 0.042969 0.076923
0 0.427734 0.277778 0.048828 0.089133
0 0.579102 0.315018 0.056641 0.090354
0 0.720215 0.281441 0.053711 0.094017
0 0.894043 0.294261 0.061523 0.105006
0 0.816895 0.183761 0.049805 0.084249
0 0.705566 0.126374 0.045898 0.074481
0 0.764648 0.064713 0.039062 0.078144
0 0.646973 0.101343 0.045898 0.075702
0 0.615723 0.159341 0.045898 0.089133
0 0.625488 0.266178 0.043945 0.085470
0 0.457520 0.192308 0.041992 0.069597
0 0.473145 0.097070 0.041992 0.059829
0 0.555664 0.117216 0.042969 0.063492
