0 0.919434 0.493343 0.030273 0.048817
0 0.901855 0.412722 0.028320 0.047337
0 0.828613 0.475592 0.038086 0.054734
0 0.805664 0.436391 0.025391 0.041420
0 0.824219 0.583580 0.037109 0.063609
0 0.708008 0.467456 0.031250 0.050296
0 0.749512 0.486686 0.028320 0.053254
0 0.675781 0.443787 0.029297 0.044379
0 0.657715 0.422337 0.020508 0.036982
0 0.632324 0.463018 0.028320 0.044379
0 0.601074 0.497041 0.030273 0.053254
0 0.615723 0.598373 0.043945 0.066568
0 0.647461 0.559172 0.037109 0.062130
0 0.915039 0.167160 0.023438 0.038462
0 0.560547 0.459320 0.023438 0.031065
0 0.538574 0.546598 0.034180 0.066568
0 0.473145 0.558432 0.034180 0.057692
0 0.481934 0.457840 0.028320 0.045858
0 0.793945 0.676775 0.046875 0.078402
0 0.782227 0.913462 0.068359 0.110947
0 0.654297 0.724852 0.058594 0.097633
0 0.596680 0.667160 0.050781 0.091716
0 0.561035 0.825444 0.063477 0.106509
0 0.405762 0.713757 0.055664 0.084320
0 0.011230 0.817308 0.022461 0.093195
0 0.026855 0.647189 0.036133 0.072485
