0 0.828125 0.488281 0.021484 0.033854
0 0.778320 0.513672 0.019531 0.035156
0 0.738770 0.522786 0.020508 0.032552
0 0.703613 0.496094 0.022461 0.033854
0 0.659180 0.529297 0.025391 0.037760
0 0.637207 0.514974 0.018555 0.032552
0 0.603027 0.516927 0.024414 0.033854
0 0.588867 0.452474 0.021484 0.027344
0 0.570312 0.523438 0.021484 0.031250
0 0.536133 0.470703 0.021484 0.029948
0 0.509766 0.458333 0.019531 0.031250
0 0.520508 0.526693 0.021484 0.037760
0 0.472168 0.535156 0.022461 0.033854
0 0.476562 0.486979 0.021484 0.039062
0 0.487305 0.447266 0.019531 0.029948
0 0.445801 0.442708 0.020508 0.031250
0 0.437012 0.525391 0.020508 0.032552
0 0.373535 0.545573 0.024414 0.033854
0 0.365234 0.510417 0.023438 0.031250
0 0.392090 0.461589 0.020508 0.032552
0 0.339355 0.461589 0.018555 0.029948
0 0.328125 0.506510 0.021484 0.028646
0 0.314453 0.536458 0.023438 0.033854
0 0.280273 0.517578 0.023438 0.035156
0 0.264160 0.548828 0.024414 0.035156
0 0.177734 0.531250 0.023438 0.031250
0 0.215332 0.508464 0.020508 0.032552
0 0.226074 0.557943 0.022461 0.032552
0 0.504883 0.649740 0.025391 0.036458
