0 0.035156 0.403367 0.027344 0.051245
0 0.097168 0.371157 0.022461 0.033675
0 0.095703 0.414348 0.027344 0.043924
0 0.079102 0.489019 0.029297 0.049780
0 0.012207 0.465593 0.024414 0.046852
0 0.014160 0.543192 0.028320 0.052709
0 0.127441 0.483895 0.024414 0.045388
0 0.170898 0.500732 0.025391 0.043924
0 0.145020 0.436310 0.026367 0.040996
0 0.166016 0.387994 0.021484 0.040996
0 0.164062 0.347731 0.013672 0.024890
0 0.226562 0.393851 0.021484 0.035139
0 0.202637 0.423865 0.024414 0.042460
0 0.266113 0.505124 0.024414 0.055637
0 0.270996 0.414348 0.024414 0.052709
0 0.292480 0.380673 0.020508 0.038067
0 0.270020 0.338946 0.012695 0.036603
0 0.320312 0.327233 0.013672 0.027818
0 0.378418 0.336018 0.016602 0.033675
0 0.386719 0.398975 0.021484 0.042460
0 0.421387 0.368960 0.012695 0.029283
0 0.462402 0.378477 0.012695 0.027818
0 0.458496 0.415081 0.012695 0.033675
0 0.386230 0.451684 0.020508 0.045388
0 0.329102 0.511713 0.011719 0.027818
0 0.350098 0.518302 0.028320 0.055637
0 0.464844 0.605417 0.021484 0.057101
0 0.485840 0.601025 0.030273 0.068814
0 0.479004 0.467789 0.024414 0.042460
0 0.526855 0.354319 0.012695 0.029283
0 0.579590 0.382138 0.014648 0.032211
0 0.561523 0.404100 0.015625 0.035139
0 0.632812 0.365300 0.011719 0.024890
0 0.660156 0.360908 0.011719 0.027818
0 0.703613 0.390922 0.014648 0.032211
0 0.725098 0.397511 0.020508 0.039531
0 0.605957 0.394583 0.022461 0.045388
0 0.634277 0.432650 0.026367 0.060029
0 0.687500 0.421669 0.017578 0.038067
0 0.734863 0.450220 0.020508 0.045388
0 0.707031 0.468521 0.027344 0.046852
0 0.794434 0.474378 0.028320 0.064422
0 0.787109 0.401903 0.019531 0.036603
0 0.816406 0.418741 0.025391 0.046852
0 0.597168 0.502928 0.022461 0.042460
0 0.615723 0.582723 0.028320 0.052709
0 0.700684 0.559297 0.030273 0.064422
0 0.763184 0.571742 0.032227 0.074671
0 0.846680 0.476574 0.031250 0.048316
0 0.875000 0.420937 0.027344 0.045388
0 0.947754 0.428990 0.032227 0.052709
0 0.977051 0.505857 0.030273 0.048316
0 0.890137 0.481698 0.024414 0.049780
0 0.313965 0.411420 0.018555 0.046852
0 0.746094 0.366764 0.021484 0.033675
0 0.555176 0.374817 0.016602 0.029283
0 0.510742 0.434114 0.019531 0.042460
