0 0.217773 0.416789 0.031250 0.055965
0 0.165039 0.384389 0.021484 0.044183
0 0.161133 0.345361 0.015625 0.022091
0 0.150879 0.390280 0.014648 0.032401
0 0.201660 0.372607 0.024414 0.035346
0 0.230957 0.357143 0.018555 0.030928
0 0.240723 0.416789 0.018555 0.041237
0 0.266602 0.414580 0.025391 0.045655
0 0.299316 0.405007 0.020508 0.038292
0 0.288086 0.405007 0.015625 0.026510
0 0.319336 0.413108 0.015625 0.030928
0 0.292969 0.468336 0.025391 0.047128
0 0.253906 0.438144 0.011719 0.019146
0 0.350098 0.435199 0.020508 0.039764
0 0.349121 0.387334 0.018555 0.029455
0 0.378418 0.412371 0.014648 0.023564
0 0.388672 0.441090 0.019531 0.030928
0 0.369629 0.376289 0.016602 0.033873
0 0.396484 0.394698 0.015625 0.029455
0 0.408691 0.412371 0.016602 0.035346
0 0.426758 0.420471 0.017578 0.036819
0 0.443848 0.409426 0.016602 0.029455
0 0.423340 0.380707 0.016602 0.030928
0 0.467285 0.402798 0.016602 0.039764
0 0.478516 0.385125 0.015625 0.030928
0 0.495117 0.389543 0.013672 0.027982
0 0.490234 0.419735 0.015625 0.029455
0 0.504395 0.432253 0.018555 0.036819
0 0.523438 0.416789 0.013672 0.026510
0 0.518555 0.384389 0.013672 0.026510
0 0.541016 0.394698 0.015625 0.029455
0 0.550293 0.409426 0.014648 0.029455
0 0.562500 0.414580 0.017578 0.033873
0 0.589844 0.421944 0.017578 0.036819
0 0.605469 0.393225 0.017578 0.032401
0 0.537109 0.444035 0.019531 0.033873
0 0.810547 0.399853 0.037109 0.066274
0 0.733398 0.433726 0.029297 0.054492
0 0.688477 0.427835 0.029297 0.051546
0 0.642578 0.398380 0.019531 0.036819
0 0.622559 0.406480 0.016602 0.026510
0 0.705078 0.614138 0.033203 0.064801
0 0.631348 0.581738 0.028320 0.050074
0 0.574219 0.558174 0.023438 0.044183
0 0.578125 0.486745 0.023438 0.039764
0 0.609863 0.489691 0.030273 0.054492
0 0.520996 0.561856 0.020508 0.039764
0 0.481445 0.555965 0.019531 0.036819
0 0.483398 0.503682 0.015625 0.029455
0 0.434082 0.536819 0.018555 0.039764
0 0.428223 0.590574 0.022461 0.044183
0 0.386230 0.564801 0.022461 0.042710
0 0.348633 0.587629 0.025391 0.055965
0 0.266602 0.591311 0.027344 0.048601
0 0.192871 0.586892 0.032227 0.054492
0 0.151855 0.634021 0.040039 0.072165
0 0.101074 0.564065 0.016602 0.029455
0 0.627441 0.729013 0.026367 0.050074
0 0.579102 0.640648 0.027344 0.061856
0 0.570312 0.726068 0.021484 0.047128
0 0.485840 0.683358 0.024414 0.041237
