0 0.065918 0.198254 0.043945 0.107232
0 0.136230 0.154613 0.036133 0.099751
0 0.175293 0.160848 0.030273 0.092269
0 0.205078 0.183292 0.027344 0.087282
0 0.214844 0.208229 0.017578 0.072319
0 0.253906 0.233167 0.023438 0.062344
0 0.327148 0.238155 0.021484 0.062344
0 0.385742 0.167082 0.023438 0.064838
0 0.415039 0.193267 0.019531 0.057357
0 0.471191 0.223192 0.018555 0.057357
0 0.628906 0.443890 0.021484 0.049875
0 0.654785 0.417706 0.022461 0.057357
0 0.681152 0.483791 0.026367 0.069825
0 0.676270 0.185786 0.020508 0.057357
0 0.709961 0.203242 0.019531 0.062344
0 0.729980 0.193267 0.024414 0.062344
0 0.776367 0.219451 0.025391 0.074813
0 0.822266 0.220698 0.029297 0.077307
0 0.792480 0.204489 0.018555 0.059850
0 0.857910 0.263092 0.028320 0.077307
0 0.890625 0.317955 0.033203 0.087282
0 0.936523 0.208229 0.042969 0.107232
0 0.885742 0.238155 0.015625 0.057357
0 0.907715 0.233167 0.014648 0.042394
