0 0.101562 0.321503 0.025391 0.079332
0 0.119141 0.304802 0.027344 0.075157
0 0.212891 0.327766 0.033203 0.075157
0 0.254395 0.287056 0.024414 0.068894
0 0.313477 0.273486 0.033203 0.075157
0 0.525879 0.256785 0.024414 0.066806
0 0.476562 0.243215 0.027344 0.060543
0 0.430664 0.259916 0.029297 0.064718
0 0.372559 0.144050 0.024414 0.058455
0 0.741699 0.277662 0.028320 0.058455
0 0.664551 0.277662 0.028320 0.062630
0 0.595215 0.277662 0.028320 0.062630
0 0.565918 0.233820 0.026367 0.058455
0 0.514648 0.211900 0.027344 0.060543
0 0.708008 0.212944 0.023438 0.066806
0 0.924805 0.167015 0.023438 0.054280
0 0.893555 0.243215 0.027344 0.064718
0 0.849609 0.228601 0.025391 0.060543
0 0.798828 0.185804 0.025391 0.062630
0 0.803223 0.110647 0.022461 0.062630
0 0.786133 0.266180 0.025391 0.060543
