0 0.898926 0.225657 0.051758 0.095827
0 0.821777 0.264297 0.049805 0.080371
0 0.757324 0.324575 0.047852 0.083462
0 0.687500 0.294436 0.041016 0.085008
0 0.600098 0.307573 0.047852 0.089645
0 0.598145 0.149923 0.040039 0.080371
0 0.545898 0.245750 0.042969 0.083462
0 0.451660 0.257342 0.045898 0.088099
0 0.381836 0.209428 0.042969 0.081917
0 0.363281 0.120556 0.039062 0.086553
0 0.314941 0.250386 0.043945 0.089645
0 0.232422 0.251932 0.044922 0.089645
0 0.194336 0.316074 0.044922 0.081917
0 0.211914 0.485317 0.044922 0.083462
0 0.104492 0.236476 0.046875 0.089645
0 0.339355 0.489954 0.047852 0.086553
0 0.491699 0.459815 0.051758 0.091190
0 0.636230 0.493045 0.040039 0.092736
0 0.756836 0.503864 0.044922 0.086553
0 0.841309 0.690108 0.049805 0.109737
0 0.636719 0.657651 0.052734 0.109737
0 0.392578 0.649150 0.050781 0.098918
0 0.195801 0.626739 0.051758 0.100464
