0 0.103027 0.346999 0.024414 0.046852
0 0.168945 0.307467 0.029297 0.055637
0 0.257324 0.335286 0.024414 0.052709
0 0.322754 0.292094 0.026367 0.054173
0 0.400879 0.282577 0.026367 0.061493
0 0.495605 0.305271 0.024414 0.057101
0 0.583984 0.300878 0.027344 0.051245
0 0.683105 0.300878 0.030273 0.057101
0 0.740234 0.346266 0.023438 0.051245
0 0.827637 0.279649 0.028320 0.055637
0 0.893066 0.330893 0.028320 0.049780
0 0.866699 0.429722 0.028320 0.057101
0 0.766113 0.438507 0.028320 0.048316
0 0.713379 0.434846 0.026367 0.052709
0 0.697754 0.500732 0.024414 0.035139
0 0.820801 0.565154 0.030273 0.058565
0 0.645508 0.584919 0.025391 0.051245
0 0.609863 0.462665 0.026367 0.040996
0 0.525391 0.425329 0.023438 0.048316
0 0.467285 0.414348 0.026367 0.055637
0 0.383301 0.420205 0.024414 0.049780
0 0.302246 0.462665 0.024414 0.049780
0 0.231445 0.454612 0.025391 0.051245
0 0.148438 0.588580 0.027344 0.049780
0 0.190918 0.629575 0.024414 0.040996
0 0.235352 0.586384 0.025391 0.051245
0 0.295898 0.586384 0.025391 0.042460
0 0.353027 0.600293 0.022461 0.038067
0 0.409180 0.565886 0.021484 0.045388
0 0.576172 0.579063 0.029297 0.051245
