0 0.109375 0.387097 0.041016 0.076246
0 0.198242 0.414223 0.041016 0.089443
0 0.265625 0.497801 0.048828 0.101173
0 0.342285 0.448680 0.045898 0.090909
0 0.384277 0.365836 0.038086 0.086510
0 0.271484 0.262463 0.039062 0.070381
0 0.423828 0.218475 0.039062 0.082111
0 0.422363 0.499267 0.045898 0.092375
0 0.487305 0.472141 0.044922 0.085044
0 0.874023 0.530059 0.044922 0.080645
0 0.737305 0.541789 0.046875 0.098240
0 0.781738 0.469208 0.038086 0.076246
0 0.650879 0.478739 0.040039 0.092375
0 0.595215 0.516862 0.043945 0.086510
0 0.663574 0.379765 0.038086 0.085044
0 0.805176 0.390762 0.040039 0.080645
0 0.783691 0.286657 0.038086 0.080645
0 0.660645 0.235337 0.038086 0.071848
0 0.550293 0.230205 0.041992 0.076246
0 0.517578 0.381965 0.041016 0.065982
