0 0.096680 0.141623 0.050781 0.110535
0 0.144043 0.164076 0.040039 0.089810
0 0.208984 0.241796 0.037109 0.093264
0 0.241211 0.205527 0.035156 0.082902
0 0.294434 0.270294 0.034180 0.081174
0 0.369629 0.218480 0.041992 0.101900
0 0.313477 0.164940 0.037109 0.077720
0 0.403809 0.128670 0.038086 0.084629
0 0.543945 0.142487 0.044922 0.094991
0 0.527344 0.197755 0.037109 0.077720
0 0.472656 0.144214 0.033203 0.081174
0 0.643555 0.136442 0.046875 0.107081
0 0.700684 0.165803 0.034180 0.079447
0 0.737793 0.161485 0.041992 0.098446
0 0.696777 0.295337 0.043945 0.107081
0 0.760254 0.316062 0.051758 0.117444
0 0.823242 0.212435 0.048828 0.113990
0 0.909668 0.184801 0.043945 0.093264
0 0.891602 0.315199 0.054688 0.122625
