0 0.079102 0.369012 0.031250 0.055389
0 0.106445 0.337575 0.023438 0.046407
0 0.156250 0.361527 0.025391 0.046407
0 0.219727 0.352545 0.021484 0.046407
0 0.242188 0.383982 0.021484 0.043413
0 0.263184 0.361527 0.020508 0.049401
0 0.298340 0.335329 0.018555 0.041916
0 0.087891 0.505988 0.029297 0.053892
0 0.188477 0.484281 0.029297 0.067365
0 0.295410 0.481287 0.026367 0.049401
0 0.313965 0.378743 0.022461 0.044910
0 0.345215 0.367515 0.018555 0.040419
0 0.379395 0.360030 0.024414 0.043413
0 0.428711 0.363024 0.019531 0.040419
0 0.464355 0.387725 0.022461 0.044910
0 0.488281 0.353293 0.021484 0.038922
0 0.528809 0.367515 0.022461 0.034431
0 0.449219 0.482036 0.025391 0.059880
0 0.374512 0.496257 0.022461 0.046407
0 0.536621 0.497754 0.024414 0.037425
0 0.607910 0.482036 0.024414 0.047904
0 0.561035 0.373503 0.024414 0.049401
0 0.607422 0.341317 0.019531 0.035928
0 0.632812 0.389970 0.023438 0.037425
0 0.665039 0.372006 0.019531 0.037425
0 0.687988 0.406437 0.022461 0.040419
0 0.725586 0.371257 0.019531 0.041916
0 0.746582 0.391467 0.020508 0.040419
0 0.795898 0.363772 0.023438 0.044910
0 0.826660 0.401198 0.026367 0.047904
0 0.774902 0.508234 0.026367 0.046407
0 0.683105 0.503743 0.024414 0.049401
0 0.845703 0.364521 0.021484 0.040419
0 0.866699 0.383982 0.026367 0.046407
0 0.903809 0.408683 0.026367 0.053892
0 0.949219 0.394461 0.027344 0.052395
0 0.862793 0.547904 0.026367 0.047904
