0 0.226074 0.608724 0.032227 0.042969
0 0.174805 0.567057 0.033203 0.048177
0 0.120117 0.588542 0.039062 0.052083
0 0.103516 0.507161 0.031250 0.045573
0 0.027344 0.503906 0.031250 0.041667
0 0.131348 0.509115 0.026367 0.041667
0 0.179688 0.490885 0.027344 0.044271
0 0.235840 0.514974 0.030273 0.050781
0 0.250488 0.489583 0.028320 0.044271
0 0.270020 0.517578 0.028320 0.042969
0 0.410156 0.558594 0.031250 0.057292
0 0.369141 0.536458 0.027344 0.041667
0 0.320801 0.522786 0.032227 0.048177
0 0.445312 0.512370 0.025391 0.037760
0 0.495605 0.548828 0.030273 0.045573
0 0.429199 0.479818 0.028320 0.037760
0 0.376953 0.481120 0.025391 0.037760
0 0.488770 0.486979 0.028320 0.041667
0 0.576172 0.545573 0.029297 0.044271
0 0.506348 0.483073 0.018555 0.033854
0 0.531738 0.506510 0.024414 0.039062
0 0.559570 0.495443 0.025391 0.032552
0 0.593750 0.518880 0.029297 0.042969
0 0.602051 0.537760 0.028320 0.039062
0 0.605957 0.497396 0.024414 0.036458
0 0.645020 0.509766 0.024414 0.040365
0 0.653809 0.478516 0.022461 0.035156
0 0.790039 0.605469 0.029297 0.041667
0 0.707031 0.594401 0.033203 0.045573
0 0.709961 0.503906 0.031250 0.046875
0 0.769043 0.537109 0.028320 0.040365
0 0.847168 0.546224 0.034180 0.050781
0 0.808105 0.520182 0.026367 0.042969
0 0.775391 0.504557 0.027344 0.042969
0 0.820312 0.486328 0.025391 0.040365
0 0.978516 0.488281 0.035156 0.049479
0 0.940430 0.465495 0.029297 0.042969
0 0.927246 0.544271 0.032227 0.046875
0 0.878418 0.502604 0.028320 0.039062
0 0.334473 0.522135 0.016602 0.033854
