0 0.975586 0.325740 0.017578 0.045558
0 0.913086 0.314351 0.015625 0.045558
0 0.879883 0.355353 0.017578 0.045558
0 0.869141 0.313212 0.015625 0.043280
0 0.829102 0.341686 0.013672 0.036446
0 0.817871 0.316629 0.012695 0.036446
0 0.831055 0.302961 0.015625 0.041002
0 0.851074 0.487472 0.018555 0.045558
0 0.860352 0.572893 0.019531 0.052392
0 0.777344 0.586560 0.019531 0.052392
0 0.777344 0.478360 0.017578 0.050114
0 0.770508 0.340547 0.013672 0.038724
0 0.800293 0.350797 0.014648 0.041002
0 0.765137 0.287016 0.014648 0.041002
0 0.720703 0.394077 0.015625 0.041002
0 0.742676 0.334852 0.014648 0.041002
0 0.714844 0.341686 0.015625 0.041002
0 0.673828 0.395216 0.015625 0.043280
0 0.673340 0.353075 0.014648 0.031891
0 0.684082 0.314351 0.012695 0.036446
0 0.720703 0.463554 0.013672 0.043280
0 0.714844 0.591116 0.017578 0.047836
0 0.677734 0.471526 0.015625 0.041002
0 0.659180 0.586560 0.017578 0.047836
0 0.635254 0.469248 0.016602 0.045558
0 0.624512 0.414579 0.014648 0.041002
0 0.634766 0.345103 0.013672 0.043280
0 0.644531 0.300683 0.013672 0.041002
0 0.657715 0.269932 0.012695 0.038724
0 0.600586 0.305239 0.013672 0.036446
0 0.593750 0.265376 0.013672 0.034169
0 0.594727 0.462415 0.017578 0.041002
0 0.578125 0.407745 0.019531 0.041002
0 0.596191 0.370159 0.012695 0.034169
0 0.590820 0.608200 0.019531 0.050114
0 0.523926 0.612756 0.014648 0.045558
0 0.541016 0.489749 0.011719 0.031891
0 0.551758 0.444191 0.013672 0.041002
0 0.530762 0.406606 0.012695 0.038724
0 0.556641 0.351936 0.013672 0.034169
0 0.558594 0.294989 0.011719 0.034169
0 0.541504 0.265376 0.014648 0.029613
0 0.497559 0.470387 0.014648 0.043280
0 0.515625 0.345103 0.013672 0.034169
0 0.517578 0.304100 0.013672 0.038724
0 0.499023 0.271071 0.013672 0.041002
0 0.473633 0.310934 0.011719 0.029613
0 0.471680 0.351936 0.015625 0.038724
0 0.477539 0.405467 0.017578 0.041002
0 0.427246 0.358770 0.014648 0.038724
0 0.427734 0.309795 0.013672 0.036446
0 0.403809 0.269932 0.014648 0.034169
0 0.388672 0.358770 0.013672 0.038724
0 0.418457 0.419134 0.016602 0.041002
0 0.404785 0.462415 0.018555 0.041002
0 0.448730 0.466970 0.016602 0.041002
0 0.367188 0.317768 0.017578 0.038724
0 0.357910 0.274487 0.014648 0.034169
0 0.344727 0.345103 0.015625 0.043280
0 0.365723 0.413440 0.016602 0.043280
0 0.354492 0.489749 0.015625 0.050114
0 0.318359 0.407745 0.017578 0.045558
0 0.320801 0.308656 0.014648 0.043280
0 0.319336 0.260820 0.013672 0.029613
0 0.297852 0.469248 0.019531 0.050114
0 0.326660 0.605923 0.018555 0.050114
0 0.388672 0.610478 0.019531 0.054670
0 0.458008 0.589977 0.019531 0.050114
0 0.293945 0.337130 0.017578 0.045558
0 0.288086 0.273349 0.015625 0.041002
0 0.270020 0.300683 0.014648 0.036446
0 0.228516 0.333713 0.015625 0.043280
0 0.242676 0.323462 0.016602 0.045558
0 0.265625 0.420273 0.017578 0.047836
0 0.248047 0.478360 0.019531 0.041002
0 0.268066 0.633257 0.018555 0.050114
0 0.195312 0.367882 0.017578 0.047836
0 0.213379 0.383827 0.016602 0.047836
0 0.177734 0.317768 0.017578 0.047836
0 0.161621 0.345103 0.018555 0.052392
0 0.133301 0.353075 0.022461 0.054670
0 0.454102 0.280182 0.013672 0.036446
0 0.094727 0.290433 0.023438 0.052392
0 0.037109 0.307517 0.021484 0.054670
0 0.406738 0.768793 0.028320 0.056948
