0 0.072754 0.334553 0.020508 0.033675
0 0.094727 0.314056 0.013672 0.027818
0 0.110840 0.284773 0.018555 0.033675
0 0.127930 0.332357 0.015625 0.032211
0 0.150391 0.294290 0.015625 0.038067
0 0.186035 0.293558 0.016602 0.033675
0 0.168945 0.270132 0.013672 0.030747
0 0.221680 0.307467 0.015625 0.029283
0 0.231934 0.265739 0.016602 0.030747
0 0.243652 0.316252 0.014648 0.023426
0 0.270020 0.295754 0.012695 0.026354
0 0.279785 0.351391 0.016602 0.035139
0 0.295410 0.316252 0.014648 0.029283
0 0.312012 0.346999 0.012695 0.032211
0 0.332520 0.385798 0.016602 0.033675
0 0.319824 0.308931 0.014648 0.026354
0 0.325684 0.275256 0.012695 0.026354
0 0.294922 0.275256 0.013672 0.032211
0 0.345703 0.258419 0.015625 0.033675
0 0.364746 0.273060 0.012695 0.030747
0 0.386719 0.308931 0.011719 0.017570
0 0.406738 0.304539 0.016602 0.026354
0 0.409668 0.341142 0.014648 0.029283
0 0.439453 0.349927 0.019531 0.035139
0 0.451660 0.302343 0.016602 0.030747
0 0.434082 0.287701 0.012695 0.024890
0 0.420410 0.269400 0.012695 0.023426
0 0.342285 0.174231 0.006836 0.011713
0 0.364746 0.163250 0.004883 0.010249
0 0.541992 0.172767 0.007812 0.011713
0 0.623535 0.173499 0.006836 0.016105
0 0.647461 0.157394 0.005859 0.010249
0 0.571289 0.251098 0.013672 0.024890
0 0.562500 0.300878 0.011719 0.030747
0 0.575684 0.330893 0.012695 0.029283
0 0.546387 0.338946 0.016602 0.030747
0 0.508789 0.338946 0.019531 0.030747
0 0.476562 0.331625 0.015625 0.030747
0 0.482422 0.299414 0.011719 0.021962
0 0.505371 0.291362 0.016602 0.032211
0 0.525879 0.295754 0.012695 0.029283
0 0.517578 0.256223 0.015625 0.026354
0 0.476074 0.273060 0.014648 0.024890
0 0.596191 0.274524 0.010742 0.024890
0 0.619629 0.286237 0.012695 0.024890
0 0.615723 0.325037 0.014648 0.029283
0 0.661133 0.319912 0.015625 0.030747
0 0.648438 0.273060 0.013672 0.024890
0 0.683105 0.295022 0.016602 0.030747
0 0.715332 0.287701 0.016602 0.021962
0 0.756348 0.275256 0.014648 0.029283
0 0.777832 0.291362 0.014648 0.032211
0 0.735352 0.363836 0.011719 0.024890
0 0.660156 0.391654 0.015625 0.027818
0 0.635254 0.423865 0.018555 0.030747
0 0.608887 0.407760 0.016602 0.030747
0 0.576172 0.408492 0.019531 0.032211
0 0.628418 0.529283 0.022461 0.039531
0 0.667969 0.464861 0.017578 0.045388
0 0.734863 0.486091 0.018555 0.035139
0 0.772949 0.478038 0.016602 0.030747
0 0.762207 0.658126 0.022461 0.042460
0 0.511230 0.430454 0.016602 0.032211
0 0.379395 0.478038 0.018555 0.036603
0 0.426270 0.478038 0.020508 0.039531
0 0.488770 0.516105 0.018555 0.039531
0 0.554199 0.524158 0.020508 0.038067
0 0.534180 0.599561 0.025391 0.045388
0 0.586426 0.624451 0.020508 0.030747
0 0.608398 0.678624 0.021484 0.039531
0 0.686035 0.678624 0.020508 0.033675
0 0.443848 0.702782 0.018555 0.038067
0 0.414062 0.614202 0.019531 0.045388
0 0.348145 0.693265 0.024414 0.042460
0 0.367188 0.531479 0.019531 0.032211
0 0.268555 0.554905 0.017578 0.040996
0 0.286621 0.533675 0.016602 0.027818
0 0.235352 0.519766 0.019531 0.043924
0 0.211426 0.550512 0.022461 0.043924
0 0.166504 0.603953 0.020508 0.045388
0 0.099121 0.540996 0.026367 0.045388
0 0.173828 0.669839 0.019531 0.033675
0 0.261719 0.663982 0.023438 0.039531
0 0.114746 0.385066 0.016602 0.032211
0 0.083496 0.391654 0.022461 0.039531
0 0.042480 0.420205 0.020508 0.040996
0 0.175293 0.366764 0.018555 0.036603
0 0.208008 0.386530 0.019531 0.032211
0 0.166016 0.341874 0.015625 0.024890
0 0.238770 0.349195 0.016602 0.030747
0 0.459473 0.445827 0.016602 0.027818
0 0.354492 0.348463 0.013672 0.029283
0 0.936523 0.396779 0.015625 0.029283
0 0.903320 0.405564 0.021484 0.035139
0 0.852051 0.445827 0.016602 0.030747
0 0.873535 0.349195 0.018555 0.039531
0 0.824219 0.322108 0.019531 0.029283
0 0.807617 0.290630 0.015625 0.030747
0 0.794922 0.347731 0.015625 0.030747
0 0.794434 0.431186 0.016602 0.033675
0 0.869141 0.622987 0.021484 0.039531
0 0.923340 0.527818 0.022461 0.045388
0 0.811523 0.642020 0.023438 0.039531
0 0.927734 0.185212 0.005859 0.013177
0 0.850098 0.188873 0.006836 0.011713
0 0.830078 0.186676 0.005859 0.013177
0 0.981445 0.185212 0.005859 0.013177
0 0.937988 0.166911 0.004883 0.011713
0 0.792480 0.195461 0.004883 0.010249
