0 0.077637 0.424581 0.030273 0.053073
0 0.195801 0.304469 0.034180 0.053073
0 0.259766 0.354050 0.027344 0.051676
0 0.270020 0.429469 0.030273 0.048883
0 0.305664 0.466480 0.029297 0.053073
0 0.343262 0.365223 0.030273 0.054469
0 0.385742 0.381983 0.029297 0.054469
0 0.406250 0.343575 0.029297 0.044693
0 0.443848 0.369413 0.034180 0.046089
0 0.476074 0.347765 0.028320 0.050279
0 0.516602 0.453911 0.029297 0.055866
0 0.535156 0.347765 0.031250 0.053073
0 0.614746 0.358939 0.028320 0.044693
0 0.616211 0.470670 0.029297 0.053073
0 0.657715 0.349860 0.032227 0.057263
0 0.707520 0.347765 0.028320 0.050279
0 0.722656 0.402933 0.027344 0.046089
0 0.796875 0.344274 0.031250 0.060056
0 0.919922 0.368017 0.037109 0.060056
0 0.556641 0.357542 0.011719 0.030726
