0 0.147461 0.682284 0.015625 0.023426
0 0.173828 0.818448 0.015625 0.023426
0 0.198242 0.691801 0.015625 0.027818
0 0.226562 0.691801 0.015625 0.024890
0 0.249023 0.812592 0.015625 0.026354
0 0.270508 0.703514 0.011719 0.021962
0 0.307129 0.813324 0.012695 0.016105
0 0.305664 0.689605 0.011719 0.020498
0 0.342773 0.691801 0.013672 0.021962
0 0.375000 0.737189 0.011719 0.021962
0 0.380371 0.679356 0.014648 0.023426
0 0.414062 0.703514 0.011719 0.021962
0 0.390625 0.811127 0.013672 0.023426
0 0.450684 0.713031 0.010742 0.017570
0 0.490723 0.713031 0.012695 0.023426
0 0.536133 0.718155 0.011719 0.021962
0 0.555664 0.713031 0.011719 0.020498
0 0.590820 0.606149 0.019531 0.032211
0 0.646973 0.735725 0.010742 0.016105
0 0.661621 0.722548 0.012695 0.021962
0 0.718262 0.696925 0.012695 0.020498
0 0.707031 0.697657 0.007812 0.013177
0 0.741211 0.694729 0.011719 0.019034
0 0.731934 0.812592 0.016602 0.023426
0 0.769043 0.672035 0.018555 0.023426
0 0.819336 0.666911 0.013672 0.027818
0 0.875488 0.658126 0.016602 0.027818
0 0.805176 0.818448 0.016602 0.026354
0 0.489746 0.603953 0.008789 0.013177
0 0.478027 0.617130 0.004883 0.007321
0 0.792969 0.408492 0.005859 0.014641
0 0.821777 0.403367 0.004883 0.013177
0 0.502930 0.391654 0.007812 0.016105
0 0.514160 0.412152 0.006836 0.013177
0 0.527344 0.390922 0.005859 0.014641
0 0.474121 0.406296 0.006836 0.013177
0 0.466309 0.424597 0.004883 0.008785
