0 0.202637 0.391715 0.038086 0.068314
0 0.211426 0.260174 0.034180 0.066860
0 0.331055 0.289244 0.035156 0.061047
0 0.317871 0.404797 0.036133 0.071221
0 0.396484 0.393169 0.039062 0.074128
0 0.433105 0.311047 0.034180 0.069767
0 0.475586 0.396802 0.033203 0.069767
0 0.537598 0.275436 0.034180 0.056686
0 0.533691 0.365552 0.034180 0.065407
0 0.646484 0.313227 0.039062 0.059593
0 0.705078 0.369913 0.035156 0.059593
0 0.796387 0.370640 0.040039 0.069767
0 0.838379 0.330669 0.038086 0.065407
0 0.880371 0.358285 0.040039 0.062500
