0 0.078125 0.347625 0.035156 0.056728
0 0.141602 0.363456 0.031250 0.051451
0 0.186523 0.390501 0.031250 0.052770
0 0.264648 0.347625 0.035156 0.059367
0 0.270508 0.497361 0.033203 0.058047
0 0.132812 0.571240 0.035156 0.065963
0 0.213867 0.687335 0.041016 0.058047
0 0.383789 0.381926 0.029297 0.048813
0 0.426758 0.346966 0.031250 0.050132
0 0.494141 0.362797 0.033203 0.055409
0 0.543457 0.348945 0.028320 0.046174
0 0.587402 0.398417 0.028320 0.055409
0 0.653320 0.372691 0.031250 0.046174
0 0.680176 0.426121 0.030273 0.050132
0 0.361816 0.515831 0.034180 0.060686
0 0.463867 0.529024 0.033203 0.050132
0 0.552734 0.518470 0.035156 0.060686
0 0.441406 0.668865 0.039062 0.068602
0 0.325684 0.680079 0.038086 0.067282
0 0.550293 0.695910 0.036133 0.067282
0 0.653809 0.693931 0.038086 0.065963
0 0.652832 0.507256 0.034180 0.059367
0 0.740234 0.369393 0.025391 0.050132
0 0.765137 0.417546 0.034180 0.040897
0 0.873047 0.401715 0.033203 0.062005
0 0.900391 0.464380 0.037109 0.065963
0 0.865723 0.680079 0.038086 0.069921
0 0.766602 0.700528 0.037109 0.068602
0 0.763672 0.557388 0.035156 0.062005
