0 0.177246 0.255859 0.036133 0.063802
0 0.260254 0.308594 0.036133 0.059896
0 0.294922 0.225260 0.029297 0.052083
0 0.242676 0.429036 0.038086 0.066406
0 0.357910 0.319661 0.043945 0.071615
0 0.362793 0.240885 0.030273 0.057292
0 0.449707 0.279297 0.034180 0.061198
0 0.499512 0.300130 0.040039 0.079427
0 0.543945 0.250000 0.027344 0.046875
0 0.604492 0.292969 0.035156 0.062500
0 0.655762 0.250000 0.026367 0.052083
0 0.647461 0.365885 0.042969 0.075521
0 0.782227 0.364583 0.037109 0.065104
0 0.733398 0.328125 0.031250 0.057292
