0 0.862305 0.707224 0.011719 0.030418
0 0.210449 0.807985 0.022461 0.068441
0 0.169922 0.822243 0.025391 0.070342
0 0.118652 0.850760 0.020508 0.055133
0 0.057129 0.867871 0.022461 0.058935
0 0.021484 0.844106 0.021484 0.049430
0 0.413574 0.479087 0.086914 0.235741
0 0.610840 0.150190 0.077148 0.231939
0 0.763184 0.402091 0.012695 0.036122
0 0.793457 0.395437 0.012695 0.034221
0 0.826660 0.410646 0.010742 0.034221
0 0.855957 0.411597 0.010742 0.028517
0 0.880371 0.410646 0.008789 0.026616
0 0.942871 0.387833 0.012695 0.034221
0 0.914551 0.401141 0.010742 0.030418
0 0.710938 0.516160 0.003906 0.017110
0 0.982910 0.397338 0.014648 0.034221
