0 0.805176 0.319495 0.045898 0.133574
0 0.757812 0.304152 0.042969 0.099278
0 0.711426 0.337545 0.047852 0.108303
0 0.649902 0.307762 0.038086 0.088448
0 0.597656 0.345668 0.041016 0.099278
0 0.558105 0.293321 0.036133 0.092058
0 0.519043 0.364621 0.041992 0.108303
0 0.461426 0.342960 0.034180 0.079422
0 0.467285 0.433213 0.032227 0.083032
0 0.390137 0.411552 0.030273 0.079422
0 0.411621 0.335740 0.032227 0.072202
0 0.337402 0.400722 0.032227 0.079422
0 0.334473 0.328520 0.030273 0.064982
0 0.241699 0.338448 0.032227 0.070397
0 0.280273 0.385379 0.029297 0.074007
0 0.217773 0.398014 0.033203 0.088448
0 0.113281 0.350181 0.031250 0.072202
