0 0.030762 0.928711 0.012695 0.037109
0 0.042969 0.802734 0.013672 0.035156
0 0.078613 0.859375 0.010742 0.035156
0 0.097168 0.789062 0.014648 0.035156
0 0.116699 0.837891 0.014648 0.039062
0 0.044434 0.372070 0.010742 0.029297
0 0.081543 0.381836 0.010742 0.025391
0 0.069824 0.440430 0.010742 0.025391
0 0.083984 0.456055 0.009766 0.025391
0 0.010742 0.585938 0.013672 0.035156
0 0.035156 0.481445 0.007812 0.021484
0 0.356445 0.979492 0.017578 0.041016
0 0.057129 0.928711 0.016602 0.037109
0 0.024414 0.513672 0.011719 0.035156
0 0.106934 0.344727 0.014648 0.044922
0 0.180176 0.291992 0.010742 0.025391
0 0.195801 0.313477 0.010742 0.029297
0 0.288086 0.538086 0.009766 0.021484
0 0.297852 0.530273 0.005859 0.017578
0 0.300781 0.554688 0.007812 0.023438
0 0.195312 0.154297 0.005859 0.023438
0 0.188477 0.175781 0.005859 0.023438
0 0.205078 0.160156 0.007812 0.027344
0 0.223145 0.141602 0.008789 0.029297
0 0.177246 0.058594 0.012695 0.031250
0 0.127930 0.133789 0.005859 0.017578
0 0.141602 0.132812 0.005859 0.019531
0 0.687012 0.578125 0.010742 0.031250
0 0.697266 0.591797 0.009766 0.027344
0 0.599609 0.528320 0.007812 0.033203
0 0.640625 0.471680 0.009766 0.021484
0 0.683594 0.871094 0.007812 0.027344
0 0.677246 0.822266 0.006836 0.019531
0 0.695801 0.853516 0.010742 0.023438
0 0.702148 0.766602 0.009766 0.025391
0 0.672852 0.705078 0.009766 0.039062
0 0.616699 0.687500 0.008789 0.027344
0 0.768066 0.925781 0.012695 0.031250
0 0.806152 0.808594 0.012695 0.035156
0 0.655273 0.934570 0.017578 0.037109
0 0.680176 0.930664 0.012695 0.033203
0 0.832031 0.758789 0.011719 0.025391
0 0.838379 0.416016 0.010742 0.031250
0 0.882324 0.353516 0.012695 0.031250
0 0.830566 0.403320 0.010742 0.025391
0 0.824219 0.392578 0.011719 0.023438
0 0.825684 0.368164 0.014648 0.033203
0 0.921387 0.879883 0.008789 0.029297
0 0.811035 0.956055 0.006836 0.017578
0 0.802246 0.924805 0.006836 0.025391
0 0.963867 0.217773 0.009766 0.021484
0 0.990723 0.254883 0.010742 0.025391
0 0.402832 0.285156 0.012695 0.031250
0 0.381348 0.129883 0.010742 0.025391
0 0.579590 0.291992 0.010742 0.025391
0 0.554688 0.763672 0.009766 0.027344
0 0.588379 0.763672 0.006836 0.023438
0 0.601562 0.768555 0.005859 0.017578
0 0.611328 0.738281 0.009766 0.027344
0 0.319336 0.150391 0.009766 0.027344
0 0.337402 0.216797 0.008789 0.023438
0 0.317871 0.456055 0.008789 0.021484
0 0.343750 0.434570 0.009766 0.029297
0 0.360840 0.470703 0.006836 0.023438
0 0.361328 0.427734 0.009766 0.027344
0 0.418945 0.411133 0.011719 0.025391
0 0.460938 0.526367 0.013672 0.033203
0 0.513184 0.544922 0.012695 0.031250
0 0.572754 0.366211 0.006836 0.021484
0 0.401855 0.497070 0.010742 0.025391
0 0.398926 0.734375 0.008789 0.035156
0 0.406250 0.715820 0.009766 0.021484
0 0.416992 0.688477 0.007812 0.025391
0 0.337891 0.541992 0.007812 0.025391
0 0.325195 0.565430 0.007812 0.013672
0 0.362305 0.575195 0.007812 0.025391
0 0.688477 0.049805 0.007812 0.025391
0 0.694336 0.022461 0.005859 0.021484
0 0.710449 0.038086 0.008789 0.021484
0 0.938965 0.827148 0.008789 0.021484
0 0.967285 0.806641 0.006836 0.023438
0 0.898926 0.714844 0.010742 0.023438
0 0.874023 0.482422 0.013672 0.023438
0 0.851562 0.222656 0.007812 0.019531
0 0.860352 0.223633 0.007812 0.017578
0 0.114258 0.416992 0.009766 0.029297
0 0.073730 0.215820 0.006836 0.017578
0 0.089355 0.177734 0.006836 0.023438
0 0.117676 0.147461 0.006836 0.021484
0 0.021484 0.148438 0.007812 0.027344
0 0.404785 0.900391 0.010742 0.027344
0 0.461914 0.561523 0.007812 0.033203
0 0.487793 0.583984 0.008789 0.023438
0 0.496094 0.598633 0.005859 0.025391
0 0.375977 0.590820 0.009766 0.021484
0 0.310547 0.151367 0.005859 0.021484
0 0.484863 0.355469 0.012695 0.027344
0 0.541016 0.254883 0.007812 0.025391
0 0.638672 0.434570 0.007812 0.025391
0 0.639648 0.597656 0.013672 0.035156
0 0.494141 0.547852 0.009766 0.029297
0 0.583008 0.484375 0.005859 0.011719
0 0.535645 0.734375 0.008789 0.023438
0 0.549316 0.693359 0.006836 0.023438
0 0.632812 0.690430 0.009766 0.021484
0 0.639160 0.778320 0.010742 0.033203
0 0.655762 0.782227 0.010742 0.029297
0 0.665039 0.775391 0.009766 0.027344
0 0.418457 0.368164 0.010742 0.025391
0 0.417969 0.368164 0.009766 0.025391
0 0.433594 0.367188 0.011719 0.023438
0 0.575195 0.493164 0.009766 0.021484
0 0.278320 0.687500 0.009766 0.027344
0 0.981934 0.639648 0.010742 0.025391
0 0.822266 0.976562 0.011719 0.027344
0 0.810059 0.405273 0.010742 0.021484
0 0.685059 0.622070 0.010742 0.029297
0 0.777832 0.830078 0.006836 0.019531
0 0.993652 0.610352 0.006836 0.017578
0 0.622070 0.558594 0.007812 0.027344
0 0.649414 0.553711 0.007812 0.025391
0 0.658691 0.606445 0.012695 0.033203
0 0.662109 0.546875 0.009766 0.031250
0 0.684082 0.668945 0.012695 0.029297
0 0.655762 0.494141 0.012695 0.031250
0 0.668457 0.501953 0.008789 0.023438
0 0.696289 0.521484 0.013672 0.031250
0 0.511230 0.656250 0.006836 0.023438
0 0.457031 0.479492 0.009766 0.029297
0 0.473633 0.462891 0.009766 0.027344
0 0.497070 0.464844 0.013672 0.035156
0 0.510254 0.463867 0.008789 0.029297
0 0.521973 0.474609 0.006836 0.019531
0 0.528809 0.534180 0.010742 0.017578
0 0.590332 0.480469 0.006836 0.019531
0 0.004395 0.788086 0.008789 0.029297
0 0.001953 0.824219 0.003906 0.019531
0 0.248047 0.772461 0.015625 0.029297
0 0.002441 0.735352 0.004883 0.025391
0 0.007324 0.525391 0.012695 0.031250
0 0.056641 0.564453 0.011719 0.035156
0 0.003906 0.440430 0.007812 0.033203
0 0.005859 0.317383 0.011719 0.033203
0 0.222168 0.377930 0.010742 0.021484
0 0.374023 0.720703 0.013672 0.027344
0 0.310547 0.671875 0.011719 0.031250
0 0.002441 0.139648 0.004883 0.037109
0 0.114746 0.213867 0.004883 0.021484
0 0.103027 0.134766 0.006836 0.019531
0 0.353516 0.420898 0.007812 0.025391
0 0.324707 0.540039 0.012695 0.025391
0 0.676758 0.447266 0.011719 0.027344
0 0.715332 0.458008 0.006836 0.021484
0 0.817871 0.872070 0.006836 0.021484
0 0.812500 0.812500 0.005859 0.027344
0 0.943359 0.858398 0.015625 0.029297
0 0.968750 0.887695 0.015625 0.037109
0 0.982910 0.843750 0.016602 0.035156
0 0.983887 0.770508 0.014648 0.029297
0 0.967773 0.772461 0.007812 0.025391
0 0.955078 0.772461 0.015625 0.029297
0 0.937988 0.787109 0.010742 0.023438
0 0.928223 0.810547 0.012695 0.035156
0 0.898438 0.832031 0.011719 0.035156
0 0.853516 0.644531 0.009766 0.023438
0 0.770020 0.861328 0.006836 0.027344
0 0.810059 0.714844 0.006836 0.023438
0 0.835449 0.633789 0.006836 0.017578
0 0.832031 0.721680 0.005859 0.017578
0 0.883301 0.711914 0.008789 0.037109
0 0.840332 0.733398 0.008789 0.029297
0 0.847656 0.724609 0.009766 0.027344
0 0.856445 0.750000 0.013672 0.031250
0 0.818359 0.750000 0.007812 0.023438
0 0.824707 0.563477 0.012695 0.029297
0 0.835449 0.563477 0.010742 0.029297
0 0.846680 0.560547 0.009766 0.023438
0 0.816895 0.517578 0.010742 0.023438
0 0.830566 0.511719 0.012695 0.031250
0 0.843750 0.500000 0.013672 0.035156
0 0.867188 0.606445 0.011719 0.025391
0 0.887695 0.579102 0.009766 0.033203
0 0.881348 0.548828 0.014648 0.031250
0 0.870605 0.553711 0.006836 0.025391
0 0.878906 0.502930 0.011719 0.029297
0 0.804688 0.503906 0.011719 0.027344
0 0.924316 0.715820 0.010742 0.029297
0 0.926270 0.753906 0.012695 0.027344
0 0.984375 0.713867 0.009766 0.029297
0 0.958984 0.636719 0.011719 0.031250
0 0.976562 0.663086 0.011719 0.029297
0 0.984863 0.659180 0.010742 0.033203
0 0.995605 0.661133 0.008789 0.029297
0 0.987793 0.609375 0.008789 0.015625
0 0.690918 0.356445 0.012695 0.029297
0 0.693848 0.331055 0.010742 0.021484
0 0.719238 0.335938 0.012695 0.023438
0 0.735840 0.314453 0.012695 0.035156
0 0.708496 0.384766 0.014648 0.031250
0 0.684082 0.119141 0.010742 0.027344
0 0.676758 0.069336 0.009766 0.025391
0 0.657227 0.050781 0.009766 0.023438
0 0.712891 0.083984 0.007812 0.023438
0 0.721680 0.041992 0.009766 0.017578
0 0.732910 0.043945 0.006836 0.017578
0 0.553711 0.190430 0.007812 0.025391
0 0.542969 0.228516 0.007812 0.023438
0 0.536133 0.269531 0.007812 0.023438
0 0.543457 0.283203 0.010742 0.023438
0 0.036133 0.029297 0.007812 0.023438
0 0.023926 0.019531 0.006836 0.023438
0 0.282715 0.222656 0.008789 0.023438
0 0.282227 0.269531 0.009766 0.031250
0 0.767578 0.022461 0.009766 0.021484
0 0.994629 0.149414 0.008789 0.025391
0 0.981445 0.079102 0.009766 0.025391
0 0.974609 0.065430 0.005859 0.025391
0 0.966309 0.093750 0.010742 0.027344
0 0.955566 0.102539 0.010742 0.025391
0 0.922363 0.011719 0.012695 0.023438
0 0.958008 0.010742 0.009766 0.021484
0 0.990723 0.012695 0.010742 0.025391
0 0.899902 0.016602 0.010742 0.025391
0 0.933105 0.058594 0.006836 0.019531
0 0.941895 0.059570 0.010742 0.025391
0 0.878906 0.148438 0.009766 0.023438
0 0.901855 0.189453 0.010742 0.023438
0 0.926758 0.187500 0.009766 0.027344
0 0.878418 0.193359 0.006836 0.023438
0 0.861816 0.195312 0.008789 0.027344
0 0.873047 0.227539 0.011719 0.025391
0 0.880859 0.226562 0.007812 0.027344
0 0.889648 0.244141 0.009766 0.023438
0 0.913574 0.251953 0.008789 0.023438
0 0.904297 0.273438 0.009766 0.027344
0 0.891113 0.274414 0.012695 0.025391
0 0.849609 0.246094 0.005859 0.019531
0 0.858398 0.259766 0.009766 0.023438
0 0.936523 0.241211 0.003906 0.013672
0 0.958008 0.279297 0.011719 0.023438
0 0.901367 0.317383 0.011719 0.025391
0 0.858398 0.283203 0.007812 0.023438
0 0.887695 0.192383 0.005859 0.017578
0 0.890137 0.362305 0.012695 0.029297
0 0.891602 0.519531 0.009766 0.023438
0 0.792480 0.446289 0.008789 0.025391
0 0.800293 0.459961 0.010742 0.025391
0 0.847656 0.371094 0.009766 0.027344
0 0.787109 0.411133 0.007812 0.017578
0 0.771484 0.350586 0.005859 0.017578
0 0.777344 0.374023 0.005859 0.021484
0 0.795898 0.396484 0.005859 0.019531
0 0.821777 0.420898 0.008789 0.021484
0 0.828125 0.452148 0.009766 0.021484
0 0.185059 0.977539 0.014648 0.025391
0 0.174316 0.942383 0.014648 0.029297
0 0.228516 0.952148 0.015625 0.029297
0 0.244141 0.944336 0.009766 0.021484
0 0.256836 0.953125 0.007812 0.019531
0 0.320312 0.958984 0.013672 0.027344
0 0.289551 0.890625 0.016602 0.035156
0 0.233887 0.846680 0.014648 0.041016
0 0.267578 0.852539 0.013672 0.033203
0 0.356445 0.883789 0.009766 0.033203
0 0.381836 0.902344 0.015625 0.031250
0 0.340332 0.783203 0.014648 0.035156
0 0.150879 0.758789 0.014648 0.037109
0 0.195801 0.747070 0.016602 0.041016
0 0.019043 0.610352 0.010742 0.033203
0 0.040039 0.636719 0.011719 0.031250
0 0.058105 0.633789 0.014648 0.033203
0 0.125000 0.602539 0.013672 0.033203
0 0.096191 0.544922 0.014648 0.039062
0 0.385254 0.751953 0.014648 0.039062
0 0.324707 0.695312 0.014648 0.039062
0 0.340820 0.678711 0.011719 0.033203
0 0.282715 0.606445 0.010742 0.029297
0 0.317871 0.618164 0.012695 0.029297
0 0.327637 0.599609 0.014648 0.035156
0 0.400391 0.884766 0.007812 0.027344
0 0.448242 0.881836 0.015625 0.033203
0 0.429688 0.830078 0.013672 0.031250
0 0.017578 0.106445 0.005859 0.021484
0 0.110352 0.113281 0.011719 0.027344
0 0.151367 0.114258 0.011719 0.029297
0 0.166992 0.126953 0.009766 0.027344
0 0.198730 0.123047 0.012695 0.031250
0 0.181152 0.165039 0.012695 0.029297
0 0.181152 0.215820 0.014648 0.033203
0 0.066895 0.235352 0.010742 0.033203
0 0.229004 0.266602 0.010742 0.033203
0 0.033203 0.416016 0.015625 0.035156
0 0.046387 0.457031 0.014648 0.031250
0 0.238770 0.379883 0.014648 0.029297
0 0.240723 0.316406 0.010742 0.023438
0 0.173828 0.308594 0.011719 0.027344
0 0.146973 0.211914 0.010742 0.025391
0 0.127441 0.181641 0.014648 0.019531
0 0.221680 0.173828 0.011719 0.023438
0 0.195801 0.239258 0.010742 0.025391
0 0.182617 0.129883 0.011719 0.025391
0 0.382812 0.666992 0.007812 0.025391
0 0.434570 0.683594 0.013672 0.031250
0 0.437012 0.742188 0.014648 0.027344
0 0.486816 0.894531 0.014648 0.039062
0 0.527832 0.889648 0.014648 0.037109
0 0.553711 0.970703 0.015625 0.031250
0 0.571777 0.876953 0.014648 0.039062
0 0.574219 0.821289 0.013672 0.041016
0 0.541992 0.816406 0.015625 0.035156
0 0.523926 0.776367 0.010742 0.033203
0 0.511230 0.765625 0.014648 0.035156
0 0.463867 0.790039 0.015625 0.029297
0 0.470703 0.833984 0.013672 0.039062
0 0.582520 0.769531 0.010742 0.035156
0 0.568359 0.732422 0.011719 0.027344
0 0.538574 0.695312 0.010742 0.027344
0 0.501465 0.651367 0.014648 0.037109
0 0.483398 0.708984 0.007812 0.035156
0 0.469727 0.635742 0.013672 0.029297
0 0.484863 0.615234 0.012695 0.031250
0 0.449707 0.620117 0.014648 0.033203
0 0.414551 0.599609 0.014648 0.039062
0 0.359375 0.543945 0.009766 0.029297
0 0.375000 0.494141 0.011719 0.027344
0 0.317871 0.383789 0.010742 0.029297
0 0.355957 0.378906 0.012695 0.031250
0 0.400391 0.386719 0.013672 0.031250
0 0.371582 0.417969 0.012695 0.027344
0 0.394531 0.480469 0.011719 0.027344
0 0.440918 0.542969 0.014648 0.031250
0 0.423340 0.544922 0.010742 0.023438
0 0.508301 0.593750 0.014648 0.035156
0 0.545410 0.580078 0.008789 0.035156
0 0.468262 0.482422 0.010742 0.031250
0 0.497070 0.426758 0.013672 0.033203
0 0.438965 0.388672 0.016602 0.039062
0 0.426270 0.462891 0.008789 0.023438
0 0.472168 0.567383 0.006836 0.021484
0 0.566895 0.565430 0.012695 0.029297
0 0.559082 0.505859 0.010742 0.035156
0 0.565430 0.476562 0.011719 0.027344
0 0.552246 0.433594 0.008789 0.031250
0 0.532227 0.389648 0.009766 0.033203
0 0.480469 0.387695 0.011719 0.029297
0 0.527832 0.560547 0.010742 0.027344
0 0.252441 0.014648 0.010742 0.021484
0 0.292969 0.041992 0.011719 0.025391
0 0.328613 0.031250 0.012695 0.027344
0 0.376465 0.030273 0.006836 0.021484
0 0.271484 0.085938 0.009766 0.027344
0 0.287109 0.140625 0.009766 0.023438
0 0.328613 0.097656 0.006836 0.023438
0 0.365723 0.094727 0.012695 0.029297
0 0.262207 0.190430 0.012695 0.029297
0 0.265137 0.150391 0.006836 0.019531
0 0.271484 0.157227 0.007812 0.021484
0 0.255859 0.138672 0.007812 0.023438
0 0.296875 0.221680 0.009766 0.029297
0 0.315430 0.228516 0.009766 0.027344
0 0.318359 0.187500 0.011719 0.023438
0 0.305176 0.195312 0.008789 0.023438
0 0.303223 0.305664 0.012695 0.033203
0 0.330566 0.330078 0.012695 0.035156
0 0.329102 0.299805 0.009766 0.021484
0 0.349609 0.216797 0.011719 0.027344
0 0.365234 0.175781 0.011719 0.031250
0 0.388184 0.156250 0.008789 0.023438
0 0.397461 0.214844 0.007812 0.023438
0 0.386230 0.189453 0.008789 0.023438
0 0.389160 0.207031 0.006836 0.023438
0 0.392090 0.291016 0.012695 0.027344
0 0.394043 0.322266 0.012695 0.035156
0 0.422852 0.286133 0.011719 0.033203
0 0.430664 0.323242 0.011719 0.033203
0 0.436523 0.300781 0.009766 0.031250
0 0.460938 0.327148 0.013672 0.033203
0 0.460449 0.291992 0.012695 0.029297
0 0.502441 0.338867 0.012695 0.029297
0 0.539551 0.325195 0.012695 0.033203
0 0.528320 0.279297 0.011719 0.031250
0 0.666016 0.302734 0.011719 0.023438
0 0.679199 0.391602 0.012695 0.033203
0 0.591309 0.962891 0.014648 0.039062
0 0.610840 0.963867 0.010742 0.033203
0 0.610840 0.774414 0.012695 0.033203
0 0.596680 0.747070 0.009766 0.025391
0 0.629883 0.750977 0.011719 0.033203
0 0.634277 0.718750 0.010742 0.027344
0 0.656250 0.722656 0.011719 0.031250
0 0.698730 0.880859 0.008789 0.035156
0 0.753418 0.884766 0.008789 0.031250
0 0.712891 0.818359 0.013672 0.035156
0 0.613770 0.714844 0.008789 0.023438
0 0.505859 0.837891 0.015625 0.031250
0 0.651367 0.649414 0.007812 0.025391
0 0.658203 0.652344 0.013672 0.031250
0 0.603516 0.636719 0.007812 0.031250
0 0.589844 0.586914 0.011719 0.033203
0 0.604492 0.590820 0.009766 0.029297
0 0.925293 0.348633 0.026367 0.052734
0 0.728516 0.075195 0.013672 0.033203
