0 0.198730 0.335643 0.059570 0.066205
0 0.230957 0.208237 0.057617 0.059276
0 0.370605 0.162048 0.049805 0.051578
0 0.334961 0.307159 0.060547 0.049269
0 0.370117 0.369130 0.064453 0.062356
0 0.536133 0.340262 0.060547 0.069284
0 0.731934 0.356043 0.069336 0.070054
0 0.688477 0.273672 0.058594 0.059276
0 0.608887 0.239415 0.055664 0.064665
0 0.466309 0.242494 0.053711 0.053888
0 0.504883 0.290608 0.058594 0.066975
0 0.572754 0.198614 0.055664 0.053888
0 0.703613 0.200924 0.055664 0.053888
0 0.834473 0.237105 0.063477 0.064665
