0 0.972168 0.222953 0.055664 0.095029
0 0.914551 0.178363 0.043945 0.073099
0 0.864258 0.147661 0.025391 0.046784
0 0.839355 0.133041 0.020508 0.038012
0 0.782715 0.142544 0.041992 0.059942
0 0.747070 0.144006 0.035156 0.077485
0 0.896973 0.144737 0.043945 0.081871
0 0.620605 0.126462 0.051758 0.106725
0 0.442383 0.233918 0.136719 0.210526
0 0.284668 0.093567 0.071289 0.163743
0 0.030273 0.040936 0.060547 0.081871
0 0.148438 0.021199 0.035156 0.042398
0 0.529785 0.250000 0.071289 0.154971
0 0.504395 0.060673 0.051758 0.100877
0 0.939453 0.150585 0.029297 0.061404
0 0.185059 0.016813 0.057617 0.033626
