0 0.812012 0.104106 0.012695 0.026393
0 0.777832 0.131232 0.014648 0.027859
0 0.716309 0.229472 0.012695 0.021994
0 0.667969 0.336510 0.011719 0.024927
0 0.648438 0.300587 0.011719 0.023460
0 0.618652 0.287390 0.012695 0.026393
0 0.570801 0.283724 0.014648 0.027859
0 0.564941 0.350440 0.014648 0.026393
0 0.522949 0.308651 0.012695 0.024927
0 0.500977 0.365103 0.011719 0.026393
0 0.434082 0.431085 0.014648 0.026393
0 0.409668 0.465543 0.014648 0.024927
0 0.353027 0.549853 0.012695 0.023460
0 0.312012 0.552786 0.016602 0.032258
