0 0.133789 0.411420 0.035156 0.058565
0 0.200684 0.424597 0.032227 0.049780
0 0.259766 0.384334 0.033203 0.057101
0 0.312012 0.420937 0.034180 0.071742
0 0.356445 0.365300 0.031250 0.060029
0 0.383301 0.442167 0.030273 0.055637
0 0.442871 0.420205 0.028320 0.049780
0 0.510742 0.383602 0.035156 0.064422
0 0.601074 0.424597 0.028320 0.052709
0 0.655273 0.387994 0.033203 0.055637
0 0.669434 0.475842 0.030273 0.043924
0 0.746094 0.450220 0.027344 0.060029
0 0.794922 0.382138 0.029297 0.052709
0 0.857910 0.415081 0.030273 0.057101
0 0.816895 0.476574 0.030273 0.057101
0 0.599609 0.591508 0.033203 0.049780
0 0.571777 0.636896 0.028320 0.043924
0 0.467773 0.569546 0.035156 0.064422
0 0.444824 0.640556 0.028320 0.045388
