0 0.199219 0.776486 0.007812 0.015504
0 0.204102 0.761628 0.007812 0.011628
0 0.215332 0.764858 0.006836 0.012920
0 0.242188 0.766796 0.015625 0.032300
0 0.391113 0.064599 0.006836 0.010336
0 0.421875 0.067829 0.005859 0.011628
0 0.426758 0.058140 0.003906 0.007752
0 0.460938 0.075581 0.013672 0.024548
0 0.490234 0.072351 0.013672 0.023256
0 0.501953 0.073643 0.011719 0.020672
0 0.514160 0.074289 0.010742 0.024548
0 0.267090 0.125969 0.008789 0.014212
0 0.275879 0.127907 0.006836 0.012920
0 0.287109 0.132429 0.007812 0.011628
0 0.358887 0.133075 0.024414 0.036176
0 0.393555 0.121447 0.017578 0.031008
0 0.507324 0.139535 0.010742 0.018088
0 0.273438 0.172481 0.013672 0.021964
0 0.316406 0.163437 0.009766 0.016796
0 0.343262 0.173127 0.008789 0.018088
0 0.353027 0.170543 0.010742 0.018088
0 0.415527 0.176357 0.010742 0.021964
0 0.465332 0.167959 0.014648 0.023256
0 0.491211 0.165375 0.017578 0.041344
0 0.509766 0.172481 0.017578 0.034884
0 0.270020 0.218346 0.010742 0.018088
0 0.284668 0.218346 0.008789 0.015504
0 0.318848 0.228682 0.024414 0.036176
0 0.388672 0.231266 0.025391 0.038760
0 0.421875 0.216408 0.007812 0.014212
0 0.197754 0.063953 0.004883 0.006460
0 0.233398 0.069767 0.005859 0.010336
0 0.241211 0.072351 0.005859 0.010336
0 0.249512 0.067829 0.006836 0.009044
0 0.021973 0.121447 0.012695 0.020672
0 0.056152 0.121447 0.010742 0.023256
0 0.091797 0.124031 0.013672 0.020672
0 0.129883 0.132429 0.019531 0.034884
0 0.157227 0.126615 0.015625 0.028424
0 0.203613 0.113695 0.004883 0.010336
0 0.232422 0.122739 0.019531 0.038760
0 0.065918 0.171189 0.014648 0.029716
0 0.080566 0.173127 0.004883 0.010336
0 0.093750 0.173773 0.005859 0.011628
0 0.104492 0.173127 0.005859 0.010336
0 0.131836 0.164083 0.007812 0.012920
0 0.162598 0.177003 0.004883 0.007752
0 0.196777 0.169251 0.006836 0.012920
0 0.182129 0.177003 0.004883 0.012920
0 0.215820 0.166667 0.007812 0.015504
0 0.084473 0.219638 0.008789 0.018088
0 0.096191 0.225452 0.012695 0.024548
0 0.126953 0.218346 0.007812 0.012920
0 0.202637 0.216408 0.006836 0.011628
0 0.234863 0.216408 0.008789 0.014212
0 0.023438 0.231266 0.005859 0.012920
0 0.053711 0.224806 0.003906 0.007752
0 0.059082 0.224160 0.002930 0.006460
0 0.172852 0.232558 0.005859 0.010336
0 0.472168 0.815891 0.012695 0.021964
0 0.496094 0.819121 0.013672 0.025840
0 0.274902 0.863049 0.006836 0.012920
0 0.306641 0.861757 0.005859 0.010336
0 0.314941 0.852067 0.004883 0.006460
0 0.320312 0.868863 0.005859 0.011628
0 0.312012 0.864987 0.004883 0.009044
0 0.340820 0.874031 0.013672 0.037468
0 0.677246 0.217054 0.018555 0.028424
0 0.700195 0.228036 0.011719 0.027132
0 0.727539 0.208656 0.007812 0.011628
0 0.764160 0.215762 0.018555 0.025840
0 0.751953 0.239664 0.015625 0.021964
0 0.540039 0.266796 0.007812 0.011628
0 0.567383 0.271318 0.013672 0.031008
0 0.577637 0.274548 0.012695 0.024548
0 0.603516 0.279716 0.009766 0.016796
0 0.613281 0.270026 0.009766 0.020672
0 0.684082 0.268088 0.012695 0.027132
0 0.714844 0.261628 0.003906 0.006460
0 0.721191 0.262920 0.004883 0.006460
0 0.727539 0.259690 0.003906 0.007752
0 0.753906 0.276486 0.015625 0.033592
0 0.553711 0.332041 0.044922 0.082687
0 0.576660 0.316537 0.004883 0.007752
0 0.609863 0.321059 0.020508 0.037468
0 0.633789 0.315891 0.007812 0.014212
0 0.644043 0.310724 0.010742 0.016796
0 0.691406 0.327519 0.021484 0.037468
0 0.720215 0.308786 0.004883 0.007752
0 0.754883 0.316537 0.013672 0.025840
0 0.541016 0.365633 0.009766 0.015504
0 0.581055 0.368217 0.015625 0.033592
0 0.600098 0.361757 0.004883 0.007752
0 0.637207 0.370801 0.014648 0.028424
0 0.652344 0.368217 0.015625 0.025840
0 0.686523 0.363695 0.011719 0.016796
0 0.716309 0.378553 0.006836 0.010336
0 0.726562 0.378553 0.005859 0.010336
0 0.750488 0.374677 0.018555 0.038760
0 0.769043 0.369509 0.016602 0.038760
0 0.568848 0.421189 0.014648 0.028424
0 0.612793 0.407623 0.006836 0.011628
0 0.686523 0.423127 0.025391 0.045220
0 0.759277 0.436047 0.024414 0.042636
0 0.573730 0.474160 0.014648 0.025840
0 0.606934 0.459302 0.010742 0.016796
0 0.643066 0.465116 0.010742 0.020672
0 0.654785 0.466408 0.010742 0.020672
0 0.683594 0.459948 0.011719 0.020672
0 0.724121 0.467700 0.014648 0.023256
0 0.615723 0.520026 0.022461 0.034884
0 0.645996 0.514212 0.004883 0.007752
0 0.679688 0.511628 0.007812 0.015504
0 0.687012 0.515504 0.006836 0.012920
0 0.694336 0.510336 0.007812 0.012920
0 0.717285 0.518088 0.014648 0.023256
0 0.753418 0.535530 0.020508 0.037468
0 0.567871 0.568475 0.012695 0.025840
0 0.579102 0.572997 0.011719 0.021964
0 0.590332 0.571059 0.008789 0.020672
0 0.608887 0.564599 0.012695 0.023256
0 0.649414 0.570413 0.007812 0.011628
0 0.685547 0.569767 0.009766 0.015504
0 0.719238 0.556848 0.004883 0.007752
0 0.757812 0.572997 0.015625 0.027132
0 0.569336 0.614987 0.007812 0.015504
0 0.579102 0.620801 0.007812 0.014212
0 0.601074 0.607881 0.006836 0.009044
0 0.608887 0.612403 0.008789 0.015504
0 0.658203 0.615633 0.015625 0.029716
0 0.684082 0.611757 0.010742 0.019380
0 0.720703 0.613695 0.003906 0.007752
0 0.748047 0.607235 0.005859 0.010336
0 0.755859 0.608527 0.005859 0.010336
0 0.764160 0.606589 0.006836 0.009044
0 0.771484 0.608527 0.005859 0.010336
0 0.568359 0.678295 0.013672 0.025840
0 0.579102 0.669897 0.013672 0.024548
0 0.604492 0.672481 0.015625 0.021964
0 0.637695 0.658269 0.005859 0.009044
0 0.648438 0.667313 0.007812 0.011628
0 0.677246 0.675711 0.006836 0.012920
0 0.689941 0.668605 0.006836 0.011628
0 0.570801 0.725452 0.016602 0.032300
0 0.600586 0.722222 0.011719 0.018088
0 0.612305 0.719638 0.013672 0.023256
0 0.639648 0.717700 0.009766 0.016796
0 0.645996 0.729328 0.010742 0.016796
0 0.725586 0.716408 0.011719 0.024548
0 0.753906 0.720284 0.009766 0.019380
0 0.581543 0.767442 0.004883 0.007752
0 0.602051 0.766150 0.014648 0.031008
0 0.617676 0.766150 0.014648 0.028424
0 0.645508 0.775840 0.021484 0.034884
0 0.681152 0.773256 0.008789 0.016796
0 0.690430 0.771964 0.009766 0.016796
0 0.712891 0.770026 0.015625 0.028424
0 0.542969 0.808786 0.005859 0.010336
0 0.575684 0.818475 0.014648 0.024548
0 0.602051 0.822351 0.012695 0.027132
0 0.615234 0.813953 0.013672 0.025840
0 0.639160 0.813953 0.008789 0.015504
0 0.650391 0.808786 0.009766 0.015504
0 0.688477 0.828165 0.027344 0.033592
0 0.708496 0.824935 0.012695 0.027132
0 0.822754 0.031654 0.014648 0.024548
0 0.843750 0.020672 0.013672 0.025840
0 0.865234 0.027778 0.009766 0.019380
0 0.879883 0.014212 0.011719 0.018088
0 0.946289 0.023902 0.017578 0.029716
0 0.990723 0.020672 0.006836 0.010336
0 0.968750 0.016796 0.005859 0.010336
0 0.835938 0.079457 0.017578 0.034884
0 0.866699 0.068475 0.004883 0.007752
0 0.904297 0.069121 0.013672 0.021964
0 0.936035 0.070413 0.008789 0.016796
0 0.948242 0.074935 0.013672 0.025840
0 0.793457 0.133075 0.022461 0.028424
0 0.901367 0.113049 0.007812 0.014212
0 0.939941 0.120155 0.004883 0.010336
0 0.945801 0.119509 0.004883 0.009044
0 0.970703 0.109173 0.005859 0.009044
0 0.981934 0.111111 0.004883 0.010336
0 0.989746 0.107881 0.004883 0.009044
0 0.792480 0.178941 0.012695 0.027132
0 0.806152 0.186693 0.010742 0.019380
0 0.832031 0.174419 0.019531 0.038760
0 0.932617 0.164729 0.009766 0.016796
0 0.833984 0.228036 0.019531 0.037468
0 0.870117 0.226098 0.003906 0.007752
0 0.874512 0.217700 0.004883 0.006460
0 0.954102 0.219638 0.007812 0.010336
0 0.981934 0.217054 0.010742 0.018088
0 0.785156 0.259690 0.005859 0.010336
0 0.798340 0.265504 0.006836 0.011628
0 0.802734 0.256460 0.005859 0.009044
0 0.833984 0.270026 0.015625 0.025840
0 0.869629 0.266796 0.008789 0.014212
0 0.875977 0.264858 0.009766 0.015504
0 0.905762 0.268734 0.008789 0.015504
0 0.936523 0.271318 0.007812 0.012920
0 0.947754 0.286822 0.008789 0.010336
0 0.786133 0.320413 0.011719 0.023256
0 0.827148 0.324289 0.009766 0.020672
0 0.837402 0.320413 0.010742 0.018088
0 0.901367 0.322997 0.005859 0.010336
0 0.907715 0.315891 0.008789 0.011628
0 0.943359 0.315245 0.011719 0.018088
0 0.792480 0.379845 0.008789 0.015504
0 0.800293 0.370155 0.010742 0.016796
0 0.833984 0.363049 0.009766 0.015504
0 0.871094 0.374031 0.017578 0.029716
0 0.907227 0.374677 0.019531 0.033592
0 0.939941 0.371447 0.008789 0.016796
0 0.953125 0.366925 0.007812 0.012920
0 0.827148 0.419897 0.013672 0.023256
0 0.870117 0.420543 0.013672 0.024548
0 0.901367 0.427003 0.007812 0.014212
0 0.914062 0.418605 0.007812 0.015504
0 0.964844 0.412145 0.007812 0.018088
0 0.790527 0.463824 0.004883 0.012920
0 0.796387 0.467700 0.006836 0.007752
0 0.822266 0.467700 0.013672 0.020672
0 0.869629 0.467700 0.014648 0.025840
0 0.882812 0.464470 0.011719 0.021964
0 0.897461 0.462532 0.007812 0.015504
0 0.948242 0.471576 0.005859 0.010336
0 0.822754 0.512920 0.008789 0.012920
0 0.837891 0.516796 0.007812 0.015504
0 0.873047 0.529070 0.005859 0.011628
0 0.898438 0.522610 0.009766 0.014212
0 0.955078 0.519380 0.009766 0.018088
0 0.972656 0.512920 0.009766 0.012920
0 0.990234 0.515504 0.009766 0.015504
0 0.792969 0.569767 0.039062 0.064599
0 0.826172 0.562016 0.007812 0.012920
0 0.835938 0.559432 0.009766 0.015504
0 0.858887 0.565245 0.008789 0.011628
0 0.869629 0.562016 0.008789 0.012920
0 0.880859 0.563307 0.009766 0.012920
0 0.899414 0.570413 0.009766 0.016796
0 0.916992 0.561370 0.011719 0.021964
0 0.930664 0.574289 0.011719 0.024548
0 0.955078 0.574935 0.013672 0.025840
0 0.978027 0.571059 0.014648 0.023256
0 0.984375 0.580749 0.013672 0.021964
0 0.793945 0.610465 0.007812 0.014212
0 0.833984 0.628553 0.025391 0.045220
0 0.872070 0.626615 0.019531 0.036176
0 0.943359 0.627261 0.021484 0.042636
0 0.989258 0.616279 0.015625 0.031008
0 0.789062 0.666667 0.009766 0.020672
0 0.831055 0.664083 0.015625 0.025840
0 0.894531 0.673773 0.013672 0.032300
0 0.914062 0.670543 0.015625 0.028424
0 0.943848 0.666021 0.008789 0.014212
0 0.861328 0.768088 0.013672 0.024548
0 0.911621 0.766796 0.006836 0.011628
0 0.934082 0.761628 0.016602 0.024548
0 0.951660 0.779716 0.014648 0.027132
0 0.979004 0.775194 0.016602 0.025840
0 0.788574 0.819121 0.006836 0.012920
0 0.795410 0.809432 0.006836 0.014212
0 0.913086 0.817183 0.017578 0.034884
0 0.938965 0.819121 0.018555 0.033592
0 0.970215 0.822997 0.018555 0.028424
0 0.789551 0.863049 0.018555 0.028424
0 0.818848 0.864341 0.012695 0.025840
0 0.833496 0.864987 0.014648 0.021964
0 0.859375 0.873385 0.017578 0.031008
0 0.878418 0.864987 0.016602 0.032300
0 0.900391 0.870801 0.007812 0.010336
0 0.943359 0.864987 0.005859 0.009044
0 0.974609 0.866279 0.013672 0.027132
0 0.985840 0.864987 0.012695 0.027132
0 0.832031 0.912791 0.013672 0.024548
0 0.865723 0.919251 0.010742 0.024548
0 0.878418 0.916021 0.012695 0.023256
0 0.903320 0.914729 0.025391 0.043928
0 0.929199 0.905685 0.012695 0.023256
0 0.947754 0.918605 0.014648 0.023256
0 0.825684 0.961240 0.006836 0.012920
0 0.838379 0.961886 0.008789 0.014212
0 0.864258 0.958010 0.007812 0.014212
0 0.872559 0.958010 0.010742 0.016796
0 0.906738 0.965762 0.016602 0.029716
0 0.944336 0.975452 0.023438 0.028424
0 0.979004 0.968346 0.012695 0.019380
0 0.748535 0.959948 0.002930 0.005168
0 0.310059 0.472868 0.010742 0.018088
0 0.320801 0.477390 0.010742 0.019380
0 0.346191 0.473514 0.004883 0.009044
0 0.355469 0.470284 0.005859 0.010336
0 0.390137 0.479328 0.024414 0.043928
0 0.420898 0.467700 0.013672 0.025840
0 0.433594 0.473514 0.013672 0.024548
0 0.466797 0.466408 0.007812 0.015504
0 0.501465 0.467054 0.020508 0.027132
0 0.277832 0.518734 0.012695 0.024548
0 0.302734 0.535530 0.007812 0.011628
0 0.311035 0.508398 0.008789 0.009044
0 0.343262 0.526486 0.018555 0.027132
0 0.361328 0.520672 0.017578 0.033592
0 0.389648 0.508398 0.003906 0.006460
0 0.379883 0.512274 0.003906 0.006460
0 0.435547 0.510982 0.011719 0.019380
0 0.459473 0.514858 0.012695 0.021964
0 0.471191 0.522610 0.012695 0.016796
0 0.502441 0.518088 0.010742 0.018088
0 0.312500 0.578811 0.017578 0.031008
0 0.351562 0.563307 0.005859 0.010336
0 0.381348 0.569767 0.004883 0.010336
0 0.387695 0.565891 0.005859 0.007752
0 0.394531 0.571059 0.005859 0.010336
0 0.426758 0.587855 0.035156 0.046512
0 0.455078 0.556848 0.003906 0.007752
0 0.496582 0.554264 0.008789 0.015504
0 0.272949 0.618863 0.008789 0.012920
0 0.317871 0.624031 0.008789 0.012920
0 0.346680 0.620801 0.007812 0.014212
0 0.353027 0.610465 0.006836 0.011628
0 0.389648 0.619509 0.015625 0.032300
0 0.024414 0.260336 0.003906 0.009044
0 0.015625 0.279070 0.005859 0.012920
0 0.055664 0.277132 0.011719 0.021964
0 0.085938 0.266796 0.015625 0.027132
0 0.119141 0.266796 0.005859 0.014212
0 0.125977 0.267442 0.005859 0.012920
0 0.131836 0.277778 0.007812 0.010336
0 0.138672 0.276486 0.007812 0.012920
0 0.171875 0.266796 0.005859 0.011628
0 0.152344 0.266150 0.005859 0.015504
0 0.199219 0.264858 0.005859 0.015504
0 0.204590 0.265504 0.006836 0.016796
0 0.233398 0.281654 0.021484 0.046512
0 0.015625 0.310078 0.007812 0.012920
0 0.029297 0.310724 0.009766 0.016796
0 0.091797 0.319121 0.007812 0.015504
0 0.098145 0.315245 0.008789 0.012920
0 0.120117 0.313307 0.007812 0.014212
0 0.138184 0.320413 0.008789 0.015504
0 0.177246 0.327519 0.018555 0.037468
0 0.192871 0.316537 0.012695 0.025840
0 0.238770 0.322351 0.016602 0.032300
0 0.013184 0.575581 0.014648 0.029716
0 0.085449 0.572351 0.008789 0.010336
0 0.099121 0.560724 0.010742 0.015504
0 0.130371 0.569121 0.032227 0.037468
0 0.196289 0.558786 0.009766 0.019380
0 0.208008 0.556848 0.011719 0.015504
0 0.235840 0.563307 0.006836 0.010336
0 0.243164 0.563953 0.007812 0.011628
0 0.028320 0.619509 0.015625 0.027132
0 0.043945 0.619509 0.005859 0.011628
0 0.052246 0.612403 0.006836 0.010336
0 0.091797 0.627261 0.023438 0.042636
0 0.121582 0.628553 0.014648 0.029716
0 0.138184 0.618863 0.014648 0.031008
0 0.158203 0.625969 0.013672 0.027132
0 0.172363 0.628553 0.012695 0.024548
0 0.231445 0.610465 0.005859 0.009044
0 0.239746 0.605297 0.006836 0.009044
0 0.252930 0.611757 0.007812 0.011628
0 0.008301 0.670543 0.012695 0.028424
0 0.024902 0.676357 0.014648 0.027132
0 0.054688 0.661499 0.007812 0.012920
0 0.089844 0.665375 0.011719 0.018088
0 0.130859 0.655039 0.005859 0.010336
0 0.134766 0.667959 0.007812 0.012920
0 0.166504 0.662791 0.006836 0.010336
0 0.175293 0.658269 0.008789 0.011628
0 0.194824 0.669251 0.004883 0.007752
0 0.235352 0.656977 0.005859 0.011628
0 0.241699 0.658269 0.006836 0.011628
0 0.007812 0.728682 0.007812 0.015504
0 0.992188 0.319121 0.003906 0.005168
0 0.982910 0.356589 0.004883 0.007752
0 0.418945 0.031008 0.019531 0.025840
0 0.456055 0.017442 0.005859 0.011628
0 0.463379 0.015504 0.008789 0.012920
0 0.492676 0.016150 0.012695 0.024548
0 0.507812 0.020672 0.013672 0.025840
0 0.280762 0.078811 0.024414 0.036176
0 0.324707 0.070413 0.006836 0.009044
0 0.302246 0.077519 0.004883 0.010336
0 0.348633 0.076873 0.017578 0.032300
0 0.384277 0.067183 0.004883 0.010336
0 0.165039 0.523256 0.015625 0.028424
0 0.228027 0.525840 0.010742 0.023256
0 0.238770 0.526486 0.010742 0.021964
0 0.025879 0.712532 0.010742 0.019380
0 0.049805 0.718346 0.009766 0.012920
0 0.063477 0.713178 0.009766 0.010336
0 0.089355 0.726098 0.012695 0.023256
0 0.101562 0.718346 0.015625 0.020672
0 0.117188 0.724160 0.005859 0.009044
0 0.133301 0.724160 0.010742 0.019380
0 0.159180 0.718992 0.011719 0.021964
0 0.170898 0.718992 0.011719 0.021964
0 0.210449 0.720930 0.006836 0.015504
0 0.235840 0.715116 0.004883 0.009044
0 0.042480 0.760336 0.010742 0.021964
0 0.058105 0.761628 0.014648 0.021964
0 0.090820 0.762274 0.007812 0.012920
0 0.131348 0.766150 0.010742 0.015504
0 0.168457 0.754522 0.004883 0.007752
0 0.432617 0.217054 0.009766 0.015504
0 0.455078 0.227390 0.009766 0.023256
0 0.465332 0.218992 0.014648 0.024548
0 0.496094 0.206718 0.011719 0.015504
0 0.527344 0.227390 0.013672 0.028424
0 0.541992 0.224160 0.013672 0.029716
0 0.282715 0.270672 0.012695 0.016796
0 0.312012 0.281654 0.026367 0.036176
0 0.349121 0.276486 0.022461 0.033592
0 0.378906 0.266796 0.009766 0.019380
0 0.388184 0.265504 0.008789 0.016796
0 0.397461 0.263566 0.009766 0.018088
0 0.426758 0.265504 0.013672 0.024548
0 0.452637 0.260982 0.008789 0.015504
0 0.460449 0.264212 0.010742 0.016796
0 0.490234 0.265504 0.007812 0.014212
0 0.498535 0.269380 0.008789 0.016796
0 0.279297 0.324289 0.013672 0.025840
0 0.294434 0.319121 0.010742 0.020672
0 0.308105 0.324935 0.012695 0.019380
0 0.320801 0.323643 0.010742 0.019380
0 0.352539 0.333979 0.019531 0.034884
0 0.399414 0.309432 0.005859 0.009044
0 0.417480 0.321705 0.018555 0.033592
0 0.435059 0.321059 0.016602 0.032300
0 0.420898 0.620155 0.009766 0.020672
0 0.430176 0.615633 0.010742 0.014212
0 0.458984 0.636305 0.019531 0.032300
0 0.508789 0.627261 0.015625 0.029716
0 0.279297 0.665375 0.011719 0.020672
0 0.309082 0.668605 0.022461 0.040052
0 0.720703 0.821059 0.015625 0.032300
0 0.566406 0.863049 0.007812 0.012920
0 0.577637 0.861757 0.006836 0.012920
0 0.609863 0.875323 0.020508 0.034884
0 0.640625 0.872093 0.015625 0.031008
0 0.745117 0.866925 0.005859 0.010336
0 0.755371 0.868217 0.006836 0.010336
0 0.771484 0.867571 0.005859 0.011628
0 0.531738 0.914729 0.008789 0.015504
0 0.543945 0.906977 0.007812 0.018088
0 0.570801 0.917959 0.014648 0.024548
0 0.610352 0.910853 0.003906 0.007752
0 0.614746 0.912145 0.004883 0.007752
0 0.642090 0.912145 0.008789 0.018088
0 0.653809 0.910853 0.008789 0.018088
0 0.684082 0.914729 0.006836 0.012920
0 0.689941 0.917959 0.006836 0.011628
0 0.721680 0.901809 0.005859 0.010336
0 0.747070 0.916667 0.009766 0.024548
0 0.757812 0.912145 0.011719 0.023256
0 0.768066 0.916667 0.010742 0.021964
0 0.526367 0.954780 0.003906 0.005168
0 0.531738 0.957364 0.002930 0.005168
0 0.539062 0.958010 0.003906 0.006460
0 0.545898 0.955426 0.003906 0.006460
0 0.608887 0.958656 0.004883 0.007752
0 0.644531 0.965762 0.017578 0.029716
0 0.674316 0.970284 0.022461 0.028424
0 0.717285 0.970930 0.004883 0.009044
0 0.722656 0.960594 0.005859 0.011628
0 0.800293 0.017442 0.018555 0.029716
0 0.378418 0.675711 0.018555 0.038760
0 0.395996 0.669897 0.018555 0.032300
0 0.425293 0.667313 0.010742 0.024548
0 0.458984 0.678941 0.005859 0.009044
0 0.467773 0.653747 0.005859 0.010336
0 0.477051 0.672481 0.006836 0.014212
0 0.500000 0.671189 0.011719 0.019380
0 0.270020 0.720284 0.008789 0.019380
0 0.279785 0.718346 0.014648 0.025840
0 0.344238 0.714470 0.004883 0.007752
0 0.360840 0.717700 0.004883 0.006460
0 0.392578 0.722868 0.015625 0.029716
0 0.302734 0.730620 0.011719 0.016796
0 0.422363 0.719638 0.020508 0.036176
0 0.462891 0.725452 0.015625 0.024548
0 0.494629 0.726744 0.014648 0.029716
0 0.312988 0.776486 0.020508 0.038760
0 0.386230 0.772610 0.026367 0.046512
0 0.426758 0.761628 0.011719 0.024548
0 0.451172 0.767442 0.005859 0.010336
0 0.461914 0.767442 0.003906 0.007752
0 0.467285 0.773256 0.004883 0.009044
0 0.473633 0.771318 0.003906 0.007752
0 0.273926 0.815891 0.006836 0.011628
0 0.288574 0.815245 0.006836 0.012920
0 0.307617 0.822351 0.011719 0.021964
0 0.317871 0.815891 0.012695 0.024548
0 0.343750 0.812016 0.011719 0.019380
0 0.391113 0.826873 0.022461 0.031008
0 0.437500 0.813307 0.009766 0.021964
0 0.458496 0.822997 0.014648 0.020672
0 0.757812 0.956072 0.003906 0.005168
0 0.762207 0.953488 0.002930 0.005168
0 0.765137 0.961240 0.002930 0.005168
0 0.767090 0.955426 0.002930 0.003876
0 0.772461 0.958010 0.003906 0.003876
0 0.788086 0.706718 0.005859 0.007752
0 0.824219 0.716408 0.011719 0.016796
0 0.903809 0.711240 0.014648 0.019380
0 0.892578 0.708010 0.007812 0.015504
0 0.943359 0.723514 0.033203 0.051680
0 0.758301 0.666667 0.016602 0.023256
0 0.348145 0.764212 0.002930 0.006460
0 0.351562 0.764212 0.003906 0.006460
0 0.968750 0.313307 0.003906 0.006460
0 0.986816 0.316537 0.002930 0.005168
0 0.167480 0.022610 0.012695 0.021964
0 0.197754 0.020672 0.006836 0.012920
0 0.209473 0.016150 0.006836 0.014212
0 0.240234 0.020672 0.007812 0.015504
0 0.052734 0.072351 0.005859 0.010336
0 0.061523 0.063953 0.005859 0.009044
0 0.089355 0.084625 0.028320 0.045220
0 0.155762 0.072351 0.004883 0.010336
0 0.159668 0.081395 0.006836 0.010336
0 0.164062 0.065245 0.005859 0.011628
0 0.170898 0.078811 0.005859 0.010336
0 0.210938 0.071705 0.003906 0.009044
0 0.463867 0.318475 0.005859 0.009044
0 0.495605 0.310724 0.004883 0.009044
0 0.506348 0.315245 0.008789 0.012920
0 0.277832 0.371447 0.020508 0.037468
0 0.299316 0.367571 0.004883 0.009044
0 0.352051 0.361111 0.006836 0.011628
0 0.387207 0.380491 0.016602 0.027132
0 0.427246 0.365633 0.016602 0.023256
0 0.490234 0.361111 0.005859 0.009044
0 0.464844 0.372739 0.011719 0.024548
0 0.275879 0.408915 0.004883 0.009044
0 0.282715 0.419897 0.004883 0.007752
0 0.306152 0.422481 0.018555 0.031008
0 0.325195 0.431525 0.011719 0.018088
0 0.345703 0.423127 0.015625 0.024548
0 0.359863 0.427649 0.010742 0.018088
0 0.373535 0.421835 0.006836 0.014212
0 0.387695 0.415375 0.007812 0.011628
0 0.400879 0.414083 0.008789 0.014212
0 0.429199 0.413437 0.006836 0.010336
0 0.450684 0.419251 0.010742 0.019380
0 0.458008 0.426357 0.005859 0.010336
0 0.470215 0.427003 0.008789 0.016796
0 0.471680 0.409561 0.005859 0.010336
0 0.489746 0.419251 0.006836 0.011628
0 0.498535 0.420543 0.004883 0.009044
0 0.503906 0.427003 0.005859 0.009044
0 0.509277 0.421835 0.004883 0.011628
0 0.279785 0.481266 0.018555 0.029716
0 0.014160 0.265504 0.004883 0.009044
0 0.011230 0.367571 0.010742 0.016796
0 0.020508 0.385659 0.011719 0.019380
0 0.046387 0.372093 0.016602 0.028424
0 0.086914 0.361757 0.003906 0.007752
0 0.132812 0.377261 0.025391 0.036176
0 0.200195 0.364987 0.007812 0.016796
0 0.210938 0.365633 0.009766 0.018088
0 0.013184 0.409561 0.008789 0.018088
0 0.019531 0.432171 0.009766 0.011628
0 0.025879 0.415375 0.010742 0.016796
0 0.057129 0.428295 0.014648 0.021964
0 0.090820 0.428295 0.011719 0.024548
0 0.157227 0.420543 0.009766 0.019380
0 0.171875 0.414729 0.011719 0.018088
0 0.227539 0.423773 0.005859 0.010336
0 0.237305 0.414083 0.007812 0.011628
0 0.250488 0.417313 0.006836 0.010336
0 0.020020 0.478682 0.022461 0.037468
0 0.092285 0.479328 0.016602 0.031008
0 0.130371 0.472222 0.008789 0.014212
0 0.156738 0.469638 0.008789 0.016796
0 0.177246 0.463178 0.008789 0.014212
0 0.204102 0.475452 0.013672 0.023256
0 0.050293 0.512274 0.006836 0.014212
0 0.060547 0.518734 0.007812 0.014212
0 0.087891 0.519380 0.013672 0.025840
0 0.101562 0.519380 0.013672 0.025840
0 0.127930 0.522610 0.013672 0.024548
0 0.007324 0.807494 0.006836 0.012920
0 0.014648 0.810078 0.007812 0.015504
0 0.021484 0.806848 0.005859 0.011628
0 0.027832 0.806202 0.008789 0.012920
0 0.049805 0.825581 0.005859 0.007752
0 0.064453 0.822351 0.005859 0.009044
0 0.089844 0.808140 0.005859 0.009044
0 0.096680 0.811370 0.005859 0.010336
0 0.123047 0.805556 0.007812 0.014212
0 0.138672 0.814599 0.007812 0.014212
0 0.167969 0.822351 0.019531 0.045220
0 0.198242 0.804910 0.005859 0.007752
0 0.207031 0.802326 0.005859 0.007752
0 0.238770 0.817183 0.008789 0.014212
0 0.005371 0.864987 0.002930 0.009044
0 0.012695 0.864341 0.005859 0.010336
0 0.023438 0.861757 0.005859 0.007752
0 0.047852 0.863695 0.015625 0.021964
0 0.032227 0.864341 0.005859 0.010336
0 0.082031 0.870801 0.013672 0.036176
0 0.139160 0.862403 0.008789 0.014212
0 0.166016 0.856589 0.005859 0.010336
0 0.207520 0.874677 0.006836 0.012920
0 0.233887 0.860465 0.004883 0.010336
0 0.247559 0.861111 0.006836 0.011628
0 0.015625 0.900517 0.007812 0.010336
0 0.048828 0.921189 0.013672 0.025840
0 0.062988 0.918605 0.016602 0.025840
0 0.090332 0.917313 0.016602 0.028424
0 0.115234 0.921189 0.023438 0.049096
0 0.141602 0.912145 0.023438 0.041344
0 0.158203 0.919251 0.009766 0.016796
0 0.167969 0.919897 0.009766 0.020672
0 0.199707 0.921835 0.020508 0.034884
0 0.218750 0.922481 0.023438 0.046512
0 0.241211 0.916667 0.013672 0.024548
0 0.008789 0.971576 0.011719 0.020672
0 0.032715 0.971576 0.010742 0.020672
0 0.047363 0.965116 0.014648 0.031008
0 0.062500 0.972868 0.017578 0.031008
0 0.092773 0.955426 0.005859 0.009044
0 0.127930 0.962532 0.011719 0.020672
0 0.153809 0.965762 0.006836 0.014212
0 0.165039 0.959302 0.007812 0.014212
0 0.177246 0.956072 0.006836 0.012920
0 0.207520 0.967054 0.010742 0.016796
0 0.243164 0.962532 0.013672 0.023256
0 0.274414 0.028424 0.019531 0.031008
0 0.303711 0.023902 0.007812 0.014212
0 0.326660 0.021964 0.006836 0.015504
0 0.359375 0.880491 0.017578 0.027132
0 0.381348 0.868863 0.010742 0.021964
0 0.392578 0.866279 0.011719 0.021964
0 0.423340 0.869509 0.010742 0.020672
0 0.434570 0.867571 0.009766 0.016796
0 0.464844 0.861111 0.011719 0.019380
0 0.475098 0.863695 0.008789 0.019380
0 0.506348 0.880491 0.016602 0.027132
0 0.276367 0.919897 0.015625 0.023256
0 0.383301 0.921189 0.008789 0.018088
0 0.390625 0.912791 0.011719 0.016796
0 0.356445 0.905685 0.007812 0.012920
0 0.306152 0.926357 0.004883 0.005168
0 0.416992 0.903747 0.007812 0.011628
0 0.425293 0.903101 0.006836 0.010336
0 0.434082 0.905039 0.006836 0.011628
0 0.499512 0.903101 0.016602 0.020672
0 0.264648 0.970284 0.005859 0.020672
0 0.281738 0.975452 0.012695 0.020672
0 0.296875 0.970930 0.011719 0.019380
0 0.305664 0.975452 0.015625 0.033592
0 0.321777 0.970284 0.016602 0.031008
0 0.352051 0.972868 0.014648 0.028424
0 0.400391 0.959948 0.011719 0.020672
0 0.421387 0.956072 0.006836 0.012920
0 0.430664 0.956072 0.003906 0.007752
0 0.455078 0.967054 0.005859 0.011628
0 0.461426 0.960594 0.006836 0.011628
0 0.447754 0.974160 0.004883 0.010336
0 0.562500 0.015504 0.005859 0.010336
0 0.568359 0.019380 0.005859 0.010336
0 0.575195 0.017442 0.005859 0.011628
0 0.582031 0.016796 0.005859 0.012920
0 0.588867 0.011628 0.005859 0.010336
0 0.607910 0.032300 0.020508 0.031008
0 0.638672 0.012920 0.005859 0.007752
0 0.642578 0.018734 0.005859 0.009044
0 0.649902 0.015504 0.004883 0.007752
0 0.659180 0.024548 0.003906 0.007752
0 0.685059 0.022610 0.010742 0.019380
0 0.722168 0.029716 0.014648 0.033592
0 0.748535 0.023256 0.006836 0.010336
0 0.759277 0.025840 0.006836 0.010336
0 0.771484 0.020672 0.005859 0.012920
0 0.537598 0.077519 0.026367 0.043928
0 0.609375 0.085917 0.019531 0.029716
0 0.643066 0.072351 0.014648 0.025840
0 0.659180 0.066537 0.011719 0.021964
0 0.676758 0.065245 0.011719 0.019380
0 0.720215 0.071705 0.006836 0.009044
0 0.743652 0.071059 0.010742 0.023256
0 0.757812 0.070413 0.011719 0.016796
0 0.772461 0.075581 0.011719 0.021964
0 0.531738 0.120801 0.012695 0.024548
0 0.579102 0.127261 0.017578 0.037468
0 0.608398 0.120155 0.007812 0.012920
0 0.615234 0.118217 0.007812 0.014212
0 0.640137 0.116279 0.010742 0.015504
0 0.650879 0.111757 0.012695 0.016796
0 0.678223 0.125969 0.008789 0.016796
0 0.695801 0.120155 0.010742 0.018088
0 0.722168 0.124031 0.012695 0.023256
0 0.746094 0.124031 0.009766 0.020672
0 0.757324 0.116279 0.012695 0.020672
0 0.770996 0.128553 0.010742 0.019380
0 0.533691 0.175711 0.006836 0.012920
0 0.544434 0.171835 0.004883 0.010336
0 0.568359 0.175711 0.013672 0.028424
0 0.583008 0.173773 0.015625 0.029716
0 0.596680 0.167959 0.005859 0.012920
0 0.600098 0.186047 0.006836 0.010336
0 0.623047 0.169897 0.007812 0.011628
0 0.649414 0.168605 0.019531 0.027132
0 0.683594 0.165375 0.017578 0.020672
0 0.722656 0.170543 0.015625 0.023256
0 0.759277 0.179587 0.014648 0.028424
0 0.562500 0.223514 0.013672 0.028424
0 0.598145 0.222868 0.010742 0.024548
0 0.621582 0.220930 0.012695 0.025840
0 0.645996 0.222868 0.014648 0.021964
0 0.984375 0.729974 0.017578 0.023256
0 0.525879 0.663437 0.012695 0.021964
0 0.544434 0.667313 0.012695 0.021964
0 0.527832 0.720930 0.010742 0.015504
0 0.551758 0.714470 0.011719 0.018088
0 0.525391 0.764858 0.009766 0.015504
0 0.543945 0.766796 0.009766 0.014212
0 0.245117 0.381783 0.007812 0.009044
0 0.494629 0.972868 0.014648 0.025840
0 0.536133 0.421835 0.017578 0.032300
0 0.526855 0.468992 0.014648 0.023256
0 0.526855 0.523256 0.014648 0.028424
0 0.546387 0.520672 0.012695 0.028424
0 0.531738 0.563953 0.004883 0.009044
0 0.539551 0.556202 0.004883 0.009044
0 0.534180 0.615633 0.007812 0.014212
0 0.543457 0.615633 0.008789 0.016796
0 0.323730 0.734496 0.010742 0.016796
0 0.794922 0.534238 0.003906 0.009044
0 0.802734 0.530362 0.003906 0.009044
0 0.759277 0.828165 0.004883 0.007752
0 0.460449 0.912145 0.002930 0.005168
0 0.786133 0.916667 0.009766 0.016796
0 0.129395 0.866925 0.010742 0.015504
0 0.018066 0.065245 0.014648 0.021964
0 0.351562 0.027132 0.015625 0.025840
0 0.377930 0.018734 0.013672 0.024548
