0 0.024414 0.214286 0.015625 0.052910
0 0.061035 0.246032 0.012695 0.052910
0 0.091309 0.226190 0.014648 0.055556
0 0.080566 0.156085 0.012695 0.042328
0 0.114746 0.140212 0.016602 0.052910
0 0.140137 0.164021 0.014648 0.047619
0 0.151855 0.220899 0.014648 0.044974
0 0.155762 0.322751 0.014648 0.042328
0 0.144531 0.361111 0.015625 0.060847
0 0.105469 0.288360 0.015625 0.063492
0 0.089355 0.363757 0.016602 0.060847
0 0.049805 0.333333 0.015625 0.042328
0 0.031738 0.378307 0.016602 0.058201
0 0.033691 0.312169 0.014648 0.047619
0 0.193848 0.345238 0.014648 0.039683
0 0.183105 0.392857 0.014648 0.055556
0 0.227051 0.363757 0.016602 0.060847
0 0.251953 0.317460 0.015625 0.052910
0 0.269531 0.407407 0.015625 0.052910
0 0.280762 0.346561 0.014648 0.047619
0 0.240723 0.231481 0.018555 0.050265
0 0.200684 0.205026 0.014648 0.060847
0 0.190430 0.117725 0.015625 0.055556
0 0.232910 0.123016 0.012695 0.050265
0 0.269531 0.165344 0.013672 0.050265
0 0.287598 0.195767 0.016602 0.058201
0 0.295410 0.123016 0.014648 0.050265
0 0.336426 0.160053 0.012695 0.044974
0 0.348633 0.203704 0.015625 0.052910
0 0.359375 0.296296 0.015625 0.074074
0 0.322266 0.324074 0.017578 0.055556
0 0.319824 0.398148 0.016602 0.060847
0 0.363281 0.424603 0.015625 0.060847
0 0.389648 0.423280 0.015625 0.058201
0 0.355957 0.567460 0.016602 0.066138
0 0.409668 0.571429 0.018555 0.063492
0 0.472656 0.570106 0.019531 0.066138
0 0.529297 0.571429 0.017578 0.063492
0 0.498047 0.392857 0.019531 0.066138
0 0.465332 0.445767 0.016602 0.060847
0 0.441406 0.403439 0.015625 0.050265
0 0.418945 0.383598 0.017578 0.058201
0 0.431641 0.326720 0.015625 0.060847
0 0.389160 0.328042 0.014648 0.052910
0 0.388672 0.224868 0.015625 0.058201
0 0.418457 0.193122 0.012695 0.052910
0 0.443848 0.259259 0.014648 0.052910
0 0.419922 0.123016 0.015625 0.060847
0 0.365723 0.112434 0.014648 0.055556
0 0.465820 0.129630 0.015625 0.058201
0 0.501953 0.117725 0.015625 0.050265
0 0.511230 0.173280 0.014648 0.050265
0 0.536133 0.144180 0.013672 0.044974
0 0.529785 0.236772 0.014648 0.044974
0 0.525391 0.322751 0.015625 0.052910
0 0.545898 0.296296 0.011719 0.058201
0 0.493164 0.246032 0.015625 0.063492
0 0.471680 0.193122 0.013672 0.052910
0 0.549316 0.165344 0.010742 0.050265
0 0.555176 0.448413 0.012695 0.060847
0 0.836914 0.400794 0.017578 0.060847
0 0.876953 0.427249 0.015625 0.044974
0 0.857422 0.369048 0.015625 0.044974
0 0.917480 0.444444 0.014648 0.052910
0 0.957520 0.419312 0.016602 0.055556
0 0.994141 0.431217 0.011719 0.063492
0 0.956543 0.332011 0.016602 0.060847
0 0.940918 0.244709 0.014648 0.044974
0 0.973633 0.203704 0.015625 0.052910
0 0.988770 0.140212 0.012695 0.047619
0 0.950684 0.128307 0.012695 0.039683
0 0.910156 0.138889 0.015625 0.050265
0 0.880371 0.177249 0.012695 0.042328
0 0.895508 0.247354 0.015625 0.050265
0 0.897949 0.293651 0.014648 0.052910
0 0.860352 0.243386 0.011719 0.047619
0 0.810547 0.211640 0.013672 0.052910
0 0.831055 0.160053 0.013672 0.044974
0 0.781738 0.109788 0.016602 0.055556
0 0.760254 0.166667 0.014648 0.047619
0 0.771484 0.208995 0.015625 0.058201
0 0.774902 0.322751 0.016602 0.058201
0 0.803711 0.334656 0.015625 0.060847
0 0.766602 0.375661 0.015625 0.063492
0 0.727051 0.216931 0.016602 0.058201
0 0.730469 0.148148 0.015625 0.047619
0 0.702148 0.133598 0.015625 0.050265
0 0.677246 0.125661 0.014648 0.055556
0 0.693848 0.207672 0.014648 0.050265
0 0.723633 0.330688 0.015625 0.063492
0 0.684082 0.351852 0.016602 0.058201
0 0.691895 0.449735 0.016602 0.058201
0 0.640137 0.433862 0.016602 0.058201
0 0.605957 0.420635 0.016602 0.058201
0 0.614258 0.300265 0.015625 0.066138
0 0.590820 0.205026 0.015625 0.066138
0 0.603027 0.144180 0.014648 0.050265
0 0.579102 0.146825 0.013672 0.055556
0 0.570312 0.325397 0.011719 0.058201
0 0.582031 0.570106 0.019531 0.066138
0 0.637207 0.120370 0.014648 0.055556
0 0.655273 0.189153 0.013672 0.055556
0 0.643555 0.234127 0.013672 0.050265
0 0.739258 0.428571 0.015625 0.042328
0 0.040527 0.134921 0.014648 0.052910
0 0.003906 0.305556 0.007812 0.050265
0 0.475098 0.349206 0.016602 0.047619
