0 0.959961 0.473387 0.072266 0.156452
0 0.722656 0.412903 0.062500 0.125806
0 0.787598 0.301613 0.038086 0.080645
0 0.968262 0.277419 0.028320 0.054839
0 0.708496 0.250806 0.016602 0.046774
0 0.657227 0.245968 0.027344 0.050000
0 0.925781 0.267742 0.019531 0.041935
0 0.586426 0.237097 0.022461 0.048387
0 0.541992 0.366129 0.050781 0.087097
0 0.617188 0.437903 0.060547 0.101613
0 0.546387 0.258871 0.020508 0.053226
0 0.326172 0.279032 0.033203 0.054839
0 0.392090 0.396774 0.051758 0.103226
0 0.316895 0.596774 0.084961 0.164516
0 0.144531 0.478226 0.070312 0.140323
0 0.063965 0.283871 0.024414 0.041935
0 0.975586 0.232258 0.015625 0.035484
