0 0.131836 0.497638 0.021484 0.040945
0 0.163086 0.477953 0.021484 0.042520
0 0.201660 0.469291 0.020508 0.040945
0 0.225098 0.448031 0.022461 0.039370
0 0.249512 0.485827 0.022461 0.042520
0 0.277832 0.453543 0.018555 0.040945
0 0.306152 0.463780 0.018555 0.039370
0 0.319824 0.452756 0.014648 0.036220
0 0.348145 0.466929 0.018555 0.033071
0 0.367188 0.470866 0.017578 0.034646
0 0.395020 0.455906 0.018555 0.039370
0 0.421387 0.459843 0.014648 0.031496
0 0.423828 0.499213 0.019531 0.037795
0 0.444336 0.473228 0.017578 0.039370
0 0.455078 0.433071 0.019531 0.037795
0 0.473145 0.442520 0.018555 0.037795
0 0.493652 0.446457 0.016602 0.039370
0 0.475098 0.503937 0.016602 0.040945
0 0.519531 0.472441 0.019531 0.044094
0 0.521973 0.444094 0.016602 0.034646
0 0.539062 0.460630 0.017578 0.039370
0 0.555176 0.470079 0.020508 0.039370
0 0.580078 0.477953 0.021484 0.042520
0 0.601562 0.433858 0.019531 0.036220
0 0.611816 0.492913 0.018555 0.034646
0 0.636230 0.453543 0.016602 0.037795
0 0.651367 0.455906 0.019531 0.039370
0 0.683105 0.446457 0.018555 0.036220
0 0.701172 0.486614 0.017578 0.040945
0 0.723145 0.456693 0.018555 0.044094
0 0.737305 0.471654 0.015625 0.039370
0 0.754395 0.474803 0.018555 0.042520
0 0.789551 0.475591 0.020508 0.040945
0 0.808105 0.456693 0.018555 0.034646
0 0.813965 0.482677 0.016602 0.039370
0 0.825684 0.501575 0.018555 0.042520
0 0.849121 0.481890 0.020508 0.040945
0 0.870605 0.506299 0.020508 0.042520
0 0.881348 0.447244 0.022461 0.047244
0 0.916504 0.520472 0.020508 0.045669
