0 0.245117 0.695051 0.060547 0.123726
0 0.292480 0.895197 0.055664 0.090247
0 0.114746 0.707424 0.081055 0.125182
0 0.568359 0.243086 0.042969 0.066958
0 0.436523 0.195051 0.052734 0.078603
0 0.512695 0.273654 0.046875 0.084425
0 0.340820 0.268559 0.052734 0.080058
0 0.134277 0.259825 0.063477 0.109170
0 0.814453 0.238719 0.066406 0.104803
0 0.724609 0.266376 0.056641 0.098981
0 0.649414 0.205968 0.048828 0.080058
0 0.638672 0.676128 0.068359 0.129549
0 0.570801 0.523290 0.063477 0.106259
0 0.473145 0.624454 0.063477 0.125182
