0 0.886719 0.233766 0.013672 0.015584
0 0.810547 0.147186 0.011719 0.010390
0 0.792969 0.138961 0.011719 0.012987
0 0.747070 0.129437 0.013672 0.012987
0 0.726074 0.185714 0.010742 0.009524
0 0.701660 0.184416 0.012695 0.010390
0 0.656250 0.189610 0.011719 0.010390
0 0.599121 0.211688 0.014648 0.011255
0 0.977539 0.356277 0.011719 0.012987
0 0.985840 0.333766 0.010742 0.012987
0 0.923340 0.363203 0.010742 0.009524
0 0.915527 0.352814 0.012695 0.011255
0 0.896484 0.400000 0.015625 0.013853
0 0.932129 0.412987 0.010742 0.010390
0 0.826660 0.338961 0.012695 0.011255
0 0.805176 0.333333 0.010742 0.013853
0 0.995117 0.164069 0.009766 0.014719
0 0.768555 0.355844 0.013672 0.013853
0 0.781738 0.340693 0.014648 0.012987
0 0.641113 0.284416 0.012695 0.011255
0 0.706055 0.315584 0.011719 0.011255
0 0.701660 0.336364 0.010742 0.011255
0 0.629883 0.327273 0.011719 0.010390
0 0.596680 0.312554 0.011719 0.010390
0 0.579590 0.319048 0.010742 0.012987
0 0.579590 0.297835 0.008789 0.008658
0 0.556152 0.301299 0.010742 0.012121
0 0.506348 0.253680 0.010742 0.012121
0 0.485840 0.228139 0.010742 0.009524
0 0.451172 0.263203 0.011719 0.012121
0 0.424316 0.280519 0.010742 0.008658
0 0.421387 0.296104 0.008789 0.010390
0 0.445312 0.289177 0.007812 0.008658
0 0.457520 0.304329 0.010742 0.009524
0 0.397949 0.289177 0.010742 0.010390
0 0.394043 0.232035 0.010742 0.010390
0 0.341797 0.221645 0.011719 0.010390
0 0.366699 0.232900 0.008789 0.010390
0 0.311035 0.222511 0.010742 0.010390
0 0.276855 0.229437 0.012695 0.012121
0 0.247559 0.225108 0.012695 0.012121
0 0.224121 0.267100 0.012695 0.009524
0 0.323730 0.271429 0.010742 0.011255
0 0.307129 0.269697 0.010742 0.011255
0 0.345215 0.277489 0.008789 0.007792
0 0.355957 0.271861 0.006836 0.008658
0 0.105469 0.419913 0.015625 0.015584
0 0.146484 0.264069 0.009766 0.008658
0 0.162598 0.277056 0.008789 0.008658
0 0.146973 0.283117 0.010742 0.010390
0 0.116211 0.284848 0.009766 0.010390
0 0.114258 0.273160 0.009766 0.009524
0 0.077148 0.268398 0.007812 0.008658
0 0.070801 0.257576 0.008789 0.007792
0 0.086914 0.258874 0.009766 0.006926
0 0.019043 0.251948 0.008789 0.008658
0 0.042969 0.255411 0.009766 0.008658
0 0.101074 0.260173 0.008789 0.009524
0 0.861816 0.282251 0.012695 0.010390
0 0.923828 0.282684 0.005859 0.006061
0 0.008789 0.367532 0.011719 0.011255
0 0.033203 0.398268 0.017578 0.017316
0 0.012207 0.419913 0.012695 0.013853
0 0.072754 0.401299 0.012695 0.014719
0 0.148438 0.392641 0.009766 0.012987
0 0.164062 0.393939 0.011719 0.013853
0 0.154785 0.458009 0.014648 0.020779
0 0.166016 0.447619 0.011719 0.015584
0 0.202148 0.433333 0.011719 0.016450
0 0.139648 0.506494 0.015625 0.025974
0 0.186523 0.517749 0.013672 0.020779
0 0.366699 0.522511 0.014648 0.018182
0 0.333984 0.429437 0.011719 0.013853
0 0.056641 0.559740 0.023438 0.032035
