0 0.956055 0.321033 0.013672 0.029520
0 0.906250 0.343173 0.007812 0.012300
0 0.868652 0.327798 0.008789 0.018450
0 0.810547 0.345633 0.011719 0.019680
0 0.745605 0.336408 0.008789 0.015990
0 0.732422 0.339483 0.009766 0.017220
0 0.709473 0.334563 0.006836 0.014760
0 0.704590 0.356704 0.008789 0.017220
0 0.686523 0.328413 0.015625 0.027060
0 0.652832 0.336408 0.012695 0.023370
0 0.646484 0.330873 0.009766 0.014760
0 0.653809 0.324723 0.008789 0.014760
0 0.574707 0.340098 0.010742 0.018450
0 0.611816 0.343173 0.008789 0.014760
0 0.583496 0.350554 0.012695 0.022140
0 0.553223 0.349938 0.010742 0.018450
0 0.435547 0.327798 0.021484 0.040590
0 0.353027 0.347478 0.016602 0.038130
0 0.316406 0.372079 0.017578 0.045510
0 0.224609 0.447109 0.035156 0.072571
0 0.223633 0.349323 0.023438 0.031980
0 0.184570 0.313653 0.027344 0.051661
0 0.073242 0.317343 0.031250 0.056581
0 0.106445 0.345633 0.015625 0.019680
0 0.254883 0.351169 0.009766 0.015990
0 0.239746 0.341943 0.008789 0.017220
0 0.290039 0.337023 0.011719 0.014760
0 0.919922 0.350554 0.007812 0.014760
0 0.728027 0.346863 0.014648 0.022140
0 0.625488 0.340713 0.008789 0.014760
0 0.533691 0.350554 0.014648 0.027060
