0 0.869629 0.511139 0.026367 0.039604
0 0.807617 0.503713 0.023438 0.037129
0 0.846680 0.608292 0.025391 0.043317
0 0.791992 0.586015 0.027344 0.035891
0 0.746582 0.581064 0.022461 0.040842
0 0.670410 0.603960 0.026367 0.044554
0 0.723633 0.504332 0.025391 0.040842
0 0.669922 0.504332 0.027344 0.040842
0 0.841797 0.414604 0.021484 0.034653
0 0.778320 0.423267 0.025391 0.037129
0 0.721191 0.433787 0.024414 0.035891
0 0.651367 0.424505 0.023438 0.034653
0 0.595703 0.456064 0.025391 0.038366
0 0.593262 0.371906 0.026367 0.040842
0 0.745605 0.382426 0.020508 0.037129
0 0.777344 0.348391 0.017578 0.033416
0 0.829590 0.347772 0.018555 0.032178
0 0.611816 0.531559 0.026367 0.035891
0 0.590332 0.618812 0.026367 0.037129
0 0.526367 0.438738 0.023438 0.033416
0 0.518555 0.518564 0.023438 0.039604
0 0.513672 0.605817 0.025391 0.040842
0 0.426758 0.606436 0.029297 0.042079
0 0.430664 0.510520 0.021484 0.035891
0 0.457520 0.412129 0.024414 0.039604
0 0.423340 0.389851 0.020508 0.032178
0 0.393555 0.373144 0.021484 0.030941
0 0.362793 0.420792 0.022461 0.039604
0 0.355469 0.511757 0.023438 0.038366
0 0.297363 0.501856 0.022461 0.038366
0 0.295898 0.417079 0.023438 0.039604
0 0.237305 0.387995 0.021484 0.038366
0 0.192871 0.383045 0.022461 0.038366
0 0.186035 0.472153 0.022461 0.033416
0 0.241211 0.462252 0.025391 0.038366
0 0.218750 0.600248 0.023438 0.032178
0 0.272461 0.605198 0.025391 0.034653
0 0.330078 0.613243 0.025391 0.038366
0 0.171387 0.576114 0.020508 0.030941
0 0.119141 0.505569 0.021484 0.035891
0 0.133301 0.440594 0.022461 0.032178
0 0.121582 0.575495 0.020508 0.032178
0 0.235840 0.297030 0.008789 0.014851
0 0.118652 0.186881 0.010742 0.014851
0 0.077637 0.198639 0.006836 0.011139
0 0.377441 0.312500 0.008789 0.011139
0 0.506836 0.241955 0.007812 0.011139
0 0.179688 0.304455 0.009766 0.014851
0 0.670898 0.383663 0.023438 0.034653
