0 0.867188 0.541730 0.037109 0.078907
0 0.510254 0.532625 0.036133 0.069803
0 0.400391 0.575873 0.031250 0.062215
0 0.498047 0.425645 0.017578 0.034901
0 0.541992 0.405918 0.017578 0.034901
0 0.190918 0.662367 0.063477 0.086495
0 0.218262 0.623672 0.028320 0.066768
0 0.235352 0.603187 0.033203 0.068285
0 0.428711 0.471927 0.021484 0.033384
0 0.376953 0.362671 0.013672 0.024279
0 0.290039 0.462822 0.021484 0.048558
0 0.054199 0.698786 0.084961 0.098634
0 0.145996 0.876328 0.071289 0.147193
0 0.204590 0.790592 0.041992 0.100152
0 0.333496 0.854325 0.067383 0.121396
0 0.570801 0.749621 0.063477 0.127466
0 0.546875 0.625948 0.035156 0.059181
0 0.936523 0.424886 0.027344 0.048558
0 0.904785 0.441578 0.026367 0.048558
0 0.948242 0.608498 0.046875 0.078907
0 0.837891 0.716237 0.046875 0.091047
0 0.566895 0.500000 0.026367 0.053111
0 0.677246 0.486343 0.030273 0.053111
0 0.777832 0.444613 0.028320 0.051593
0 0.813965 0.471927 0.030273 0.048558
0 0.912109 0.503035 0.031250 0.056146
0 0.924805 0.855842 0.052734 0.118361
0 0.612793 0.598634 0.030273 0.053111
0 0.585938 0.440061 0.023438 0.045524
0 0.614746 0.453718 0.022461 0.042489
0 0.678711 0.595599 0.052734 0.086495
0 0.824219 0.430197 0.023438 0.047041
0 0.754395 0.381639 0.014648 0.025797
0 0.575684 0.384674 0.014648 0.031866
0 0.651855 0.428680 0.016602 0.040971
0 0.586426 0.357360 0.010742 0.022762
0 0.135742 0.509105 0.019531 0.050076
0 0.277832 0.373293 0.010742 0.021244
0 0.208984 0.543247 0.031250 0.060698
0 0.712402 0.554628 0.043945 0.074355
0 0.410645 0.354325 0.014648 0.019727
0 0.471191 0.440061 0.020508 0.036419
0 0.251465 0.407436 0.012695 0.022762
0 0.532715 0.498483 0.022461 0.059181
0 0.479492 0.499241 0.015625 0.054628
0 0.330078 0.366464 0.011719 0.022762
0 0.554688 0.399848 0.015625 0.037936
0 0.240723 0.368741 0.016602 0.027314
0 0.190918 0.468892 0.026367 0.036419
0 0.145020 0.437026 0.018555 0.039454
0 0.619629 0.512140 0.020508 0.040971
0 0.848633 0.429439 0.019531 0.042489
