0 0.171387 0.516927 0.036133 0.054688
0 0.356934 0.751953 0.122070 0.152344
0 0.459961 0.451823 0.031250 0.041667
0 0.368652 0.426432 0.040039 0.055990
0 0.560059 0.438151 0.022461 0.040365
0 0.897949 0.447917 0.022461 0.041667
0 0.781250 0.437500 0.023438 0.041667
0 0.688965 0.411458 0.020508 0.036458
0 0.816895 0.319661 0.008789 0.014323
0 0.611816 0.322917 0.008789 0.015625
0 0.578125 0.312500 0.011719 0.018229
0 0.677246 0.309896 0.008789 0.015625
0 0.553711 0.330729 0.011719 0.015625
0 0.593262 0.335938 0.012695 0.018229
0 0.699219 0.302734 0.011719 0.022135
0 0.691895 0.332031 0.012695 0.023438
0 0.858398 0.317057 0.013672 0.019531
