0 0.236816 0.193691 0.008789 0.005534
0 0.187988 0.193691 0.008789 0.005534
0 0.114258 0.208080 0.005859 0.004427
0 0.089844 0.216657 0.005859 0.002767
0 0.376953 0.221361 0.007812 0.005534
0 0.430664 0.219978 0.005859 0.004981
0 0.565918 0.229939 0.002930 0.002767
0 0.547363 0.226065 0.004883 0.002767
0 0.526855 0.228002 0.004883 0.002214
0 0.588867 0.232153 0.003906 0.002767
0 0.825195 0.194245 0.007812 0.005534
0 0.807617 0.191201 0.007812 0.006087
0 0.412598 0.291367 0.020508 0.010515
0 0.150391 0.297178 0.011719 0.008854
0 0.060059 0.307692 0.014648 0.008854
0 0.338379 0.282512 0.018555 0.011621
0 0.761719 0.300498 0.015625 0.009961
0 0.634277 0.307416 0.010742 0.008301
0 0.327637 0.469286 0.014648 0.011068
0 0.177246 0.492529 0.036133 0.022136
0 0.106445 0.471223 0.011719 0.008301
0 0.580078 0.449917 0.031250 0.023243
0 0.608887 0.433592 0.026367 0.018262
0 0.468750 0.438849 0.033203 0.034311
0 0.537109 0.450194 0.015625 0.010515
0 0.555176 0.452407 0.008789 0.007194
0 0.798340 0.467626 0.010742 0.011068
0 0.837891 0.448257 0.017578 0.016602
0 0.714844 0.479801 0.009766 0.009961
0 0.044922 0.647205 0.013672 0.010515
0 0.172852 0.656890 0.023438 0.025457
0 0.225098 0.651356 0.026367 0.015495
0 0.476074 0.600166 0.006836 0.004981
0 0.426758 0.604593 0.005859 0.002767
0 0.398926 0.607637 0.004883 0.003320
0 0.652344 0.563365 0.029297 0.019923
0 0.623535 0.566685 0.028320 0.019923
0 0.626465 0.642778 0.041992 0.026010
0 0.679688 0.652463 0.031250 0.022136
0 0.821777 0.615661 0.018555 0.013835
0 0.759766 0.635307 0.005859 0.005534
0 0.712891 0.628113 0.007812 0.005534
0 0.907715 0.692584 0.012695 0.007194
0 0.137695 0.790260 0.009766 0.007748
0 0.108887 0.794687 0.008789 0.006641
0 0.087402 0.799945 0.006836 0.004981
0 0.092285 0.792474 0.006836 0.005534
0 0.044922 0.791644 0.007812 0.004981
0 0.404297 0.723022 0.009766 0.004981
0 0.457031 0.725235 0.005859 0.003874
0 0.200195 0.785556 0.019531 0.012728
0 0.238770 0.775042 0.012695 0.010515
0 0.448242 0.825401 0.025391 0.017156
0 0.376953 0.825678 0.015625 0.013282
0 0.154785 0.945766 0.020508 0.015495
0 0.125977 0.949087 0.017578 0.012175
0 0.083496 0.959878 0.018555 0.013835
0 0.048340 0.957111 0.028320 0.017156
0 0.102051 0.946043 0.014648 0.009408
0 0.168457 0.935252 0.008789 0.006641
0 0.498047 0.934145 0.048828 0.034311
0 0.610840 0.939956 0.047852 0.033758
0 0.867188 0.896790 0.033203 0.020476
0 0.808105 0.896237 0.030273 0.020476
0 0.943848 0.774765 0.010742 0.007748
0 0.855957 0.772828 0.030273 0.019369
0 0.800293 0.775318 0.028320 0.018816
0 0.750977 0.779469 0.029297 0.020476
0 0.713867 0.788046 0.027344 0.019923
0 0.655762 0.778915 0.032227 0.020476
0 0.932129 0.956004 0.032227 0.018262
0 0.895020 0.960708 0.028320 0.018816
0 0.702148 0.950747 0.005859 0.004427
0 0.695312 0.976480 0.007812 0.006087
0 0.713867 0.971500 0.005859 0.004981
0 0.715332 0.949364 0.006836 0.003874
0 0.751953 0.954068 0.005859 0.003320
0 0.769043 0.954344 0.004883 0.003874
0 0.909180 0.039568 0.027344 0.018262
0 0.846680 0.042612 0.025391 0.016602
0 0.586914 0.214721 0.003906 0.002214
0 0.551758 0.213337 0.003906 0.002767
0 0.533691 0.216934 0.004883 0.002214
0 0.526855 0.211400 0.004883 0.003320
0 0.481934 0.221085 0.002930 0.002767
0 0.854004 0.332319 0.008789 0.007194
0 0.537109 0.635861 0.013672 0.008854
0 0.578613 0.217764 0.004883 0.003874
