0 0.071289 0.542120 0.033203 0.111413
0 0.090820 0.411685 0.031250 0.095109
0 0.041504 0.425272 0.032227 0.095109
0 0.219238 0.455163 0.036133 0.138587
0 0.270020 0.716033 0.038086 0.133152
0 0.272461 0.923913 0.037109 0.125000
0 0.278320 0.407609 0.035156 0.125000
0 0.261719 0.297554 0.029297 0.105978
0 0.331543 0.358696 0.012695 0.125000
0 0.253906 0.184783 0.029297 0.103261
0 0.060059 0.184783 0.030273 0.103261
0 0.007324 0.235054 0.014648 0.111413
0 0.135254 0.232337 0.026367 0.084239
0 0.153809 0.320652 0.034180 0.119565
0 0.504395 0.480978 0.155273 0.483696
0 0.678711 0.122283 0.025391 0.103261
0 0.727051 0.086957 0.030273 0.092391
0 0.717773 0.362772 0.037109 0.111413
0 0.791504 0.399457 0.034180 0.125000
0 0.792480 0.210598 0.026367 0.095109
0 0.834473 0.225543 0.028320 0.108696
0 0.882324 0.243207 0.032227 0.116848
0 0.956543 0.222826 0.036133 0.152174
0 0.178711 0.091033 0.031250 0.116848
0 0.282715 0.039402 0.034180 0.062500
0 0.119141 0.017663 0.021484 0.024457
0 0.219238 0.047554 0.028320 0.084239
