0 0.938965 0.359416 0.010742 0.023873
0 0.866211 0.377984 0.015625 0.029178
0 0.846191 0.374668 0.018555 0.030504
0 0.803223 0.350133 0.014648 0.029178
0 0.781250 0.370027 0.015625 0.031830
0 0.636230 0.381300 0.016602 0.025199
0 0.579102 0.353448 0.019531 0.033156
0 0.545898 0.352785 0.017578 0.037135
0 0.499023 0.354775 0.015625 0.038462
0 0.517578 0.349469 0.013672 0.030504
0 0.415039 0.364721 0.017578 0.037135
0 0.385254 0.340849 0.038086 0.063660
0 0.343262 0.355438 0.026367 0.053050
0 0.229492 0.395225 0.019531 0.039788
0 0.240723 0.348143 0.018555 0.035809
0 0.200684 0.353448 0.014648 0.022546
0 0.165039 0.360743 0.033203 0.058355
0 0.135742 0.377984 0.023438 0.047745
0 0.124023 0.369363 0.019531 0.033156
0 0.082031 0.358090 0.015625 0.029178
0 0.036621 0.397215 0.014648 0.033156
0 0.910645 0.358090 0.012695 0.029178
0 0.035156 0.341512 0.013672 0.027851
0 0.097656 0.372679 0.011719 0.023873
0 0.767578 0.311671 0.021484 0.061008
0 0.950195 0.368700 0.009766 0.018568
