0 0.884766 0.321689 0.025391 0.049491
0 0.804688 0.372635 0.023438 0.043668
0 0.756836 0.376274 0.025391 0.045124
0 0.641602 0.318049 0.025391 0.042213
0 0.559570 0.342795 0.025391 0.050946
0 0.470703 0.339884 0.027344 0.050946
0 0.372070 0.382824 0.025391 0.046579
0 0.577148 0.351528 0.019531 0.036390
0 0.244629 0.461426 0.047852 0.072780
0 0.249512 0.285298 0.038086 0.069869
0 0.094238 0.328967 0.041992 0.069869
0 0.197754 0.417031 0.018555 0.033479
0 0.210938 0.394469 0.019531 0.032023
0 0.161133 0.375546 0.021484 0.032023
0 0.417480 0.414119 0.010742 0.024745
0 0.434082 0.395197 0.008789 0.021834
0 0.444824 0.387191 0.008789 0.023290
0 0.389648 0.410480 0.013672 0.020378
