0 0.124023 0.147059 0.041016 0.070588
0 0.236328 0.206618 0.025391 0.048529
0 0.051758 0.196324 0.015625 0.027941
0 0.013672 0.196324 0.013672 0.022059
0 0.010254 0.232353 0.014648 0.023529
0 0.154297 0.197059 0.013672 0.023529
0 0.182617 0.221324 0.023438 0.036765
0 0.201172 0.222794 0.011719 0.027941
0 0.273926 0.210294 0.020508 0.035294
0 0.694336 0.516176 0.132812 0.226471
0 0.673340 0.152941 0.059570 0.114706
0 0.811035 0.143382 0.040039 0.077941
0 0.930176 0.202206 0.014648 0.033824
0 0.956055 0.195588 0.015625 0.038235
0 0.914551 0.180882 0.014648 0.032353
0 0.909668 0.174265 0.008789 0.025000
0 0.863281 0.211029 0.015625 0.027941
0 0.516602 0.188971 0.052734 0.089706
0 0.725586 0.202941 0.007812 0.038235
