0 0.987793 0.278357 0.024414 0.037810
0 0.844238 0.309648 0.028320 0.037810
0 0.719238 0.308344 0.045898 0.063885
0 0.806641 0.314863 0.019531 0.027379
0 0.804199 0.277053 0.012695 0.019557
0 0.535156 0.322034 0.050781 0.070404
0 0.463867 0.347458 0.029297 0.043025
0 0.393066 0.358540 0.016602 0.026076
0 0.314453 0.348110 0.021484 0.036506
0 0.372070 0.351369 0.009766 0.019557
0 0.177246 0.363103 0.032227 0.045632
0 0.124512 0.365711 0.055664 0.066493
0 0.064941 0.339635 0.041992 0.056063
0 0.010254 0.378096 0.018555 0.031291
0 0.604980 0.320730 0.016602 0.028683
