0 0.980957 0.506667 0.014648 0.024000
0 0.971680 0.502667 0.011719 0.026667
0 0.985840 0.482667 0.008789 0.013333
0 0.962402 0.483333 0.008789 0.009333
0 0.936523 0.562000 0.009766 0.020000
0 0.936523 0.534000 0.011719 0.017333
0 0.926270 0.506667 0.004883 0.013333
0 0.951172 0.511333 0.009766 0.012000
0 0.911621 0.518000 0.008789 0.014667
0 0.885254 0.504000 0.010742 0.018667
0 0.898926 0.504000 0.010742 0.016000
0 0.862305 0.547333 0.011719 0.017333
0 0.866699 0.611333 0.010742 0.017333
0 0.848145 0.524000 0.008789 0.013333
0 0.862305 0.503333 0.005859 0.009333
0 0.828613 0.496000 0.010742 0.013333
0 0.819824 0.532000 0.010742 0.013333
0 0.854492 0.491333 0.005859 0.006667
0 0.931152 0.504667 0.006836 0.012000
0 0.971191 0.475333 0.004883 0.006667
0 0.863281 0.524000 0.009766 0.013333
0 0.806152 0.517333 0.008789 0.010667
0 0.793457 0.530667 0.004883 0.008000
0 0.811035 0.532000 0.004883 0.010667
0 0.800781 0.503333 0.005859 0.006667
0 0.780273 0.523333 0.007812 0.012000
0 0.840820 0.478667 0.005859 0.008000
0 0.737793 0.545333 0.006836 0.010667
0 0.726562 0.554667 0.005859 0.010667
0 0.705566 0.568667 0.006836 0.009333
0 0.710449 0.550000 0.004883 0.009333
0 0.710938 0.519333 0.007812 0.012000
0 0.753418 0.502667 0.004883 0.008000
0 0.698242 0.536000 0.005859 0.013333
0 0.721680 0.560000 0.005859 0.010667
0 0.772461 0.497333 0.007812 0.013333
0 0.685059 0.524667 0.006836 0.014667
0 0.686035 0.511333 0.008789 0.012000
0 0.673340 0.545333 0.006836 0.013333
0 0.714355 0.567333 0.004883 0.006667
0 0.677734 0.531333 0.005859 0.009333
0 0.663574 0.524667 0.008789 0.014667
0 0.422363 0.354000 0.024414 0.033333
0 0.483887 0.367333 0.024414 0.030667
0 0.533691 0.373333 0.024414 0.032000
0 0.586914 0.396000 0.019531 0.026667
0 0.642578 0.420000 0.015625 0.026667
0 0.312012 0.492000 0.010742 0.016000
0 0.278320 0.484000 0.007812 0.013333
0 0.238770 0.491333 0.008789 0.012000
0 0.258789 0.512667 0.007812 0.009333
0 0.218262 0.492000 0.006836 0.008000
0 0.207031 0.477333 0.011719 0.016000
0 0.172363 0.470000 0.010742 0.014667
0 0.183105 0.483333 0.004883 0.006667
0 0.135742 0.465333 0.011719 0.013333
0 0.074219 0.492667 0.009766 0.012000
0 0.039062 0.492667 0.009766 0.014667
0 0.111328 0.497333 0.007812 0.013333
