0 0.050293 0.359416 0.016602 0.026525
0 0.071777 0.375332 0.014648 0.021220
0 0.125977 0.385279 0.015625 0.027851
0 0.144043 0.376658 0.012695 0.023873
0 0.149902 0.362732 0.010742 0.022546
0 0.103027 0.322281 0.006836 0.013263
0 0.145996 0.334218 0.008789 0.015915
0 0.132324 0.322944 0.006836 0.011936
0 0.184570 0.360743 0.007812 0.013263
0 0.207520 0.362069 0.018555 0.023873
0 0.225098 0.374005 0.014648 0.023873
0 0.257812 0.384615 0.013672 0.026525
0 0.008789 0.336870 0.005859 0.013263
0 0.022949 0.342175 0.006836 0.013263
0 0.034180 0.337533 0.005859 0.011936
0 0.038086 0.295093 0.007812 0.014589
0 0.012695 0.291777 0.007812 0.013263
0 0.045410 0.324271 0.004883 0.011936
0 0.008301 0.311008 0.004883 0.009284
0 0.076172 0.307692 0.005859 0.010610
0 0.085938 0.307692 0.005859 0.013263
0 0.063477 0.301061 0.005859 0.010610
0 0.057129 0.295756 0.004883 0.010610
0 0.086914 0.291114 0.005859 0.009284
0 0.098633 0.286472 0.005859 0.010610
0 0.114746 0.292440 0.004883 0.009284
0 0.115723 0.305040 0.004883 0.010610
0 0.124023 0.301724 0.005859 0.011936
0 0.139648 0.299072 0.005859 0.011936
0 0.155762 0.303714 0.006836 0.013263
0 0.168945 0.288462 0.005859 0.011936
0 0.181152 0.297745 0.006836 0.011936
0 0.198730 0.287135 0.006836 0.011936
0 0.225098 0.295756 0.004883 0.010610
0 0.174805 0.367374 0.007812 0.013263
0 0.189941 0.326923 0.006836 0.011936
0 0.231445 0.350133 0.007812 0.013263
0 0.245117 0.309682 0.005859 0.011936
0 0.273438 0.371353 0.007812 0.015915
0 0.282227 0.368037 0.009766 0.014589
0 0.264648 0.302387 0.005859 0.013263
0 0.277832 0.295093 0.006836 0.011936
0 0.291992 0.305703 0.005859 0.011936
0 0.311523 0.318302 0.005859 0.013263
0 0.311035 0.297745 0.004883 0.011936
0 0.318359 0.296419 0.005859 0.009284
0 0.324219 0.311671 0.005859 0.010610
0 0.329590 0.326260 0.004883 0.010610
0 0.308105 0.382626 0.016602 0.027851
0 0.317383 0.365385 0.009766 0.025199
0 0.328613 0.369363 0.012695 0.022546
0 0.348633 0.373342 0.007812 0.014589
0 0.342773 0.338196 0.005859 0.010610
0 0.335938 0.350796 0.007812 0.011936
0 0.354980 0.351459 0.006836 0.013263
0 0.352051 0.315650 0.006836 0.013263
0 0.383789 0.314324 0.005859 0.010610
0 0.392090 0.337533 0.006836 0.011936
0 0.390137 0.366711 0.014648 0.025199
0 0.385254 0.389257 0.010742 0.027851
0 0.372070 0.393899 0.019531 0.029178
0 0.402832 0.380637 0.010742 0.021220
0 0.406738 0.348806 0.006836 0.013263
0 0.401855 0.338196 0.006836 0.010610
0 0.418945 0.318302 0.005859 0.010610
0 0.397949 0.312334 0.006836 0.009284
0 0.389160 0.305703 0.004883 0.009284
0 0.438965 0.311008 0.004883 0.009284
0 0.481934 0.326923 0.006836 0.011936
0 0.464844 0.318302 0.005859 0.007958
0 0.494141 0.314987 0.005859 0.011936
0 0.490723 0.343501 0.006836 0.013263
0 0.460449 0.372679 0.026367 0.045093
0 0.516602 0.405172 0.021484 0.033156
0 0.526367 0.382626 0.017578 0.027851
0 0.547363 0.393236 0.010742 0.025199
0 0.571777 0.387931 0.018555 0.030504
0 0.616211 0.382626 0.021484 0.035809
0 0.506348 0.341512 0.006836 0.011936
0 0.508301 0.328249 0.004883 0.009284
0 0.520996 0.324934 0.004883 0.010610
0 0.536621 0.306366 0.004883 0.007958
0 0.536621 0.341512 0.004883 0.009284
0 0.560059 0.323607 0.004883 0.010610
0 0.550781 0.314324 0.003906 0.007958
0 0.569824 0.329576 0.004883 0.009284
0 0.565918 0.342175 0.004883 0.010610
0 0.580078 0.354775 0.005859 0.009284
0 0.591797 0.320292 0.003906 0.006631
0 0.588379 0.332891 0.004883 0.007958
0 0.606445 0.335544 0.005859 0.010610
0 0.617188 0.334218 0.003906 0.010610
0 0.632812 0.324271 0.005859 0.009284
0 0.630371 0.393236 0.008789 0.019894
0 0.656250 0.393236 0.013672 0.022546
0 0.664062 0.360080 0.007812 0.011936
0 0.636719 0.356764 0.005859 0.007958
0 0.661133 0.328249 0.005859 0.009284
0 0.657227 0.312997 0.005859 0.007958
0 0.644531 0.324934 0.005859 0.007958
0 0.676758 0.330902 0.005859 0.009284
0 0.686035 0.338196 0.006836 0.010610
0 0.699707 0.346154 0.006836 0.013263
0 0.692383 0.342175 0.005859 0.010610
0 0.705566 0.408488 0.020508 0.026525
0 0.731934 0.417109 0.010742 0.017241
0 0.780762 0.435013 0.022461 0.037135
0 0.832520 0.405172 0.022461 0.035809
0 0.736816 0.379973 0.006836 0.011936
0 0.720215 0.383952 0.006836 0.009284
0 0.725098 0.362732 0.004883 0.009284
0 0.737305 0.352122 0.005859 0.011936
0 0.705078 0.318966 0.005859 0.011936
0 0.731445 0.333554 0.005859 0.009284
0 0.742188 0.329576 0.005859 0.009284
0 0.737793 0.340849 0.004883 0.007958
0 0.759277 0.353448 0.006836 0.011936
0 0.762695 0.372016 0.005859 0.011936
0 0.730957 0.366048 0.004883 0.007958
0 0.748047 0.392573 0.005859 0.010610
0 0.724121 0.392573 0.006836 0.013263
0 0.769043 0.348143 0.004883 0.009284
0 0.760254 0.332228 0.004883 0.009284
0 0.799316 0.332228 0.004883 0.011936
0 0.797363 0.347480 0.008789 0.013263
0 0.853027 0.370027 0.006836 0.013263
0 0.834961 0.345491 0.005859 0.011936
0 0.828125 0.355438 0.005859 0.010610
0 0.819824 0.330902 0.006836 0.009284
0 0.829590 0.329576 0.004883 0.009284
0 0.850098 0.338196 0.004883 0.007958
0 0.844727 0.342838 0.005859 0.009284
0 0.858398 0.342838 0.003906 0.009284
0 0.864746 0.437666 0.018555 0.034483
0 0.911621 0.431034 0.024414 0.037135
0 0.955078 0.409151 0.021484 0.041114
0 0.975586 0.396552 0.017578 0.034483
0 0.871582 0.383952 0.006836 0.011936
0 0.880371 0.358090 0.006836 0.010610
0 0.884277 0.340186 0.004883 0.009284
0 0.891602 0.346154 0.003906 0.007958
0 0.906738 0.348806 0.004883 0.007958
0 0.919922 0.350796 0.005859 0.009284
0 0.928711 0.349469 0.005859 0.009284
0 0.909668 0.364721 0.006836 0.010610
0 0.923340 0.379973 0.006836 0.011936
0 0.991699 0.386605 0.006836 0.011936
0 0.772461 0.369363 0.007812 0.011936
0 0.361328 0.366711 0.007812 0.011936
0 0.362793 0.342838 0.004883 0.009284
0 0.447266 0.318302 0.003906 0.007958
0 0.743164 0.364058 0.005859 0.011936
0 0.062500 0.324271 0.005859 0.011936
