0 0.306641 0.406901 0.021484 0.032552
0 0.135742 0.363932 0.015625 0.022135
0 0.720703 0.150391 0.019531 0.029948
0 0.706055 0.141276 0.015625 0.027344
0 0.639648 0.168620 0.019531 0.024740
0 0.638672 0.218099 0.023438 0.032552
0 0.628906 0.200521 0.015625 0.026042
0 0.668945 0.207031 0.015625 0.023438
0 0.875977 0.167318 0.031250 0.058594
0 0.980469 0.175130 0.035156 0.035156
0 0.949707 0.119792 0.026367 0.041667
0 0.946289 0.087891 0.023438 0.035156
0 0.477539 0.337240 0.017578 0.028646
0 0.415039 0.321615 0.013672 0.028646
0 0.431641 0.322266 0.019531 0.037760
0 0.493652 0.288411 0.016602 0.029948
0 0.439453 0.388021 0.023438 0.033854
0 0.382812 0.329427 0.011719 0.018229
0 0.355469 0.330729 0.015625 0.026042
0 0.343750 0.385417 0.031250 0.052083
0 0.310059 0.360677 0.016602 0.033854
0 0.339355 0.287760 0.014648 0.023438
0 0.366211 0.292318 0.023438 0.029948
0 0.391602 0.453776 0.042969 0.058594
0 0.214355 0.307943 0.014648 0.024740
0 0.270020 0.397135 0.020508 0.036458
0 0.204590 0.421875 0.022461 0.039062
0 0.165527 0.330078 0.016602 0.024740
0 0.551270 0.241536 0.016602 0.029948
0 0.809570 0.251302 0.037109 0.070312
0 0.356934 0.460938 0.028320 0.049479
0 0.823242 0.350260 0.048828 0.085938
0 0.646973 0.493490 0.145508 0.234375
0 0.428223 0.549479 0.063477 0.098958
0 0.296387 0.669922 0.106445 0.167969
0 0.166016 0.583984 0.083984 0.131510
0 0.064941 0.516927 0.069336 0.098958
0 0.102539 0.412109 0.015625 0.024740
0 0.159180 0.429688 0.017578 0.023438
0 0.231934 0.330729 0.020508 0.036458
