0 0.085449 0.447674 0.026367 0.054817
0 0.042969 0.362126 0.015625 0.036545
0 0.093750 0.337209 0.011719 0.026578
0 0.068359 0.352990 0.013672 0.024917
0 0.142090 0.325581 0.008789 0.013289
0 0.187012 0.364618 0.010742 0.024917
0 0.223633 0.442691 0.023438 0.048173
0 0.294922 0.431063 0.015625 0.034884
0 0.287109 0.362126 0.009766 0.019934
0 0.308594 0.375415 0.011719 0.019934
0 0.327637 0.421096 0.024414 0.041528
0 0.148926 0.326412 0.008789 0.014950
0 0.364258 0.426910 0.023438 0.046512
0 0.232910 0.431894 0.016602 0.036545
0 0.406738 0.421927 0.016602 0.036545
0 0.440918 0.436877 0.018555 0.039867
0 0.477051 0.417774 0.020508 0.044850
0 0.453125 0.391196 0.009766 0.018272
0 0.490723 0.409468 0.018555 0.041528
0 0.522461 0.406146 0.019531 0.038206
0 0.440918 0.297342 0.014648 0.023256
0 0.569824 0.389535 0.024414 0.038206
0 0.611816 0.372924 0.018555 0.028239
0 0.608398 0.412791 0.017578 0.031561
0 0.684082 0.416113 0.026367 0.048173
0 0.700684 0.406977 0.018555 0.043189
0 0.723145 0.398671 0.016602 0.036545
0 0.668945 0.388704 0.013672 0.029900
0 0.629395 0.369601 0.012695 0.021595
0 0.647461 0.279900 0.013672 0.024917
0 0.742676 0.412791 0.012695 0.021595
0 0.737793 0.301495 0.010742 0.014950
0 0.787598 0.408638 0.022461 0.046512
0 0.859863 0.435216 0.022461 0.036545
0 0.903809 0.420266 0.018555 0.043189
0 0.922852 0.418605 0.011719 0.023256
0 0.958008 0.416113 0.015625 0.028239
0 0.887695 0.435216 0.013672 0.019934
0 0.973145 0.461794 0.012695 0.023256
0 0.973145 0.408638 0.008789 0.016611
0 0.945312 0.441030 0.009766 0.021595
0 0.971680 0.605482 0.029297 0.044850
0 0.988281 0.652824 0.019531 0.056478
0 0.832520 0.426910 0.010742 0.023256
0 0.815918 0.418605 0.010742 0.023256
0 0.278320 0.450166 0.021484 0.039867
0 0.217773 0.341362 0.011719 0.028239
0 0.243652 0.359635 0.010742 0.021595
0 0.542969 0.394518 0.015625 0.041528
0 0.048828 0.435216 0.017578 0.039867
