0 0.907227 0.392361 0.021484 0.041667
0 0.887207 0.285590 0.020508 0.039931
0 0.880371 0.188368 0.018555 0.036458
0 0.816895 0.164062 0.020508 0.043403
0 0.741211 0.159722 0.015625 0.034722
0 0.821777 0.249132 0.022461 0.046875
0 0.834473 0.383681 0.024414 0.041667
0 0.748535 0.375868 0.022461 0.043403
0 0.755859 0.486111 0.027344 0.048611
0 0.845215 0.497396 0.028320 0.046875
0 0.746582 0.256944 0.018555 0.038194
0 0.669434 0.284722 0.020508 0.041667
0 0.662598 0.195312 0.018555 0.039931
0 0.608887 0.066840 0.022461 0.043403
0 0.608398 0.201389 0.023438 0.045139
0 0.609375 0.276910 0.021484 0.039931
0 0.604004 0.382812 0.022461 0.046875
0 0.676270 0.364583 0.020508 0.045139
0 0.535156 0.282986 0.021484 0.041667
0 0.530762 0.085069 0.018555 0.041667
0 0.529297 0.196181 0.019531 0.038194
0 0.462402 0.244792 0.020508 0.045139
0 0.463867 0.152778 0.017578 0.038194
0 0.461914 0.071181 0.017578 0.041667
0 0.396484 0.107639 0.017578 0.038194
0 0.408203 0.199653 0.017578 0.041667
0 0.388184 0.280382 0.018555 0.043403
0 0.457520 0.361111 0.020508 0.045139
0 0.530273 0.406250 0.019531 0.034722
0 0.375488 0.396701 0.022461 0.039931
0 0.333008 0.150174 0.023438 0.039931
0 0.318848 0.286458 0.018555 0.041667
0 0.268066 0.167535 0.022461 0.036458
0 0.255859 0.292535 0.023438 0.043403
0 0.247559 0.395833 0.024414 0.045139
0 0.311035 0.388889 0.020508 0.045139
0 0.291992 0.472222 0.023438 0.048611
0 0.174316 0.367188 0.024414 0.043403
0 0.181152 0.272569 0.020508 0.038194
0 0.215820 0.202257 0.017578 0.032986
0 0.156738 0.191840 0.020508 0.032986
0 0.129883 0.306424 0.025391 0.039931
0 0.913574 0.799479 0.032227 0.053819
0 0.862793 0.687500 0.026367 0.048611
0 0.783203 0.661458 0.025391 0.045139
0 0.789551 0.765625 0.030273 0.055556
0 0.702637 0.803819 0.028320 0.048611
0 0.707031 0.623264 0.029297 0.055556
0 0.677246 0.488715 0.024414 0.046875
0 0.935059 0.680556 0.028320 0.048611
0 0.516113 0.479167 0.024414 0.052083
0 0.534668 0.607639 0.028320 0.052083
0 0.441895 0.499132 0.022461 0.050347
0 0.368164 0.508681 0.017578 0.034722
0 0.440918 0.673611 0.024414 0.048611
0 0.526367 0.791667 0.027344 0.055556
0 0.615723 0.793403 0.026367 0.052083
0 0.437012 0.804688 0.026367 0.046875
0 0.359863 0.782118 0.028320 0.046875
0 0.367188 0.659722 0.023438 0.045139
0 0.292969 0.603299 0.023438 0.046875
0 0.272461 0.756944 0.023438 0.048611
0 0.204102 0.633681 0.025391 0.045139
0 0.119629 0.598090 0.028320 0.043403
0 0.216309 0.499132 0.024414 0.043403
0 0.144043 0.488715 0.026367 0.043403
0 0.061035 0.496528 0.024414 0.045139
0 0.114746 0.407118 0.024414 0.046875
0 0.182129 0.748264 0.032227 0.052083
0 0.105469 0.791667 0.029297 0.041667
0 0.060059 0.625000 0.026367 0.041667
0 0.902832 0.573785 0.024414 0.043403
0 0.622559 0.642361 0.024414 0.052083
0 0.591797 0.482639 0.023438 0.052083
