0 0.272461 0.248026 0.031250 0.051316
0 0.339355 0.280263 0.030273 0.050000
0 0.303711 0.371053 0.033203 0.057895
0 0.202637 0.470395 0.038086 0.056579
0 0.299805 0.504605 0.035156 0.067105
0 0.437012 0.404605 0.036133 0.051316
0 0.426270 0.580921 0.038086 0.061842
0 0.481445 0.239474 0.031250 0.050000
0 0.564453 0.355263 0.031250 0.047368
0 0.604980 0.284211 0.026367 0.031579
0 0.688477 0.404605 0.033203 0.051316
0 0.688477 0.349342 0.033203 0.046053
0 0.720215 0.324342 0.026367 0.038158
0 0.778809 0.332895 0.030273 0.050000
