0 0.185059 0.387665 0.022461 0.038179
0 0.247070 0.350954 0.017578 0.035242
0 0.305664 0.349486 0.025391 0.046990
0 0.275879 0.388399 0.016602 0.033774
0 0.261719 0.367841 0.011719 0.027900
0 0.141602 0.379589 0.015625 0.030837
0 0.239746 0.368576 0.012695 0.026432
0 0.355957 0.374449 0.022461 0.038179
0 0.390625 0.388399 0.015625 0.024963
0 0.427734 0.347283 0.029297 0.060206
0 0.477539 0.380323 0.009766 0.014684
0 0.498047 0.346549 0.021484 0.044053
0 0.535156 0.341410 0.025391 0.054332
0 0.589355 0.378120 0.004883 0.013216
0 0.640137 0.352423 0.026367 0.049927
0 0.683594 0.383260 0.015625 0.029369
0 0.713867 0.372247 0.023438 0.048458
0 0.870605 0.315712 0.026367 0.052863
0 0.787598 0.303231 0.028320 0.057269
0 0.743652 0.371512 0.018555 0.035242
0 0.935547 0.364170 0.013672 0.035242
0 0.950684 0.345815 0.018555 0.036711
0 0.982910 0.326725 0.016602 0.042584
0 0.930664 0.333333 0.013672 0.029369
0 0.919922 0.342144 0.009766 0.023495
0 0.746094 0.317181 0.007812 0.017621
0 0.043457 0.346549 0.020508 0.026432
0 0.066406 0.375918 0.017578 0.023495
