0 0.034668 0.370443 0.040039 0.066406
0 0.118652 0.254557 0.032227 0.050781
0 0.138184 0.324870 0.036133 0.061198
0 0.241699 0.329427 0.034180 0.054688
0 0.309082 0.251953 0.030273 0.048177
0 0.319824 0.313151 0.032227 0.050781
0 0.381348 0.304688 0.032227 0.059896
0 0.451660 0.287109 0.024414 0.053385
0 0.481445 0.307292 0.033203 0.067708
0 0.522461 0.265625 0.023438 0.028646
0 0.623047 0.306641 0.037109 0.063802
0 0.824219 0.300130 0.029297 0.053385
0 0.788086 0.344401 0.044922 0.076823
0 0.970215 0.291667 0.049805 0.083333
