0 0.512695 0.306366 0.011719 0.021220
0 0.787109 0.415782 0.011719 0.043767
0 0.642578 0.405836 0.007812 0.010610
0 0.685059 0.430371 0.008789 0.017241
0 0.750977 0.429708 0.019531 0.037135
0 0.831055 0.429045 0.005859 0.011936
0 0.857910 0.425066 0.010742 0.022546
0 0.866699 0.422414 0.012695 0.025199
0 0.904785 0.439655 0.034180 0.059682
0 0.916504 0.404509 0.022461 0.047745
0 0.619629 0.407825 0.006836 0.011936
0 0.602539 0.411141 0.003906 0.007958
0 0.563477 0.419098 0.003906 0.007958
0 0.021973 0.423077 0.010742 0.023873
0 0.054688 0.427056 0.033203 0.047745
0 0.098633 0.415782 0.011719 0.022546
0 0.171387 0.392573 0.026367 0.061008
0 0.184570 0.405172 0.005859 0.011936
0 0.231934 0.421088 0.006836 0.014589
0 0.246094 0.414456 0.009766 0.019894
0 0.255859 0.413130 0.005859 0.011936
0 0.285156 0.430371 0.009766 0.019894
0 0.327148 0.417772 0.005859 0.010610
0 0.363281 0.420424 0.007812 0.013263
0 0.346680 0.428382 0.003906 0.007958
0 0.467773 0.379973 0.054688 0.091512
0 0.656250 0.455570 0.031250 0.054377
