0 0.849121 0.616058 0.008789 0.020438
0 0.744141 0.632847 0.009766 0.018978
0 0.723633 0.615328 0.007812 0.016058
0 0.668945 0.636496 0.015625 0.026277
0 0.687012 0.622628 0.008789 0.018978
0 0.696777 0.626277 0.008789 0.020438
0 0.605957 0.631387 0.012695 0.027737
0 0.632324 0.581752 0.014648 0.027737
0 0.618164 0.628467 0.009766 0.018978
0 0.509277 0.635766 0.006836 0.013139
0 0.478027 0.620438 0.006836 0.014599
0 0.471191 0.621168 0.006836 0.016058
0 0.436035 0.617518 0.008789 0.008759
0 0.413086 0.628467 0.009766 0.016058
0 0.312500 0.583212 0.042969 0.100730
0 0.365723 0.617518 0.006836 0.014599
0 0.275391 0.624088 0.005859 0.013139
0 0.344727 0.628467 0.007812 0.013139
0 0.495605 0.636496 0.008789 0.014599
