0 0.095215 0.894428 0.188477 0.202346
0 0.209473 0.611437 0.055664 0.111437
0 0.259277 0.654692 0.067383 0.142229
0 0.183594 0.470674 0.050781 0.105572
0 0.224609 0.427419 0.027344 0.057185
0 0.143066 0.406158 0.022461 0.041056
0 0.134277 0.464809 0.034180 0.076246
0 0.082031 0.481672 0.031250 0.063050
0 0.030273 0.453079 0.029297 0.049853
0 0.409180 0.497067 0.042969 0.073314
0 0.540039 0.598974 0.048828 0.080645
0 0.468750 0.421554 0.033203 0.077713
0 0.545410 0.450147 0.030273 0.061584
0 0.527344 0.442082 0.029297 0.051320
0 0.634277 0.398827 0.028320 0.058651
0 0.678223 0.505865 0.061523 0.131965
0 0.755859 0.427419 0.031250 0.063050
0 0.866211 0.365103 0.027344 0.043988
0 0.908203 0.337977 0.023438 0.042522
0 0.936035 0.318182 0.022461 0.043988
0 0.618164 0.335777 0.011719 0.026393
0 0.668457 0.326246 0.012695 0.027859
0 0.712891 0.335044 0.013672 0.027859
0 0.727539 0.313783 0.009766 0.020528
0 0.745605 0.307185 0.008789 0.016129
0 0.766113 0.304985 0.010742 0.023460
0 0.746582 0.349707 0.008789 0.019062
0 0.802246 0.313783 0.008789 0.011730
0 0.791992 0.301320 0.007812 0.013196
0 0.836426 0.309384 0.006836 0.011730
0 0.874512 0.302053 0.010742 0.023460
0 0.956055 0.293255 0.011719 0.023460
0 0.981445 0.295455 0.007812 0.016129
