0 0.457031 0.467635 0.058594 0.097754
0 0.018555 0.472259 0.021484 0.040951
0 0.051758 0.496697 0.021484 0.034346
0 0.136230 0.455746 0.038086 0.050198
0 0.187500 0.498018 0.013672 0.029062
0 0.357910 0.366579 0.051758 0.088507
0 0.409180 0.509908 0.015625 0.026420
0 0.539062 0.471598 0.027344 0.052840
0 0.581055 0.490753 0.017578 0.035667
0 0.757324 0.500661 0.041992 0.071334
0 0.822754 0.498679 0.022461 0.048877
0 0.854980 0.501321 0.018555 0.043593
0 0.871094 0.508587 0.011719 0.026420
0 0.883789 0.502642 0.011719 0.025099
0 0.914551 0.540951 0.018555 0.030383
0 0.934570 0.508587 0.015625 0.031704
0 0.960449 0.517173 0.016602 0.035667
0 0.968262 0.562087 0.018555 0.027741
