0 0.325684 0.560105 0.071289 0.148084
0 0.172852 0.463415 0.058594 0.118467
0 0.376465 0.445993 0.051758 0.114983
0 0.112305 0.433798 0.044922 0.094077
0 0.053223 0.368467 0.036133 0.074913
0 0.108398 0.356272 0.037109 0.071429
0 0.279297 0.372822 0.033203 0.076655
0 0.308105 0.439895 0.043945 0.085366
0 0.677246 0.573171 0.122070 0.292683
0 0.518066 0.439024 0.051758 0.108014
0 0.762695 0.546167 0.060547 0.182927
0 0.189453 0.407666 0.031250 0.076655
0 0.352051 0.344948 0.020508 0.038328
0 0.377930 0.369338 0.023438 0.055749
0 0.461914 0.418118 0.033203 0.087108
0 0.550781 0.409408 0.029297 0.069686
0 0.007812 0.378920 0.015625 0.064460
0 0.566895 0.357143 0.020508 0.052265
