0 0.212891 0.722628 0.031250 0.052555
0 0.244629 0.567153 0.014648 0.024818
0 0.190918 0.544526 0.008789 0.017518
0 0.251465 0.539416 0.008789 0.018978
0 0.290527 0.545985 0.010742 0.017518
0 0.307129 0.570803 0.012695 0.023358
0 0.353516 0.568613 0.009766 0.018978
0 0.343262 0.539416 0.008789 0.016058
0 0.380371 0.544526 0.008789 0.014599
0 0.410156 0.569343 0.009766 0.017518
0 0.417480 0.531387 0.008789 0.014599
0 0.034668 0.578102 0.012695 0.029197
0 0.038086 0.549635 0.009766 0.016058
0 0.536621 0.685401 0.020508 0.042336
0 0.507324 0.605109 0.016602 0.030657
0 0.470215 0.562774 0.010742 0.018978
0 0.582031 0.556204 0.007812 0.014599
0 0.508301 0.543796 0.006836 0.016058
0 0.539062 0.544526 0.007812 0.014599
0 0.567383 0.543066 0.007812 0.011679
0 0.429199 0.544526 0.010742 0.014599
0 0.467285 0.532847 0.006836 0.014599
0 0.677734 0.548905 0.007812 0.014599
0 0.702148 0.540146 0.005859 0.014599
0 0.697266 0.538686 0.005859 0.011679
0 0.721191 0.537226 0.006836 0.014599
0 0.621582 0.529927 0.006836 0.011679
0 0.601074 0.540876 0.006836 0.013139
0 0.616211 0.559854 0.007812 0.013139
0 0.516113 0.529927 0.006836 0.008759
0 0.746094 0.545985 0.005859 0.011679
0 0.760254 0.542336 0.006836 0.010219
0 0.451172 0.956934 0.021484 0.042336
0 0.795410 0.625547 0.006836 0.016058
0 0.830566 0.548905 0.006836 0.011679
0 0.887695 0.531387 0.005859 0.011679
0 0.908691 0.532847 0.006836 0.011679
0 0.937012 0.551095 0.006836 0.013139
0 0.866211 0.535036 0.005859 0.010219
0 0.810547 0.554015 0.007812 0.013139
0 0.859375 0.567883 0.007812 0.017518
