0 0.043945 0.526093 0.031250 0.047955
0 0.049805 0.467560 0.013672 0.023977
0 0.069336 0.459803 0.009766 0.016925
0 0.103027 0.456982 0.014648 0.031030
0 0.094238 0.452750 0.006836 0.014104
0 0.187012 0.449224 0.012695 0.026798
0 0.165527 0.446403 0.002930 0.007052
0 0.263672 0.440056 0.017578 0.025388
0 0.349121 0.502821 0.036133 0.057828
0 0.395508 0.511283 0.021484 0.035261
0 0.503418 0.595910 0.026367 0.055007
0 0.661621 0.512694 0.026367 0.052186
0 0.590332 0.541608 0.028320 0.053597
0 0.585938 0.447109 0.023438 0.039492
0 0.533203 0.502116 0.005859 0.011283
0 0.624512 0.491537 0.014648 0.035261
0 0.728027 0.476728 0.008789 0.014104
0 0.615234 0.464034 0.017578 0.031030
0 0.872070 0.435120 0.027344 0.049365
0 0.910645 0.563470 0.018555 0.029619
0 0.971191 0.500705 0.008789 0.014104
0 0.132324 0.495063 0.024414 0.039492
