0 0.912598 0.195584 0.045898 0.094637
0 0.865234 0.276814 0.031250 0.070978
0 0.790527 0.231073 0.034180 0.074132
0 0.685547 0.304416 0.029297 0.059937
0 0.735352 0.291009 0.029297 0.058360
0 0.980469 0.040221 0.015625 0.036278
0 0.308105 0.064669 0.018555 0.037855
0 0.700684 0.273659 0.020508 0.055205
0 0.465820 0.177445 0.041016 0.083596
0 0.335449 0.317035 0.024414 0.059937
0 0.355957 0.292587 0.026367 0.061514
0 0.292969 0.230284 0.027344 0.050473
0 0.226562 0.347003 0.027344 0.056782
0 0.144043 0.250789 0.022461 0.044164
0 0.215332 0.315457 0.028320 0.056782
0 0.200684 0.270505 0.024414 0.048896
0 0.095703 0.241325 0.039062 0.075710
0 0.050293 0.270505 0.028320 0.048896
0 0.031250 0.236593 0.025391 0.053628
0 0.647461 0.289432 0.027344 0.048896
0 0.620117 0.240536 0.025391 0.048896
0 0.956543 0.262618 0.028320 0.058360
0 0.917480 0.048107 0.014648 0.029968
0 0.690918 0.059148 0.018555 0.033123
0 0.629395 0.070978 0.014648 0.031546
0 0.552246 0.070978 0.014648 0.034700
0 0.497070 0.048896 0.017578 0.034700
0 0.375488 0.065457 0.018555 0.036278
