0 0.219238 0.226562 0.016602 0.028125
0 0.177246 0.297656 0.018555 0.029687
0 0.125000 0.340625 0.017578 0.031250
0 0.221191 0.360938 0.016602 0.034375
0 0.264160 0.300000 0.016602 0.031250
0 0.314453 0.248438 0.017578 0.034375
0 0.350098 0.296094 0.016602 0.029687
0 0.301270 0.357812 0.018555 0.034375
0 0.228027 0.486719 0.020508 0.035937
0 0.264648 0.451562 0.019531 0.031250
0 0.181641 0.440625 0.019531 0.028125
0 0.144531 0.489844 0.021484 0.032813
0 0.058594 0.474219 0.021484 0.035937
0 0.380859 0.368750 0.017578 0.031250
0 0.347168 0.435937 0.018555 0.034375
0 0.315918 0.498437 0.020508 0.034375
0 0.400391 0.510938 0.021484 0.037500
0 0.415527 0.428125 0.018555 0.034375
0 0.475586 0.496875 0.021484 0.037500
0 0.490723 0.425000 0.018555 0.034375
0 0.444824 0.227344 0.014648 0.026562
0 0.418457 0.287500 0.018555 0.031250
0 0.454590 0.350781 0.016602 0.029687
0 0.510254 0.299219 0.016602 0.029687
0 0.545898 0.356250 0.019531 0.034375
0 0.565430 0.231250 0.013672 0.034375
0 0.585449 0.320312 0.016602 0.031250
0 0.591309 0.409375 0.018555 0.034375
0 0.558594 0.475781 0.019531 0.035937
0 0.635742 0.360156 0.017578 0.032813
0 0.665039 0.303906 0.015625 0.029687
0 0.657227 0.491406 0.021484 0.035937
0 0.685059 0.418750 0.018555 0.028125
0 0.710938 0.357812 0.017578 0.034375
0 0.737793 0.311719 0.016602 0.029687
0 0.739258 0.480469 0.019531 0.042188
0 0.699707 0.258594 0.016602 0.026562
0 0.773438 0.239063 0.013672 0.025000
0 0.812988 0.293750 0.018555 0.031250
0 0.853516 0.353906 0.019531 0.029687
0 0.791504 0.371875 0.018555 0.031250
0 0.777344 0.420312 0.017578 0.034375
0 0.860352 0.432812 0.019531 0.034375
0 0.820312 0.480469 0.021484 0.035937
0 0.915527 0.489844 0.022461 0.035937
