0 0.169434 0.326754 0.018555 0.039474
0 0.240234 0.266813 0.021484 0.036550
0 0.279297 0.275585 0.037109 0.059942
0 0.372070 0.294591 0.031250 0.054094
0 0.461914 0.302632 0.035156 0.064327
0 0.576660 0.277778 0.032227 0.055556
0 0.392578 0.314327 0.011719 0.026316
0 0.403809 0.314327 0.010742 0.023392
0 0.332031 0.321637 0.011719 0.032164
0 0.315430 0.312865 0.015625 0.029240
0 0.523438 0.318713 0.011719 0.026316
0 0.538574 0.328216 0.016602 0.030702
0 0.609863 0.307749 0.012695 0.027778
0 0.633301 0.322368 0.010742 0.021930
0 0.675781 0.335526 0.025391 0.042398
0 0.700684 0.339181 0.014648 0.032164
0 0.764160 0.339181 0.014648 0.029240
0 0.788574 0.339181 0.016602 0.032164
0 0.803223 0.298977 0.014648 0.036550
0 0.876465 0.334795 0.016602 0.032164
0 0.915527 0.353070 0.016602 0.030702
0 0.945801 0.332602 0.018555 0.036550
