0 0.113281 0.475219 0.009766 0.014577
0 0.170410 0.461370 0.010742 0.018950
0 0.249023 0.534985 0.023438 0.046647
0 0.289062 0.457726 0.005859 0.011662
0 0.298828 0.461370 0.005859 0.013120
0 0.378418 0.499271 0.024414 0.051020
0 0.523438 0.525510 0.021484 0.042274
0 0.580078 0.521866 0.029297 0.052478
0 0.668945 0.553936 0.015625 0.026239
0 0.617676 0.547376 0.010742 0.021866
0 0.721191 0.530612 0.014648 0.023324
0 0.743164 0.530612 0.011719 0.020408
0 0.749512 0.464286 0.012695 0.021866
0 0.730957 0.459913 0.012695 0.018950
0 0.687500 0.483965 0.013672 0.020408
0 0.629395 0.458455 0.010742 0.021866
0 0.812012 0.553207 0.010742 0.018950
0 0.779297 0.472303 0.011719 0.023324
0 0.766602 0.462099 0.011719 0.026239
0 0.758789 0.438047 0.007812 0.018950
0 0.788574 0.440233 0.008789 0.014577
0 0.808105 0.443878 0.008789 0.013120
0 0.814941 0.462828 0.010742 0.021866
0 0.845703 0.460641 0.013672 0.023324
0 0.865723 0.448980 0.004883 0.011662
