0 0.937500 0.369343 0.042969 0.070073
0 0.895020 0.372993 0.036133 0.056934
0 0.821289 0.366423 0.037109 0.061314
0 0.752930 0.374453 0.041016 0.062774
0 0.719238 0.375182 0.036133 0.058394
0 0.651855 0.369343 0.036133 0.055474
0 0.574219 0.378832 0.039062 0.062774
0 0.477051 0.367883 0.034180 0.058394
0 0.391113 0.370073 0.047852 0.059854
0 0.312500 0.383212 0.037109 0.059854
0 0.236816 0.371533 0.041992 0.065693
0 0.146484 0.391971 0.037109 0.056934
0 0.094727 0.375182 0.027344 0.049635
0 0.040039 0.370803 0.042969 0.067153
0 0.253418 0.386861 0.020508 0.040876
0 0.993164 0.356204 0.013672 0.058394
0 0.419922 0.378832 0.025391 0.056934
0 0.358398 0.386861 0.037109 0.055474
0 0.191406 0.390511 0.042969 0.059854
0 0.515137 0.377372 0.036133 0.051095
