0 0.389160 0.303894 0.038086 0.051460
0 0.337402 0.308067 0.030273 0.051460
0 0.296875 0.309458 0.027344 0.045897
0 0.260742 0.307371 0.025391 0.047288
0 0.226074 0.303894 0.028320 0.045897
0 0.197754 0.299722 0.024414 0.043115
0 0.157227 0.308762 0.025391 0.030598
0 0.125000 0.310153 0.025391 0.036161
0 0.081543 0.308067 0.024414 0.034771
0 0.104492 0.312935 0.017578 0.022253
0 0.048828 0.311544 0.013672 0.025035
0 0.032715 0.310153 0.014648 0.025035
0 0.780273 0.294159 0.031250 0.057024
0 0.706543 0.303894 0.030273 0.040334
0 0.638672 0.301113 0.029297 0.040334
0 0.574219 0.303894 0.025391 0.037552
0 0.741699 0.313630 0.016602 0.029207
0 0.652832 0.310848 0.014648 0.020862
0 0.585938 0.315716 0.013672 0.022253
0 0.795410 0.318498 0.018555 0.027816
0 0.833496 0.302503 0.028320 0.043115
0 0.855469 0.309458 0.017578 0.029207
0 0.903809 0.309458 0.026367 0.048679
0 0.518066 0.304590 0.024414 0.027816
0 0.540527 0.308762 0.016602 0.019471
0 0.467773 0.310848 0.025391 0.029207
0 0.416504 0.309458 0.016602 0.031989
0 0.425781 0.316412 0.015625 0.026426
0 0.931152 0.324757 0.016602 0.031989
0 0.979980 0.305285 0.030273 0.048679
