0 0.572754 0.913309 0.024414 0.026619
0 0.339844 0.847842 0.019531 0.020863
0 0.468750 0.800719 0.019531 0.021583
0 0.505371 0.764029 0.014648 0.015827
0 0.732422 0.941007 0.021484 0.023022
0 0.290039 0.698561 0.017578 0.015827
0 0.827148 0.578777 0.013672 0.015108
0 0.836914 0.593525 0.015625 0.015827
0 0.785645 0.534532 0.014648 0.012950
0 0.687988 0.578777 0.010742 0.013669
0 0.086426 0.559712 0.012695 0.012950
0 0.140625 0.544604 0.011719 0.011511
0 0.425781 0.489928 0.009766 0.008633
0 0.363281 0.533094 0.009766 0.011511
0 0.373047 0.508633 0.009766 0.010072
0 0.122559 0.862590 0.014648 0.018705
0 0.262695 0.930576 0.017578 0.020863
0 0.708496 0.574820 0.008789 0.012950
0 0.759277 0.644964 0.012695 0.013669
0 0.542480 0.797842 0.012695 0.014388
0 0.334961 0.887770 0.025391 0.024460
0 0.238770 0.738849 0.012695 0.015827
0 0.644531 0.629496 0.017578 0.015827
