0 0.072754 0.407895 0.049805 0.067251
0 0.060547 0.300439 0.033203 0.057018
0 0.211914 0.325292 0.017578 0.036550
0 0.275879 0.448830 0.047852 0.093567
0 0.238281 0.214912 0.009766 0.017544
0 0.249512 0.198099 0.006836 0.013158
0 0.388184 0.213450 0.010742 0.017544
0 0.441895 0.291667 0.014648 0.027778
0 0.448730 0.613304 0.077148 0.130117
0 0.430664 0.351608 0.031250 0.059942
0 0.492676 0.293860 0.022461 0.038012
0 0.497070 0.363304 0.037109 0.071637
0 0.599121 0.277047 0.024414 0.042398
0 0.674805 0.403509 0.039062 0.070175
0 0.658691 0.279240 0.016602 0.038012
0 0.503906 0.225146 0.009766 0.017544
0 0.595703 0.225877 0.009766 0.016082
0 0.768066 0.372076 0.038086 0.062865
0 0.555664 0.211257 0.005859 0.013158
0 0.606445 0.212719 0.009766 0.016082
0 0.550293 0.206140 0.006836 0.014620
0 0.692383 0.237573 0.011719 0.024854
0 0.642090 0.240497 0.010742 0.019006
0 0.629883 0.252924 0.009766 0.020468
0 0.709961 0.241228 0.009766 0.017544
0 0.719727 0.221491 0.007812 0.016082
0 0.736816 0.217836 0.006836 0.011696
0 0.756836 0.290936 0.027344 0.055556
0 0.843262 0.323099 0.026367 0.046784
0 0.791016 0.277778 0.013672 0.026316
0 0.906250 0.337719 0.042969 0.073099
0 0.917480 0.263889 0.016602 0.033626
0 0.944824 0.256579 0.016602 0.030702
0 0.873535 0.540205 0.063477 0.100877
0 0.957031 0.657895 0.085938 0.239766
0 0.586426 0.184211 0.010742 0.020468
0 0.524902 0.195175 0.012695 0.021930
0 0.943359 0.213450 0.009766 0.017544
0 0.870117 0.221491 0.007812 0.013158
0 0.648926 0.201754 0.006836 0.008772
0 0.088867 0.221491 0.007812 0.013158
0 0.074219 0.210526 0.007812 0.014620
0 0.107910 0.211988 0.006836 0.014620
