0 0.916016 0.490234 0.013672 0.022135
0 0.885742 0.510417 0.017578 0.026042
0 0.846680 0.532552 0.021484 0.031250
0 0.772949 0.537760 0.022461 0.036458
0 0.765625 0.485677 0.013672 0.020833
0 0.737793 0.521484 0.016602 0.027344
0 0.622559 0.566406 0.026367 0.036458
0 0.617676 0.531250 0.026367 0.039062
0 0.534180 0.498047 0.013672 0.022135
0 0.484863 0.557943 0.030273 0.042969
0 0.517578 0.501953 0.007812 0.016927
0 0.515137 0.484375 0.010742 0.018229
0 0.418945 0.527995 0.025391 0.042969
0 0.369141 0.519531 0.019531 0.028646
0 0.363281 0.472656 0.009766 0.015625
0 0.385742 0.463542 0.005859 0.010417
0 0.384766 0.475911 0.003906 0.006510
0 0.198242 0.614583 0.039062 0.059896
0 0.070801 0.615885 0.038086 0.062500
0 0.185547 0.527995 0.025391 0.045573
0 0.187988 0.790365 0.057617 0.096354
0 0.144531 0.501302 0.015625 0.028646
0 0.320801 0.455078 0.002930 0.006510
0 0.309570 0.454427 0.003906 0.007812
0 0.222656 0.561849 0.031250 0.042969
