0 0.128906 0.737630 0.031250 0.035156
0 0.351074 0.756510 0.026367 0.041667
0 0.379883 0.757161 0.031250 0.053385
0 0.262695 0.546224 0.009766 0.019531
0 0.432617 0.787109 0.029297 0.048177
0 0.622559 0.644531 0.022461 0.028646
0 0.615234 0.585286 0.015625 0.027344
0 0.627441 0.582682 0.004883 0.011719
0 0.579590 0.603516 0.014648 0.024740
0 0.562012 0.550781 0.012695 0.018229
0 0.412109 0.497396 0.013672 0.020833
0 0.431152 0.503255 0.006836 0.016927
0 0.367188 0.483724 0.009766 0.016927
0 0.601562 0.478516 0.007812 0.011719
0 0.480469 0.437500 0.007812 0.013021
0 0.506836 0.527344 0.007812 0.013021
0 0.575195 0.450521 0.007812 0.013021
0 0.587402 0.477865 0.006836 0.010417
0 0.608887 0.482422 0.004883 0.009115
0 0.591797 0.457031 0.005859 0.010417
0 0.110840 0.095052 0.008789 0.015625
0 0.101074 0.089844 0.008789 0.018229
0 0.121582 0.100260 0.004883 0.010417
0 0.964355 0.697266 0.020508 0.040365
0 0.855469 0.460938 0.007812 0.013021
0 0.836426 0.458984 0.006836 0.011719
0 0.845215 0.449219 0.004883 0.007812
0 0.800293 0.451823 0.008789 0.013021
0 0.920410 0.473958 0.004883 0.010417
0 0.916016 0.477214 0.005859 0.006510
0 0.244141 0.086589 0.009766 0.014323
0 0.229004 0.084635 0.006836 0.007812
0 0.212402 0.082031 0.008789 0.013021
0 0.694336 0.408854 0.005859 0.007812
