0 0.070801 0.688151 0.010742 0.014323
0 0.107910 0.697917 0.006836 0.015625
0 0.510254 0.861979 0.010742 0.015625
0 0.962402 0.567057 0.006836 0.011719
0 0.055176 0.175130 0.004883 0.006510
0 0.048828 0.187500 0.003906 0.005208
0 0.047363 0.198568 0.002930 0.003906
0 0.159668 0.149089 0.004883 0.006510
0 0.186035 0.145833 0.002930 0.005208
0 0.208496 0.136719 0.002930 0.005208
0 0.214844 0.136068 0.003906 0.006510
0 0.232422 0.156901 0.005859 0.006510
0 0.256348 0.144531 0.002930 0.005208
0 0.251953 0.142578 0.003906 0.003906
0 0.303223 0.143229 0.002930 0.005208
0 0.317383 0.131510 0.003906 0.005208
0 0.347168 0.119792 0.002930 0.005208
0 0.375488 0.107422 0.002930 0.003906
0 0.392090 0.110677 0.002930 0.005208
0 0.403809 0.103516 0.002930 0.006510
0 0.416016 0.106120 0.001953 0.003906
0 0.429199 0.106120 0.002930 0.003906
0 0.437500 0.111979 0.001953 0.005208
0 0.434570 0.098958 0.001953 0.002604
0 0.491699 0.114583 0.002930 0.002604
0 0.496582 0.119792 0.002930 0.005208
0 0.450684 0.092448 0.002930 0.005208
0 0.462891 0.094401 0.003906 0.006510
0 0.446289 0.089193 0.003906 0.003906
0 0.444336 0.063802 0.001953 0.002604
0 0.456055 0.070312 0.003906 0.005208
0 0.462402 0.069010 0.002930 0.005208
0 0.460449 0.061198 0.002930 0.002604
0 0.885742 0.434245 0.007812 0.009115
0 0.566406 0.559245 0.007812 0.011719
0 0.596191 0.566406 0.006836 0.007812
0 0.620605 0.559896 0.008789 0.010417
0 0.571777 0.554688 0.004883 0.010417
0 0.575684 0.546875 0.004883 0.007812
0 0.584473 0.548177 0.004883 0.010417
0 0.428223 0.059896 0.002930 0.005208
