0 0.969238 0.663411 0.010742 0.019531
0 0.995605 0.654297 0.006836 0.011719
0 0.981445 0.667969 0.011719 0.018229
0 0.988770 0.647135 0.006836 0.013021
0 0.989746 0.636068 0.006836 0.011719
0 0.951660 0.638021 0.004883 0.010417
0 0.922363 0.639974 0.006836 0.011719
0 0.910645 0.645833 0.006836 0.010417
0 0.882324 0.660156 0.006836 0.010417
0 0.849121 0.656250 0.012695 0.018229
0 0.416016 0.634115 0.005859 0.010417
0 0.434082 0.634115 0.006836 0.007812
0 0.455078 0.629557 0.005859 0.011719
0 0.400879 0.626302 0.006836 0.007812
0 0.369629 0.615234 0.004883 0.009115
0 0.170410 0.621094 0.008789 0.013021
0 0.217773 0.617839 0.007812 0.014323
0 0.172363 0.609375 0.006836 0.015625
0 0.800293 0.631510 0.004883 0.010417
0 0.704102 0.646484 0.005859 0.011719
0 0.815918 0.630208 0.002930 0.007812
0 0.765625 0.648438 0.005859 0.010417
0 0.779297 0.624349 0.003906 0.009115
0 0.356445 0.621745 0.003906 0.009115
0 0.425781 0.622396 0.007812 0.010417
0 0.157227 0.639323 0.007812 0.013021
