0 0.375488 0.995228 0.014648 0.009543
0 0.274414 0.991820 0.013672 0.012270
0 0.309082 0.986367 0.008789 0.008180
0 0.781250 0.840491 0.023438 0.020450
0 0.997559 0.785958 0.004883 0.006817
0 0.487793 0.773006 0.016602 0.013633
0 0.211914 0.853102 0.019531 0.015678
0 0.083008 0.754942 0.015625 0.014315
0 0.359375 0.670757 0.013672 0.009543
0 0.509277 0.620314 0.012695 0.009543
0 0.768555 0.670757 0.011719 0.010907
0 0.678223 0.674506 0.020508 0.014315
0 0.702148 0.665303 0.005859 0.004090
0 0.915039 0.635992 0.011719 0.009543
0 0.825684 0.639059 0.010742 0.008862
0 0.873535 0.631902 0.004883 0.004090
0 0.200684 0.574642 0.010742 0.006817
0 0.582031 0.579755 0.013672 0.010225
0 0.518555 0.573279 0.009766 0.010907
0 0.591797 0.539536 0.011719 0.007498
0 0.674805 0.502045 0.007812 0.007498
0 0.326172 0.522495 0.011719 0.007498
0 0.955078 0.582140 0.017578 0.012270
0 0.957031 0.527267 0.011719 0.010225
0 0.968750 0.488753 0.011719 0.008180
0 0.961914 0.464894 0.009766 0.006817
0 0.906738 0.467962 0.008789 0.006135
0 0.918457 0.467621 0.004883 0.005453
0 0.968750 0.442740 0.009766 0.007498
0 0.917480 0.446489 0.010742 0.005453
0 0.906250 0.441036 0.005859 0.005453
0 0.652344 0.460804 0.007812 0.006817
0 0.604004 0.460804 0.006836 0.005453
0 0.682129 0.431152 0.006836 0.006135
0 0.676758 0.388548 0.009766 0.006817
0 0.628418 0.350375 0.006836 0.005453
0 0.698242 0.376960 0.009766 0.006817
0 0.585938 0.351397 0.005859 0.004772
0 0.421875 0.452284 0.007812 0.006135
0 0.361816 0.459100 0.010742 0.007498
0 0.430664 0.399455 0.009766 0.006817
0 0.415527 0.362304 0.008789 0.006135
0 0.361816 0.368439 0.008789 0.007498
0 0.372070 0.310498 0.009766 0.007498
0 0.322754 0.311520 0.006836 0.005453
0 0.362305 0.312543 0.005859 0.004772
0 0.197754 0.378323 0.008789 0.005453
0 0.607422 0.329243 0.007812 0.005453
0 0.560547 0.329925 0.007812 0.005453
0 0.573730 0.328562 0.004883 0.004090
0 0.550293 0.312883 0.006836 0.005453
0 0.527832 0.282209 0.008789 0.005453
0 0.510254 0.282890 0.004883 0.004090
0 0.518066 0.280845 0.004883 0.004090
0 0.479980 0.283572 0.006836 0.005453
0 0.497070 0.264826 0.005859 0.004772
0 0.472168 0.261759 0.004883 0.004090
0 0.456055 0.260395 0.005859 0.004090
0 0.459473 0.267212 0.004883 0.004090
0 0.493652 0.261077 0.002930 0.002727
0 0.913574 0.385821 0.008789 0.008180
0 0.870605 0.389571 0.008789 0.008862
0 0.857422 0.326176 0.007812 0.006135
0 0.936035 0.267553 0.006836 0.006135
0 0.943848 0.266871 0.004883 0.003408
0 0.876953 0.245740 0.005859 0.004772
0 0.867188 0.242331 0.005859 0.004772
0 0.764648 0.284254 0.007812 0.005453
0 0.728027 0.286639 0.008789 0.006135
0 0.694336 0.261077 0.007812 0.005453
0 0.666016 0.263463 0.007812 0.006135
0 0.645508 0.238582 0.003906 0.002727
0 0.653320 0.238241 0.005859 0.006135
0 0.611816 0.243013 0.006836 0.006135
0 0.777832 0.215406 0.004883 0.004090
0 0.690918 0.188821 0.006836 0.005453
0 0.559082 0.213361 0.006836 0.005453
0 0.520020 0.214383 0.006836 0.004772
0 0.488281 0.183367 0.005859 0.005453
0 0.431152 0.230402 0.006836 0.005453
0 0.391602 0.235855 0.005859 0.006817
0 0.377441 0.205521 0.006836 0.006135
0 0.410156 0.171779 0.005859 0.005453
0 0.229004 0.270620 0.008789 0.006817
0 0.242188 0.258691 0.005859 0.004772
0 0.185059 0.271643 0.006836 0.007498
0 0.228516 0.235515 0.007812 0.006135
0 0.182129 0.236878 0.006836 0.003408
0 0.086426 0.205521 0.004883 0.003408
0 0.082031 0.202795 0.005859 0.003408
0 0.040039 0.202795 0.005859 0.003408
0 0.291992 0.180300 0.007812 0.006135
0 0.247070 0.166667 0.005859 0.004772
0 0.183105 0.146558 0.004883 0.004090
0 0.099121 0.127471 0.006836 0.005453
0 0.568359 0.148262 0.005859 0.004772
0 0.551270 0.152011 0.004883 0.004090
0 0.497559 0.137014 0.006836 0.005453
0 0.443359 0.125767 0.005859 0.004772
0 0.416016 0.128494 0.005859 0.006135
0 0.374023 0.157123 0.003906 0.003408
0 0.371582 0.102590 0.006836 0.004772
0 0.342773 0.102931 0.007812 0.005453
0 0.319336 0.118950 0.003906 0.003408
0 0.215820 0.105999 0.005859 0.004772
0 0.183594 0.109066 0.005859 0.004090
0 0.202637 0.086912 0.004883 0.003408
0 0.136719 0.089639 0.005859 0.004772
0 0.154297 0.069870 0.003906 0.003408
0 0.114746 0.070893 0.004883 0.004090
0 0.064941 0.066121 0.004883 0.002727
0 0.070801 0.068166 0.004883 0.002727
0 0.064453 0.082822 0.005859 0.003408
0 0.018555 0.114519 0.005859 0.002727
