0 0.599609 0.884728 0.011719 0.019090
0 0.746094 0.711454 0.007812 0.013216
0 0.490723 0.662261 0.008789 0.014684
0 0.449707 0.502203 0.006836 0.011747
0 0.401367 0.506608 0.007812 0.011747
0 0.969238 0.978708 0.010742 0.016153
0 0.616699 0.508811 0.004883 0.010279
0 0.287598 0.886931 0.010742 0.014684
0 0.276367 0.716593 0.009766 0.014684
0 0.040039 0.785609 0.009766 0.014684
0 0.002930 0.791483 0.005859 0.020558
0 0.050781 0.565345 0.007812 0.011747
0 0.082031 0.480176 0.007812 0.008811
0 0.262207 0.562408 0.010742 0.017621
0 0.259766 0.502203 0.007812 0.011747
0 0.213379 0.505874 0.008789 0.013216
0 0.241211 0.441263 0.005859 0.010279
