0 0.349609 0.162237 0.048828 0.056478
0 0.624023 0.176080 0.060547 0.050941
0 0.416992 0.395349 0.052734 0.057586
0 0.037598 0.263012 0.012695 0.016611
0 0.095215 0.261351 0.012695 0.017719
0 0.060059 0.260244 0.012695 0.019934
0 0.114258 0.260797 0.011719 0.016611
0 0.202148 0.263012 0.009766 0.016611
0 0.761230 0.279623 0.010742 0.014396
0 0.814453 0.277962 0.011719 0.019934
0 0.833984 0.279623 0.011719 0.018826
0 0.890625 0.272979 0.011719 0.016611
0 0.854004 0.273533 0.012695 0.017719
0 0.063477 0.303433 0.007812 0.015504
0 0.008301 0.272425 0.010742 0.015504
0 0.018555 0.232004 0.011719 0.014396
0 0.038574 0.232004 0.008789 0.014396
0 0.092285 0.229236 0.012695 0.013289
0 0.128906 0.234773 0.007812 0.013289
0 0.163574 0.251938 0.014648 0.021041
0 0.163086 0.213732 0.009766 0.013289
0 0.153809 0.187154 0.006836 0.011074
0 0.154297 0.149502 0.007812 0.015504
0 0.137695 0.165006 0.007812 0.011074
0 0.119141 0.187708 0.007812 0.009967
0 0.127930 0.205980 0.007812 0.013289
0 0.093750 0.162791 0.009766 0.015504
0 0.091309 0.213178 0.012695 0.014396
0 0.045898 0.204873 0.007812 0.013289
0 0.017578 0.209302 0.011719 0.013289
0 0.036621 0.185493 0.006836 0.012182
0 0.027832 0.158361 0.008789 0.015504
0 0.013672 0.021595 0.009766 0.009967
0 0.046387 0.021041 0.008789 0.011074
0 0.019531 0.040975 0.005859 0.011074
0 0.062500 0.037099 0.007812 0.012182
0 0.093750 0.037652 0.009766 0.011074
0 0.027832 0.063677 0.008789 0.012182
0 0.004883 0.110188 0.007812 0.016611
0 0.049316 0.135105 0.010742 0.013289
0 0.093262 0.090808 0.006836 0.011074
0 0.059082 0.087486 0.010742 0.013289
0 0.146484 0.123477 0.007812 0.012182
0 0.102051 0.117386 0.008789 0.011074
0 0.126953 0.050388 0.007812 0.012182
0 0.122070 0.026578 0.007812 0.011074
0 0.142090 0.027685 0.008789 0.011074
0 0.076172 0.194352 0.011719 0.014396
0 0.178223 0.211517 0.010742 0.015504
0 0.176758 0.010520 0.009766 0.014396
0 0.212891 0.007198 0.009766 0.012182
0 0.224609 0.021595 0.009766 0.012182
0 0.243164 0.021041 0.007812 0.011074
0 0.275391 0.008859 0.013672 0.015504
0 0.332031 0.042636 0.007812 0.009967
0 0.352539 0.015504 0.007812 0.011074
0 0.267090 0.047065 0.010742 0.021041
0 0.344238 0.054264 0.006836 0.008859
0 0.373047 0.057032 0.005859 0.012182
0 0.349121 0.071429 0.006836 0.012182
0 0.374023 0.080288 0.009766 0.014396
0 0.317871 0.100221 0.008789 0.012182
0 0.308594 0.073090 0.007812 0.013289
0 0.274414 0.069214 0.009766 0.012182
0 0.237305 0.073090 0.009766 0.013289
0 0.205566 0.067553 0.008789 0.013289
0 0.234863 0.054264 0.008789 0.008859
0 0.200195 0.051495 0.009766 0.007752
0 0.165527 0.054264 0.006836 0.011074
0 0.262695 0.123477 0.007812 0.014396
0 0.229980 0.115725 0.008789 0.012182
0 0.180664 0.116833 0.009766 0.016611
0 0.202637 0.143965 0.008789 0.013289
0 0.177246 0.156700 0.012695 0.016611
0 0.216309 0.243079 0.006836 0.014396
0 0.241699 0.271872 0.010742 0.016611
0 0.147949 0.245847 0.010742 0.011074
0 0.190430 0.105759 0.011719 0.014396
0 0.057129 0.239756 0.006836 0.007752
0 0.129883 0.299003 0.011719 0.015504
0 0.188477 0.240864 0.009766 0.014396
0 0.415039 0.015504 0.007812 0.011074
0 0.387695 0.016058 0.005859 0.007752
0 0.394043 0.031008 0.008789 0.015504
0 0.426270 0.035991 0.006836 0.012182
0 0.317871 0.007198 0.004883 0.009967
0 0.386230 0.078627 0.008789 0.013289
0 0.413086 0.057586 0.005859 0.011074
0 0.417969 0.085271 0.005859 0.008859
0 0.401367 0.098007 0.007812 0.012182
0 0.388672 0.135659 0.007812 0.012182
0 0.402344 0.146733 0.009766 0.014396
0 0.451172 0.085271 0.009766 0.015504
0 0.449219 0.105205 0.007812 0.015504
0 0.479980 0.106312 0.008789 0.013289
0 0.425781 0.117386 0.013672 0.015504
0 0.494141 0.131783 0.007812 0.011074
0 0.506348 0.137320 0.012695 0.011074
0 0.427734 0.273533 0.011719 0.015504
0 0.447754 0.269103 0.016602 0.017719
0 0.478516 0.261905 0.009766 0.012182
0 0.492188 0.250277 0.009766 0.017719
0 0.621094 0.006091 0.005859 0.007752
0 0.659180 0.009967 0.007812 0.013289
0 0.642090 0.024363 0.006836 0.011074
0 0.601074 0.031008 0.006836 0.011074
0 0.687012 0.009967 0.004883 0.008859
0 0.718750 0.017165 0.007812 0.012182
0 0.745605 0.008859 0.006836 0.008859
0 0.742188 0.024917 0.007812 0.014396
0 0.680664 0.040975 0.011719 0.013289
0 0.704102 0.027132 0.007812 0.014396
0 0.673828 0.074751 0.009766 0.012182
0 0.742676 0.055925 0.008789 0.014396
0 0.615234 0.058693 0.005859 0.011074
0 0.698242 0.115725 0.009766 0.012182
0 0.719238 0.099114 0.008789 0.009967
0 0.733398 0.080842 0.005859 0.008859
0 0.754883 0.095792 0.007812 0.009967
0 0.203125 0.218715 0.007812 0.009967
0 0.229004 0.218715 0.008789 0.009967
0 0.237305 0.222038 0.007812 0.009967
0 0.792480 0.014396 0.006836 0.011074
0 0.791992 0.035437 0.007812 0.011074
0 0.820801 0.017719 0.008789 0.017719
0 0.857910 0.009413 0.008789 0.012182
0 0.886230 0.018826 0.006836 0.011074
0 0.951660 0.022148 0.006836 0.013289
0 0.967773 0.006091 0.007812 0.012182
0 0.971680 0.040421 0.007812 0.014396
0 0.922852 0.045404 0.007812 0.008859
0 0.916016 0.019380 0.007812 0.014396
0 0.946289 0.067553 0.007812 0.015504
0 0.972656 0.083610 0.007812 0.012182
0 0.936035 0.089147 0.004883 0.016611
0 0.953125 0.087486 0.005859 0.017719
0 0.975098 0.109635 0.006836 0.013289
0 0.938477 0.111296 0.007812 0.009967
0 0.958008 0.130122 0.007812 0.009967
0 0.895508 0.107420 0.007812 0.013289
0 0.933105 0.156146 0.006836 0.011074
0 0.976074 0.158361 0.006836 0.011074
0 0.947754 0.191584 0.008789 0.011074
0 0.935547 0.200997 0.009766 0.012182
0 0.918457 0.220377 0.010742 0.013289
0 0.899414 0.201550 0.007812 0.015504
0 0.882812 0.170543 0.009766 0.011074
0 0.854980 0.188261 0.008789 0.011074
0 0.817871 0.130122 0.006836 0.009967
0 0.825195 0.100775 0.007812 0.011074
0 0.870117 0.100775 0.007812 0.008859
0 0.925781 0.178295 0.007812 0.011074
0 0.908203 0.080288 0.007812 0.012182
0 0.867676 0.037099 0.008789 0.012182
0 0.759277 0.143965 0.008789 0.013289
0 0.793457 0.161683 0.006836 0.008859
0 0.801758 0.079734 0.007812 0.013289
0 0.766602 0.080842 0.007812 0.008859
0 0.769531 0.229790 0.007812 0.009967
0 0.784180 0.236988 0.011719 0.013289
0 0.768555 0.255814 0.009766 0.013289
0 0.786133 0.287375 0.005859 0.009967
0 0.808105 0.264120 0.008789 0.014396
0 0.867676 0.263566 0.010742 0.015504
0 0.922852 0.392027 0.017578 0.035437
0 0.962402 0.303433 0.010742 0.017719
0 0.945312 0.295681 0.009766 0.013289
0 0.966309 0.273533 0.010742 0.017719
0 0.984375 0.249723 0.009766 0.014396
0 0.958008 0.223699 0.009766 0.013289
0 0.705078 0.282392 0.009766 0.015504
0 0.991211 0.183278 0.007812 0.012182
0 0.985840 0.061462 0.010742 0.016611
0 0.833008 0.044297 0.005859 0.011074
0 0.907715 0.150055 0.008789 0.012182
0 0.789551 0.078073 0.008789 0.014396
0 0.890625 0.153931 0.007812 0.013289
0 0.892578 0.089147 0.007812 0.012182
0 0.038086 0.006645 0.009766 0.008859
0 0.113281 0.006645 0.005859 0.008859
0 0.125488 0.008306 0.008789 0.007752
0 0.307129 0.126800 0.008789 0.012182
0 0.995117 0.272979 0.007812 0.018826
0 0.054688 0.069214 0.009766 0.012182
0 0.020508 0.134551 0.007812 0.014396
0 0.027832 0.217608 0.008789 0.014396
0 0.077148 0.038206 0.009766 0.014396
0 0.717285 0.258583 0.010742 0.023256
0 0.830078 0.239203 0.011719 0.013289
0 0.871094 0.197121 0.007812 0.008859
