0 0.074707 0.357422 0.024414 0.042969
0 0.152832 0.375651 0.018555 0.035156
0 0.134277 0.455729 0.020508 0.039062
0 0.215332 0.452474 0.018555 0.037760
0 0.283203 0.447917 0.019531 0.036458
0 0.291504 0.361328 0.016602 0.032552
0 0.279785 0.281901 0.018555 0.035156
0 0.338867 0.290365 0.017578 0.028646
0 0.359375 0.350911 0.015625 0.032552
0 0.354492 0.451823 0.019531 0.036458
0 0.421875 0.449870 0.017578 0.029948
0 0.429688 0.360026 0.019531 0.035156
0 0.396973 0.294271 0.014648 0.026042
0 0.457031 0.289062 0.015625 0.031250
0 0.521484 0.287109 0.015625 0.029948
0 0.499023 0.333984 0.017578 0.037760
0 0.575684 0.284505 0.016602 0.035156
0 0.568359 0.337240 0.017578 0.033854
0 0.629883 0.281901 0.015625 0.032552
0 0.639648 0.327474 0.019531 0.032552
0 0.678223 0.291667 0.016602 0.028646
0 0.732910 0.284505 0.016602 0.032552
0 0.710938 0.335938 0.019531 0.031250
0 0.768555 0.327474 0.017578 0.029948
0 0.820801 0.345052 0.018555 0.026042
0 0.860352 0.335286 0.019531 0.032552
0 0.895508 0.333984 0.019531 0.029948
0 0.492676 0.449219 0.020508 0.036458
0 0.573730 0.444010 0.018555 0.033854
0 0.644043 0.429036 0.020508 0.035156
0 0.717773 0.430339 0.017578 0.032552
0 0.777344 0.423828 0.015625 0.029948
0 0.216797 0.362630 0.017578 0.029948
