0 0.214355 0.478541 0.059570 0.092990
0 0.467773 0.422031 0.023438 0.051502
0 0.440918 0.399142 0.024414 0.051502
0 0.819824 0.389127 0.026367 0.054363
0 0.079590 0.386266 0.026367 0.042918
0 0.160156 0.408441 0.025391 0.044349
0 0.322266 0.380544 0.023438 0.057225
0 0.123047 0.397711 0.023438 0.042918
0 0.927734 0.410587 0.033203 0.051502
0 0.482910 0.310443 0.030273 0.042918
0 0.700195 0.165236 0.025391 0.052933
0 0.745605 0.182403 0.024414 0.050072
0 0.345215 0.187411 0.022461 0.048641
0 0.682129 0.404149 0.022461 0.044349
