0 0.143555 0.554688 0.007812 0.018229
0 0.212402 0.575521 0.018555 0.023438
0 0.269531 0.583333 0.015625 0.018229
0 0.152344 0.469401 0.003906 0.009115
0 0.272949 0.479167 0.004883 0.005208
0 0.284668 0.479167 0.002930 0.005208
0 0.366699 0.582031 0.020508 0.028646
0 0.430176 0.571615 0.006836 0.010417
0 0.488281 0.578125 0.005859 0.007812
0 0.496094 0.567057 0.005859 0.009115
0 0.506348 0.565755 0.006836 0.009115
0 0.552246 0.576823 0.016602 0.020833
0 0.532715 0.561849 0.002930 0.006510
0 0.791504 0.457682 0.002930 0.006510
0 0.805176 0.461589 0.004883 0.006510
