0 0.032715 0.654454 0.022461 0.041667
0 0.032715 0.575431 0.008789 0.015805
0 0.111816 0.622845 0.008789 0.015805
0 0.295410 0.619971 0.022461 0.030172
0 0.226074 0.572557 0.010742 0.012931
0 0.210449 0.628592 0.012695 0.015805
0 0.446777 0.599856 0.006836 0.018678
0 0.519043 0.617816 0.004883 0.008621
0 0.583008 0.625718 0.009766 0.021552
0 0.753418 0.607759 0.010742 0.020115
0 0.940430 0.596264 0.007812 0.014368
0 0.875977 0.641523 0.017578 0.035920
0 0.747559 0.583333 0.010742 0.011494
0 0.103516 0.604167 0.011719 0.015805
0 0.242188 0.617098 0.013672 0.012931
0 0.014160 0.584052 0.010742 0.021552
0 0.903320 0.569684 0.007812 0.015805
0 0.781250 0.620690 0.009766 0.014368
0 0.887695 0.597701 0.013672 0.022989
