0 0.228516 0.612275 0.007812 0.011976
0 0.140137 0.606287 0.016602 0.026946
0 0.373047 0.541916 0.009766 0.017964
0 0.385742 0.548653 0.007812 0.019461
0 0.399414 0.552395 0.009766 0.020958
0 0.428711 0.537425 0.009766 0.026946
0 0.560059 0.549401 0.008789 0.017964
0 0.519043 0.605539 0.006836 0.013473
0 0.520020 0.555389 0.004883 0.011976
0 0.568848 0.627246 0.006836 0.017964
0 0.580078 0.557635 0.005859 0.016467
0 0.592285 0.594311 0.006836 0.011976
0 0.637207 0.569611 0.006836 0.010479
0 0.665527 0.580090 0.002930 0.010479
0 0.704102 0.553892 0.005859 0.011976
0 0.746094 0.567365 0.005859 0.020958
0 0.769043 0.572605 0.008789 0.016467
0 0.792969 0.565868 0.005859 0.014970
0 0.875488 0.560629 0.008789 0.016467
0 0.797852 0.613772 0.009766 0.026946
0 0.915527 0.562126 0.004883 0.013473
