0 0.009766 0.858724 0.019531 0.048177
0 0.122070 0.860677 0.027344 0.046875
0 0.156250 0.839844 0.025391 0.046875
0 0.269531 0.807943 0.017578 0.045573
0 0.386719 0.802083 0.021484 0.046875
0 0.873047 0.827474 0.013672 0.037760
0 0.030762 0.627604 0.014648 0.036458
0 0.118652 0.475911 0.018555 0.037760
0 0.023926 0.419922 0.014648 0.024740
0 0.110840 0.402344 0.010742 0.026042
0 0.143555 0.402344 0.015625 0.026042
0 0.185547 0.427083 0.009766 0.023438
0 0.232422 0.447266 0.015625 0.032552
0 0.319336 0.430339 0.017578 0.032552
0 0.316895 0.390625 0.012695 0.026042
0 0.369629 0.426432 0.012695 0.027344
0 0.282715 0.415365 0.010742 0.020833
0 0.250977 0.422526 0.009766 0.022135
0 0.411133 0.376953 0.015625 0.029948
0 0.418457 0.400391 0.014648 0.029948
0 0.541504 0.485026 0.014648 0.029948
0 0.563477 0.417969 0.015625 0.020833
0 0.615723 0.440755 0.014648 0.035156
0 0.433105 0.578776 0.018555 0.037760
0 0.763672 0.520182 0.017578 0.040365
0 0.787109 0.520833 0.019531 0.036458
0 0.712891 0.402344 0.015625 0.031250
0 0.763672 0.415365 0.017578 0.028646
0 0.892578 0.521484 0.009766 0.040365
0 0.964355 0.541016 0.010742 0.037760
0 0.962891 0.582031 0.011719 0.033854
0 0.966309 0.422526 0.014648 0.029948
0 0.908691 0.417969 0.012695 0.031250
0 0.891113 0.368490 0.014648 0.028646
0 0.805176 0.383464 0.012695 0.029948
0 0.844727 0.461589 0.015625 0.027344
0 0.787109 0.417318 0.013672 0.027344
0 0.862305 0.361328 0.009766 0.024740
0 0.985840 0.382161 0.010742 0.037760
0 0.313965 0.363932 0.014648 0.029948
0 0.894043 0.580729 0.010742 0.036458
0 0.833496 0.549479 0.014648 0.031250
0 0.387207 0.442708 0.018555 0.031250
0 0.428223 0.505859 0.020508 0.019531
0 0.708496 0.387370 0.014648 0.019531
0 0.849121 0.410156 0.016602 0.028646
