0 0.116699 0.336903 0.041992 0.090610
0 0.264160 0.281713 0.047852 0.108731
0 0.257324 0.144975 0.043945 0.095552
0 0.704102 0.582372 0.058594 0.064250
0 0.526367 0.191104 0.050781 0.095552
0 0.791992 0.229819 0.054688 0.120264
0 0.968262 0.224876 0.045898 0.100494
0 0.927734 0.093904 0.042969 0.105437
0 0.488281 0.098847 0.035156 0.072488
0 0.434082 0.120264 0.030273 0.065898
0 0.376953 0.028830 0.035156 0.057661
0 0.065918 0.034596 0.049805 0.069193
0 0.253418 0.020593 0.053711 0.041186
0 0.080078 0.336079 0.023438 0.049423
