0 0.954102 0.332555 0.037109 0.070093
0 0.929199 0.245327 0.038086 0.073209
0 0.928711 0.092679 0.039062 0.073209
0 0.850098 0.311526 0.038086 0.068536
0 0.789062 0.267913 0.037109 0.071651
0 0.764648 0.388629 0.041016 0.076324
0 0.738281 0.332555 0.035156 0.082555
0 0.649902 0.318536 0.038086 0.066978
0 0.635254 0.240654 0.036133 0.066978
0 0.550293 0.255452 0.040039 0.071651
0 0.570801 0.399533 0.038086 0.070093
0 0.455566 0.318536 0.034180 0.073209
0 0.432617 0.256231 0.042969 0.073209
0 0.752930 0.105919 0.044922 0.077882
0 0.066895 0.097352 0.051758 0.098131
0 0.187500 0.179128 0.042969 0.087227
0 0.353027 0.354361 0.038086 0.073209
0 0.361816 0.249221 0.041992 0.071651
0 0.299316 0.318536 0.036133 0.070093
0 0.231934 0.353583 0.040039 0.071651
0 0.481934 0.188474 0.041992 0.074766
