0 0.100586 0.274740 0.009766 0.020833
0 0.440918 0.148438 0.004883 0.007812
0 0.465332 0.158854 0.006836 0.010417
0 0.487305 0.156250 0.005859 0.013021
0 0.533691 0.165365 0.006836 0.013021
0 0.556152 0.150391 0.004883 0.009115
0 0.434570 0.395833 0.033203 0.062500
0 0.105957 0.197917 0.006836 0.010417
0 0.118164 0.187500 0.007812 0.018229
0 0.123047 0.132812 0.005859 0.010417
0 0.312988 0.149740 0.006836 0.013021
0 0.278809 0.158203 0.004883 0.009115
0 0.397949 0.177734 0.004883 0.006510
0 0.743652 0.147135 0.006836 0.013021
0 0.782227 0.156901 0.005859 0.009115
0 0.749023 0.171875 0.007812 0.013021
0 0.912598 0.185547 0.004883 0.011719
0 0.871582 0.157552 0.004883 0.007812
0 0.908691 0.153646 0.002930 0.005208
0 0.580078 0.122396 0.003906 0.005208
0 0.564453 0.125651 0.003906 0.006510
0 0.141113 0.159505 0.008789 0.014323
0 0.287598 0.134115 0.006836 0.010417
0 0.391113 0.139974 0.004883 0.009115
