0 0.520020 0.435631 0.026367 0.052016
0 0.450684 0.340052 0.010742 0.019506
0 0.448730 0.302341 0.008789 0.014304
0 0.552246 0.330299 0.010742 0.020806
0 0.587402 0.315345 0.010742 0.022107
0 0.598633 0.286086 0.005859 0.010403
0 0.479980 0.309493 0.008789 0.010403
0 0.925781 0.389467 0.009766 0.014304
0 0.981934 0.357607 0.010742 0.015605
0 0.975098 0.289987 0.004883 0.007802
0 0.958984 0.291287 0.003906 0.007802
0 0.886719 0.301691 0.005859 0.010403
0 0.698242 0.293888 0.005859 0.007802
0 0.667969 0.303641 0.003906 0.009103
0 0.748047 0.293238 0.005859 0.006502
0 0.775879 0.300390 0.004883 0.007802
0 0.428711 0.656047 0.031250 0.048114
0 0.130371 0.333550 0.014648 0.022107
0 0.179688 0.293238 0.009766 0.016905
0 0.242188 0.343303 0.015625 0.028609
0 0.715332 0.340052 0.006836 0.009103
