0 0.213867 0.712240 0.003906 0.010417
0 0.175293 0.711589 0.004883 0.006510
0 0.165039 0.638021 0.003906 0.005208
0 0.345215 0.953125 0.008789 0.018229
0 0.484375 0.920573 0.013672 0.018229
0 0.502441 0.703125 0.004883 0.010417
0 0.410156 0.651042 0.005859 0.010417
0 0.528320 0.623047 0.001953 0.009115
0 0.790527 0.832682 0.006836 0.016927
0 0.692871 0.645182 0.004883 0.009115
0 0.734375 0.625651 0.003906 0.009115
0 0.645020 0.602865 0.002930 0.007812
0 0.747070 0.617188 0.003906 0.007812
0 0.853027 0.694661 0.002930 0.009115
0 0.965332 0.727214 0.004883 0.011719
0 0.828613 0.606771 0.004883 0.010417
0 0.861328 0.606771 0.003906 0.010417
0 0.914062 0.613932 0.003906 0.006510
0 0.944824 0.576172 0.004883 0.009115
0 0.941406 0.631510 0.003906 0.007812
0 0.979492 0.612630 0.003906 0.006510
0 0.020508 0.668620 0.005859 0.009115
0 0.048828 0.658854 0.003906 0.010417
0 0.057129 0.777995 0.008789 0.014323
0 0.113770 0.775391 0.010742 0.014323
0 0.162109 0.790365 0.007812 0.010417
0 0.093750 0.698568 0.005859 0.011719
0 0.359375 0.617839 0.003906 0.006510
0 0.240723 0.622396 0.004883 0.007812
0 0.231445 0.625000 0.003906 0.010417
0 0.410156 0.819010 0.005859 0.013021
0 0.547852 0.639974 0.003906 0.011719
0 0.661621 0.598958 0.002930 0.005208
0 0.801758 0.601562 0.005859 0.007812
0 0.890137 0.615885 0.004883 0.007812
0 0.963867 0.609375 0.003906 0.007812
0 0.985352 0.571615 0.003906 0.007812
0 0.912109 0.563802 0.003906 0.007812
0 0.177734 0.375000 0.005859 0.007812
0 0.200195 0.376302 0.003906 0.007812
0 0.099609 0.378255 0.003906 0.006510
0 0.086914 0.375651 0.003906 0.006510
0 0.088867 0.389974 0.003906 0.006510
0 0.120117 0.385417 0.003906 0.007812
0 0.156738 0.385417 0.004883 0.007812
0 0.150879 0.385417 0.004883 0.007812
0 0.097168 0.669271 0.006836 0.013021
