0 0.128418 0.669118 0.012695 0.029412
0 0.393066 0.643382 0.008789 0.022059
0 0.503418 0.502757 0.004883 0.012868
0 0.568359 0.622243 0.003906 0.012868
0 0.575195 0.611213 0.005859 0.016544
0 0.630859 0.618566 0.005859 0.016544
0 0.067871 0.706801 0.006836 0.016544
0 0.257812 0.708640 0.011719 0.023897
0 0.264160 0.601103 0.006836 0.014706
0 0.034180 0.738051 0.009766 0.012868
0 0.018555 0.673713 0.007812 0.016544
0 0.050293 0.607537 0.006836 0.016544
0 0.079590 0.571691 0.006836 0.014706
0 0.071289 0.557904 0.005859 0.012868
0 0.012695 0.591912 0.005859 0.014706
0 0.034180 0.557904 0.005859 0.012868
0 0.127930 0.635110 0.005859 0.012868
0 0.199219 0.574449 0.005859 0.012868
0 0.211426 0.555147 0.004883 0.011029
0 0.175293 0.574449 0.004883 0.009191
0 0.291016 0.568934 0.005859 0.012868
0 0.474609 0.508272 0.005859 0.012868
0 0.460938 0.447610 0.005859 0.012868
0 0.365234 0.608456 0.005859 0.011029
0 0.312012 0.698529 0.006836 0.014706
0 0.388184 0.567096 0.006836 0.012868
0 0.680664 0.646140 0.007812 0.023897
0 0.094727 0.621324 0.007812 0.018382
0 0.544434 0.492647 0.006836 0.022059
0 0.475586 0.469669 0.005859 0.012868
0 0.482422 0.469669 0.005859 0.012868
0 0.490234 0.464154 0.003906 0.009191
0 0.212891 0.691176 0.009766 0.025735
0 0.091797 0.602941 0.007812 0.018382
0 0.040039 0.543199 0.005859 0.016544
0 0.034180 0.582721 0.005859 0.011029
0 0.122559 0.620404 0.004883 0.009191
0 0.910645 0.568934 0.004883 0.012868
0 0.990234 0.682904 0.017578 0.042279
