0 0.319336 0.553316 0.009766 0.014304
0 0.360352 0.513004 0.009766 0.016905
0 0.394531 0.478544 0.007812 0.013004
0 0.430664 0.488947 0.007812 0.013004
0 0.378906 0.442783 0.005859 0.011704
0 0.046387 0.668401 0.014648 0.020806
0 0.008301 0.485696 0.008789 0.014304
0 0.107422 0.408973 0.005859 0.011704
0 0.192871 0.442133 0.008789 0.013004
0 0.867188 0.839402 0.017578 0.022107
0 0.988281 0.804941 0.019531 0.028609
0 0.843262 0.277633 0.006836 0.009103
0 0.868164 0.254226 0.005859 0.009103
0 0.806152 0.265930 0.006836 0.009103
0 0.916504 0.417425 0.006836 0.010403
0 0.147949 0.573472 0.010742 0.015605
0 0.498047 0.780234 0.009766 0.018205
0 0.616211 0.553316 0.007812 0.019506
0 0.648438 0.428479 0.005859 0.009103
0 0.265137 0.290637 0.006836 0.011704
