0 0.015137 0.425953 0.022461 0.051320
0 0.034180 0.434018 0.029297 0.067449
0 0.121582 0.346041 0.012695 0.041056
0 0.121094 0.436950 0.031250 0.061584
0 0.146484 0.423754 0.035156 0.067449
0 0.222168 0.410557 0.032227 0.067449
0 0.253418 0.318915 0.024414 0.042522
0 0.276367 0.419355 0.029297 0.055718
0 0.309082 0.356305 0.028320 0.052786
0 0.312500 0.331378 0.025391 0.052786
0 0.486816 0.167889 0.051758 0.118768
0 0.525879 0.243402 0.008789 0.023460
0 0.628906 0.165689 0.039062 0.105572
0 0.606445 0.286657 0.017578 0.054252
0 0.509277 0.355572 0.024414 0.060117
0 0.538086 0.401760 0.035156 0.067449
0 0.566406 0.365836 0.031250 0.065982
0 0.549805 0.462610 0.035156 0.074780
0 0.593262 0.433284 0.034180 0.071848
0 0.809082 0.343109 0.038086 0.079179
0 0.810059 0.305718 0.032227 0.063050
0 0.896484 0.414223 0.017578 0.051320
0 0.930176 0.336510 0.032227 0.065982
0 0.966309 0.313050 0.032227 0.057185
0 0.971191 0.440616 0.036133 0.068915
0 0.095703 0.434751 0.019531 0.051320
