0 0.368652 0.102865 0.026367 0.044271
0 0.374023 0.164062 0.025391 0.049479
0 0.329102 0.178385 0.027344 0.046875
0 0.292480 0.246745 0.036133 0.063802
0 0.328613 0.264974 0.028320 0.045573
0 0.395508 0.235026 0.031250 0.055990
0 0.451172 0.179036 0.021484 0.040365
0 0.496094 0.169271 0.027344 0.046875
0 0.482422 0.225260 0.029297 0.049479
0 0.433594 0.246094 0.039062 0.065104
0 0.565918 0.210938 0.026367 0.044271
0 0.561035 0.180990 0.022461 0.039062
0 0.606445 0.162760 0.023438 0.046875
0 0.639160 0.164714 0.026367 0.050781
0 0.640625 0.235026 0.029297 0.050781
0 0.601562 0.286458 0.025391 0.049479
0 0.675293 0.299479 0.034180 0.062500
0 0.536133 0.326823 0.039062 0.067708
0 0.560547 0.409505 0.039062 0.069010
0 0.666016 0.391276 0.037109 0.061198
0 0.730957 0.381510 0.036133 0.065104
0 0.389160 0.419271 0.036133 0.062500
0 0.210449 0.421224 0.043945 0.082031
0 0.240723 0.292318 0.041992 0.082031
0 0.636230 0.463542 0.041992 0.070312
0 0.753906 0.449219 0.039062 0.070312
0 0.830566 0.443359 0.041992 0.074219
