0 0.057129 0.703125 0.032227 0.029948
0 0.240723 0.706055 0.024414 0.021484
0 0.342285 0.794922 0.040039 0.024740
0 0.161621 0.877604 0.030273 0.035156
0 0.219727 0.537435 0.025391 0.020182
0 0.117676 0.472982 0.012695 0.013672
0 0.155273 0.468750 0.015625 0.013021
0 0.328613 0.461589 0.018555 0.014323
0 0.274414 0.454753 0.011719 0.008464
0 0.353516 0.559896 0.019531 0.018229
0 0.373535 0.534505 0.020508 0.018229
0 0.294434 0.638021 0.036133 0.026042
0 0.382324 0.646484 0.020508 0.029948
0 0.357422 0.715169 0.025391 0.029297
0 0.585449 0.589844 0.026367 0.019531
0 0.451660 0.551432 0.022461 0.019531
0 0.548828 0.562826 0.019531 0.017578
0 0.681641 0.532552 0.011719 0.015625
0 0.488281 0.513021 0.015625 0.011719
0 0.426758 0.513346 0.019531 0.016276
0 0.405273 0.463216 0.017578 0.014974
0 0.425293 0.471029 0.016602 0.017578
0 0.556152 0.482422 0.020508 0.015625
0 0.571777 0.505534 0.016602 0.014974
0 0.565430 0.469076 0.011719 0.014974
0 0.648438 0.504557 0.021484 0.016927
0 0.626465 0.458984 0.012695 0.013021
0 0.832520 0.477214 0.018555 0.013021
0 0.916992 0.468750 0.019531 0.016927
0 0.954102 0.508789 0.029297 0.020182
0 0.757324 0.611328 0.030273 0.024740
0 0.896484 0.638672 0.035156 0.027344
0 0.145020 0.572917 0.016602 0.020833
