0 0.190430 0.270864 0.042969 0.081991
0 0.235352 0.269400 0.023438 0.043924
0 0.332031 0.272328 0.037109 0.090776
0 0.281250 0.270132 0.009766 0.016105
0 0.393555 0.297950 0.037109 0.083455
0 0.430176 0.336750 0.028320 0.064422
0 0.470703 0.373353 0.029297 0.055637
0 0.547363 0.371889 0.034180 0.067350
0 0.597168 0.485359 0.036133 0.065886
0 0.625977 0.368228 0.031250 0.062958
0 0.689453 0.372621 0.033203 0.065886
0 0.698730 0.333089 0.040039 0.065886
0 0.731445 0.218887 0.023438 0.051245
0 0.792480 0.300146 0.040039 0.081991
0 0.884277 0.207906 0.049805 0.084919
