0 0.068359 0.125182 0.056641 0.098981
0 0.191406 0.184862 0.058594 0.104803
0 0.275879 0.194323 0.075195 0.152838
0 0.398438 0.109170 0.054688 0.101892
0 0.428711 0.267103 0.064453 0.141194
0 0.541992 0.226346 0.072266 0.155750
0 0.481445 0.137555 0.019531 0.048035
0 0.523926 0.080786 0.010742 0.024745
0 0.568359 0.078603 0.015625 0.034934
0 0.625977 0.056769 0.023438 0.043668
0 0.710938 0.241630 0.089844 0.168850
0 0.819336 0.209607 0.025391 0.040757
0 0.034668 0.610626 0.008789 0.042213
0 0.082031 0.609170 0.023438 0.042213
