0 0.045410 0.223910 0.012695 0.019815
0 0.111328 0.212021 0.011719 0.014531
0 0.062500 0.464993 0.015625 0.026420
0 0.083496 0.441876 0.014648 0.022457
0 0.048828 0.513210 0.015625 0.027741
0 0.178223 0.445839 0.014648 0.027741
0 0.195801 0.461030 0.018555 0.031704
0 0.158691 0.491413 0.018555 0.026420
0 0.136230 0.512550 0.018555 0.031704
0 0.114258 0.467635 0.015625 0.021136
0 0.065918 0.556803 0.018555 0.027741
0 0.083008 0.544914 0.019531 0.025099
0 0.148438 0.543593 0.017578 0.030383
0 0.238770 0.354690 0.018555 0.027741
0 0.381836 0.463012 0.023438 0.033025
0 0.457520 0.400264 0.020508 0.039630
0 0.547852 0.381110 0.025391 0.038309
0 0.479980 0.583223 0.018555 0.035667
0 0.497070 0.573976 0.021484 0.038309
0 0.344727 0.584544 0.023438 0.038309
0 0.195801 0.604359 0.018555 0.030383
0 0.703613 0.104359 0.016602 0.026420
0 0.559570 0.171731 0.017578 0.029062
0 0.784180 0.138705 0.019531 0.021136
0 0.891113 0.214663 0.016602 0.025099
0 0.763184 0.223250 0.016602 0.026420
0 0.671875 0.452444 0.021484 0.035667
0 0.660156 0.438573 0.021484 0.031704
0 0.825195 0.420740 0.021484 0.030383
0 0.868164 0.408190 0.025391 0.031704
0 0.889160 0.407530 0.022461 0.030383
0 0.965332 0.447820 0.024414 0.031704
0 0.990723 0.478864 0.018555 0.030383
0 0.891602 0.314399 0.013672 0.023778
0 0.870117 0.497358 0.023438 0.035667
0 0.876953 0.554822 0.023438 0.042272
0 0.767578 0.530383 0.021484 0.038309
0 0.769043 0.726552 0.026367 0.047556
0 0.679199 0.523778 0.020508 0.035667
0 0.628906 0.566711 0.023438 0.036988
0 0.572266 0.618230 0.021484 0.031704
0 0.579590 0.546896 0.020508 0.031704
0 0.517090 0.665125 0.022461 0.038309
0 0.482422 0.620872 0.017578 0.029062
0 0.438965 0.684941 0.020508 0.033025
0 0.414062 0.619551 0.021484 0.034346
0 0.357422 0.640026 0.021484 0.033025
0 0.329590 0.659181 0.018555 0.034346
0 0.275391 0.674373 0.023438 0.038309
0 0.295898 0.631440 0.023438 0.036988
0 0.230469 0.721929 0.021484 0.038309
0 0.166992 0.714663 0.019531 0.031704
0 0.140137 0.748349 0.022461 0.038309
0 0.113770 0.656539 0.020508 0.036988
0 0.131836 0.628137 0.017578 0.035667
0 0.081543 0.628798 0.020508 0.034346
0 0.046387 0.669749 0.020508 0.029062
0 0.066895 0.708058 0.020508 0.031704
0 0.020508 0.754293 0.023438 0.039630
0 0.010742 0.666446 0.017578 0.030383
0 0.243164 0.639366 0.017578 0.031704
0 0.020020 0.531044 0.014648 0.018494
0 0.704102 0.305812 0.013672 0.022457
0 0.652832 0.087186 0.012695 0.023778
0 0.682617 0.321004 0.013672 0.023778
