0 0.083008 0.091415 0.042969 0.084261
0 0.043945 0.012719 0.035156 0.025437
0 0.158691 0.080286 0.040039 0.071542
0 0.126953 0.164547 0.039062 0.084261
0 0.127930 0.265501 0.044922 0.098569
0 0.043457 0.390302 0.047852 0.087440
0 0.188477 0.029412 0.042969 0.058824
0 0.252930 0.198728 0.042969 0.098569
0 0.303223 0.058029 0.040039 0.090620
0 0.369141 0.216216 0.042969 0.076312
0 0.428223 0.082671 0.041992 0.073132
0 0.222168 0.418919 0.045898 0.087440
0 0.255859 0.428458 0.037109 0.100159
0 0.330566 0.382353 0.028320 0.081081
0 0.366211 0.373609 0.042969 0.079491
0 0.416504 0.388712 0.040039 0.081081
0 0.406738 0.247218 0.038086 0.062003
0 0.489746 0.102544 0.045898 0.081081
0 0.592773 0.051669 0.041016 0.071542
0 0.603516 0.137520 0.044922 0.077901
0 0.618164 0.193959 0.042969 0.079491
0 0.736328 0.045310 0.039062 0.065183
0 0.786133 0.040541 0.041016 0.071542
0 0.912598 0.038156 0.038086 0.076312
0 0.828125 0.216216 0.042969 0.089030
0 0.804688 0.174881 0.037109 0.073132
0 0.562500 0.358506 0.042969 0.090620
0 0.535645 0.321145 0.041992 0.060413
0 0.683594 0.304452 0.042969 0.074722
0 0.614258 0.472178 0.048828 0.082671
0 0.791016 0.356916 0.044922 0.081081
0 0.948242 0.148649 0.037109 0.087440
0 0.951660 0.475358 0.047852 0.098569
0 0.821289 0.508744 0.048828 0.098569
0 0.678711 0.546105 0.052734 0.081081
0 0.097168 0.519078 0.038086 0.077901
0 0.268066 0.598569 0.045898 0.077901
0 0.407715 0.562798 0.043945 0.092210
0 0.018066 0.654213 0.034180 0.084261
0 0.109863 0.665342 0.043945 0.074722
0 0.127441 0.566773 0.034180 0.071542
0 0.183594 0.510334 0.029297 0.063593
0 0.159180 0.672496 0.042969 0.082671
0 0.223145 0.753577 0.049805 0.098569
0 0.306641 0.774245 0.041016 0.079491
0 0.346191 0.883148 0.049805 0.087440
0 0.237305 0.970588 0.056641 0.058824
0 0.484863 0.837043 0.040039 0.087440
0 0.458496 0.679650 0.045898 0.093800
0 0.454102 0.564388 0.033203 0.079491
0 0.984375 0.602544 0.031250 0.098569
0 0.937500 0.720986 0.044922 0.071542
0 0.943848 0.899046 0.051758 0.081081
0 0.876953 0.728935 0.046875 0.084261
0 0.823242 0.689984 0.044922 0.082671
0 0.592773 0.686804 0.037109 0.098569
0 0.734375 0.771860 0.052734 0.096979
0 0.777344 0.856916 0.048828 0.082671
0 0.687012 0.900636 0.047852 0.087440
0 0.610840 0.906995 0.032227 0.065183
0 0.555176 0.957870 0.047852 0.084261
0 0.976562 0.232909 0.035156 0.068362
