0 0.014648 0.146242 0.029297 0.089869
0 0.021973 0.270425 0.040039 0.073529
0 0.112793 0.227941 0.045898 0.116013
0 0.153809 0.182190 0.043945 0.099673
0 0.229492 0.200980 0.044922 0.098039
0 0.227051 0.387255 0.038086 0.098039
0 0.307129 0.306373 0.043945 0.093137
0 0.323730 0.438725 0.043945 0.083333
0 0.155762 0.044935 0.041992 0.080065
0 0.355957 0.014706 0.030273 0.029412
0 0.422363 0.022059 0.036133 0.044118
0 0.612305 0.089869 0.048828 0.084967
0 0.668945 0.141340 0.039062 0.073529
0 0.720215 0.205882 0.036133 0.088235
0 0.601562 0.254085 0.041016 0.080065
0 0.586426 0.330882 0.041992 0.083333
0 0.625488 0.362745 0.043945 0.084967
0 0.441406 0.300654 0.039062 0.078431
0 0.409180 0.344771 0.033203 0.068627
0 0.487305 0.308824 0.033203 0.078431
0 0.504395 0.531863 0.045898 0.070261
0 0.367188 0.528595 0.054688 0.089869
0 0.807129 0.053105 0.049805 0.076797
0 0.978516 0.087418 0.041016 0.080065
0 0.966309 0.161765 0.049805 0.114379
0 0.990234 0.325163 0.019531 0.091503
0 0.976562 0.459150 0.035156 0.081699
0 0.961426 0.442810 0.024414 0.062092
0 0.896973 0.500817 0.038086 0.102941
0 0.884766 0.462418 0.037109 0.088235
0 0.886719 0.237745 0.027344 0.063725
0 0.820312 0.348039 0.035156 0.088235
0 0.765137 0.344771 0.036133 0.094771
0 0.682129 0.453431 0.034180 0.083333
0 0.092285 0.517157 0.049805 0.073529
0 0.078125 0.647059 0.037109 0.101307
0 0.114258 0.776961 0.025391 0.096405
0 0.328125 0.719771 0.027344 0.086601
0 0.198242 0.487745 0.042969 0.093137
0 0.877930 0.830065 0.027344 0.084967
0 0.794922 0.749183 0.039062 0.044118
0 0.759277 0.652778 0.041992 0.047386
0 0.704102 0.699346 0.056641 0.071895
0 0.717773 0.538399 0.027344 0.086601
0 0.484863 0.937908 0.045898 0.084967
0 0.380859 0.971405 0.015625 0.053922
0 0.205078 0.906046 0.031250 0.060458
0 0.218262 0.960784 0.034180 0.071895
