0 0.455566 0.038231 0.008789 0.013493
0 0.464844 0.036732 0.007812 0.016492
0 0.449219 0.065217 0.005859 0.016492
0 0.466309 0.068966 0.006836 0.014993
0 0.464355 0.084708 0.006836 0.016492
0 0.478027 0.038231 0.006836 0.010495
0 0.501953 0.044978 0.007812 0.014993
0 0.485352 0.080210 0.009766 0.016492
0 0.479004 0.098201 0.008789 0.016492
0 0.484375 0.116192 0.009766 0.019490
0 0.462891 0.137181 0.009766 0.019490
0 0.485352 0.164168 0.009766 0.022489
0 0.525879 0.048726 0.004883 0.016492
0 0.525391 0.072714 0.007812 0.019490
0 0.556152 0.056222 0.008789 0.019490
0 0.554199 0.098201 0.008789 0.022489
0 0.519043 0.092204 0.006836 0.013493
0 0.520996 0.109445 0.008789 0.017991
0 0.526855 0.134933 0.008789 0.014993
0 0.528809 0.161919 0.010742 0.020990
0 0.559570 0.141679 0.007812 0.019490
0 0.007812 0.053223 0.015625 0.016492
0 0.037598 0.059970 0.008789 0.014993
0 0.030762 0.100450 0.008789 0.017991
0 0.016602 0.105697 0.009766 0.016492
0 0.005859 0.122939 0.007812 0.017991
0 0.059082 0.084708 0.008789 0.016492
0 0.062500 0.065217 0.007812 0.013493
0 0.072266 0.095202 0.007812 0.016492
0 0.092773 0.064468 0.005859 0.011994
0 0.101562 0.067466 0.005859 0.017991
0 0.108887 0.062219 0.006836 0.016492
0 0.104492 0.092954 0.007812 0.017991
0 0.115723 0.089205 0.006836 0.016492
0 0.092773 0.126687 0.009766 0.019490
0 0.107910 0.136432 0.010742 0.020990
0 0.131348 0.129685 0.008789 0.019490
0 0.137695 0.158171 0.009766 0.019490
0 0.110840 0.169415 0.008789 0.020990
0 0.060547 0.138681 0.009766 0.022489
0 0.067871 0.184408 0.008789 0.020990
0 0.067871 0.206897 0.012695 0.020990
0 0.031738 0.209145 0.010742 0.025487
0 0.258301 0.212144 0.010742 0.022489
0 0.251465 0.122939 0.008789 0.020990
0 0.294434 0.106447 0.008789 0.020990
0 0.299805 0.066717 0.007812 0.022489
0 0.325684 0.071964 0.006836 0.017991
0 0.309082 0.021739 0.010742 0.022489
0 0.376465 0.038981 0.008789 0.017991
0 0.392090 0.006747 0.008789 0.013493
0 0.385254 0.026987 0.008789 0.017991
0 0.405762 0.041229 0.008789 0.025487
0 0.359375 0.070465 0.009766 0.017991
0 0.347656 0.086957 0.009766 0.017991
0 0.349121 0.122189 0.006836 0.022489
0 0.270508 0.137181 0.007812 0.022489
0 0.320312 0.146177 0.007812 0.016492
0 0.312988 0.170165 0.008789 0.019490
0 0.303223 0.179910 0.010742 0.017991
0 0.309082 0.204648 0.008789 0.022489
0 0.302246 0.218141 0.010742 0.019490
0 0.337891 0.188156 0.011719 0.022489
0 0.346191 0.173913 0.010742 0.017991
0 0.341309 0.155172 0.008789 0.013493
0 0.356934 0.145427 0.010742 0.017991
0 0.373047 0.178411 0.011719 0.020990
0 0.387207 0.165667 0.012695 0.019490
0 0.392578 0.200900 0.009766 0.020990
0 0.347656 0.224138 0.007812 0.022489
0 0.374023 0.234633 0.009766 0.022489
0 0.386230 0.226387 0.008789 0.017991
0 0.323242 0.251124 0.011719 0.022489
0 0.356445 0.272864 0.009766 0.020990
0 0.340332 0.269115 0.010742 0.019490
0 0.301270 0.266117 0.010742 0.025487
0 0.341797 0.313343 0.011719 0.014993
0 0.355957 0.348576 0.010742 0.019490
0 0.385742 0.297601 0.011719 0.028486
0 0.410645 0.295352 0.010742 0.020990
0 0.406738 0.328336 0.012695 0.023988
0 0.427734 0.252624 0.011719 0.022489
0 0.415039 0.137931 0.011719 0.023988
0 0.436523 0.150675 0.011719 0.019490
0 0.453125 0.183658 0.009766 0.025487
0 0.447754 0.212144 0.010742 0.025487
0 0.453613 0.269115 0.012695 0.025487
0 0.458008 0.242129 0.011719 0.022489
0 0.446777 0.329085 0.012695 0.031484
0 0.472656 0.263868 0.011719 0.023988
0 0.483887 0.277361 0.010742 0.029985
0 0.519043 0.014243 0.012695 0.013493
0 0.488770 0.005997 0.010742 0.011994
0 0.493164 0.024738 0.007812 0.013493
0 0.431152 0.034483 0.010742 0.014993
0 0.418457 0.071964 0.008789 0.017991
0 0.429199 0.061469 0.008789 0.017991
0 0.432617 0.086207 0.007812 0.019490
0 0.409180 0.099700 0.007812 0.016492
0 0.427734 0.126687 0.009766 0.019490
0 0.541016 0.014243 0.007812 0.019490
0 0.604980 0.020240 0.006836 0.016492
0 0.586914 0.041229 0.007812 0.019490
0 0.566895 0.078711 0.008789 0.019490
0 0.572266 0.111694 0.009766 0.019490
0 0.588379 0.119940 0.008789 0.017991
0 0.598633 0.097451 0.009766 0.014993
0 0.600098 0.063718 0.008789 0.019490
0 0.612305 0.080210 0.007812 0.019490
0 0.625488 0.062969 0.008789 0.014993
0 0.624023 0.038231 0.005859 0.013493
0 0.649414 0.071964 0.007812 0.017991
0 0.641113 0.080960 0.008789 0.020990
0 0.637207 0.088456 0.010742 0.023988
0 0.629883 0.100450 0.007812 0.017991
0 0.626465 0.134933 0.010742 0.017991
0 0.601562 0.144678 0.011719 0.022489
0 0.579590 0.168666 0.010742 0.022489
0 0.617188 0.170915 0.009766 0.020990
0 0.666504 0.113943 0.008789 0.017991
0 0.657227 0.108696 0.007812 0.016492
0 0.668457 0.088456 0.008789 0.017991
0 0.675781 0.064468 0.007812 0.014993
0 0.778320 0.068216 0.011719 0.025487
0 0.752930 0.088456 0.005859 0.017991
0 0.721680 0.042729 0.007812 0.019490
0 0.719238 0.122189 0.010742 0.019490
0 0.731934 0.144678 0.012695 0.025487
0 0.761230 0.143928 0.010742 0.020990
0 0.774902 0.136432 0.008789 0.020990
0 0.773438 0.155172 0.009766 0.022489
0 0.785156 0.197151 0.013672 0.022489
0 0.806152 0.167166 0.012695 0.025487
0 0.808105 0.194903 0.010742 0.023988
0 0.799805 0.245877 0.015625 0.026987
0 0.759766 0.218891 0.011719 0.023988
0 0.750488 0.233133 0.012695 0.025487
0 0.721680 0.188906 0.007812 0.017991
0 0.690430 0.129685 0.003906 0.013493
0 0.697754 0.168666 0.008789 0.019490
0 0.670898 0.151424 0.011719 0.023988
0 0.699707 0.244378 0.010742 0.029985
0 0.670410 0.218891 0.012695 0.023988
0 0.680176 0.202399 0.010742 0.020990
0 0.656738 0.194903 0.012695 0.023988
0 0.629395 0.204648 0.012695 0.028486
0 0.636230 0.247376 0.010742 0.023988
0 0.647949 0.264618 0.012695 0.019490
0 0.650879 0.287856 0.014648 0.023988
0 0.620605 0.278861 0.012695 0.020990
0 0.601562 0.254873 0.011719 0.023988
0 0.589355 0.218891 0.010742 0.023988
0 0.573730 0.213643 0.010742 0.019490
0 0.592285 0.282609 0.012695 0.022489
0 0.394531 0.074213 0.009766 0.019490
0 0.382812 0.087706 0.009766 0.019490
0 0.391113 0.105697 0.008789 0.025487
0 0.369141 0.114693 0.009766 0.019490
0 0.362305 0.122189 0.009766 0.016492
0 0.402344 0.128936 0.011719 0.017991
0 0.504395 0.178411 0.012695 0.026987
0 0.498047 0.213643 0.013672 0.025487
0 0.522461 0.267616 0.009766 0.025487
0 0.540527 0.239130 0.014648 0.025487
0 0.538086 0.266117 0.011719 0.022489
0 0.539551 0.297601 0.016602 0.025487
0 0.559082 0.286357 0.014648 0.026987
0 0.494629 0.317841 0.014648 0.032984
0 0.520020 0.359820 0.014648 0.026987
0 0.549316 0.353823 0.014648 0.029985
0 0.591309 0.330585 0.014648 0.028486
0 0.667969 0.320090 0.013672 0.028486
0 0.469238 0.384558 0.012695 0.025487
0 0.423828 0.408546 0.013672 0.034483
0 0.364746 0.370315 0.014648 0.029985
0 0.343262 0.437781 0.012695 0.032984
0 0.354980 0.478261 0.012695 0.023988
0 0.372559 0.470765 0.010742 0.032984
0 0.393555 0.452024 0.013672 0.022489
0 0.400879 0.473763 0.000977 0.005997
0 0.400879 0.475262 0.000977 0.008996
0 0.401367 0.476012 0.001953 0.010495
0 0.401855 0.476762 0.002930 0.011994
0 0.401855 0.476762 0.002930 0.011994
0 0.401855 0.477511 0.002930 0.013493
0 0.403809 0.479760 0.006836 0.017991
0 0.405762 0.482009 0.010742 0.022489
0 0.406250 0.482009 0.011719 0.022489
0 0.407227 0.482009 0.013672 0.022489
0 0.389160 0.481259 0.010742 0.023988
0 0.459473 0.448276 0.012695 0.032984
0 0.496582 0.444528 0.012695 0.028486
0 0.488770 0.485757 0.014648 0.029985
0 0.526367 0.469265 0.015625 0.029985
0 0.546875 0.445277 0.015625 0.032984
0 0.565918 0.398051 0.014648 0.031484
0 0.635254 0.400300 0.014648 0.029985
0 0.629395 0.467016 0.012695 0.031484
0 0.678711 0.387556 0.011719 0.031484
0 0.695801 0.435532 0.014648 0.037481
0 0.280273 0.221139 0.009766 0.019490
0 0.389648 0.520990 0.015625 0.031484
0 0.009277 0.599700 0.014648 0.029985
0 0.061523 0.611694 0.019531 0.038981
0 0.084473 0.604198 0.016602 0.032984
0 0.083496 0.543478 0.014648 0.025487
0 0.110352 0.553973 0.015625 0.031484
0 0.127930 0.613943 0.017578 0.034483
0 0.145020 0.640180 0.020508 0.035982
0 0.153320 0.597451 0.017578 0.031484
0 0.171387 0.559220 0.014648 0.029985
0 0.204590 0.535232 0.012695 0.026987
0 0.120117 0.693403 0.017578 0.037481
0 0.190918 0.732384 0.014648 0.040480
0 0.220215 0.680660 0.014648 0.035982
0 0.028320 0.679160 0.011719 0.026987
0 0.012695 0.690405 0.009766 0.022489
0 0.040527 0.774363 0.018555 0.034483
0 0.087891 0.814093 0.015625 0.032984
0 0.101074 0.889805 0.020508 0.043478
0 0.022461 0.911544 0.019531 0.035982
0 0.043945 0.940780 0.015625 0.040480
0 0.129395 0.958771 0.014648 0.043478
0 0.163086 0.984258 0.019531 0.031484
0 0.179199 0.847076 0.018555 0.035982
0 0.262207 0.949775 0.016602 0.043478
0 0.312988 0.928036 0.018555 0.044978
0 0.395996 0.959520 0.020508 0.050975
0 0.385742 0.801349 0.019531 0.034483
0 0.382324 0.764618 0.012695 0.029985
0 0.414062 0.700150 0.015625 0.035982
0 0.379395 0.704648 0.012695 0.038981
0 0.368652 0.649925 0.012695 0.031484
0 0.413574 0.625187 0.016602 0.026987
0 0.311523 0.852324 0.015625 0.040480
0 0.276367 0.631934 0.015625 0.034483
0 0.267578 0.579460 0.011719 0.031484
0 0.342285 0.559220 0.018555 0.035982
0 0.291016 0.518741 0.011719 0.032984
0 0.451172 0.513493 0.015625 0.031484
0 0.437500 0.560720 0.013672 0.035982
0 0.476562 0.574213 0.013672 0.029985
0 0.512207 0.602699 0.022461 0.020990
0 0.566406 0.566717 0.011719 0.032984
0 0.513184 0.670915 0.014648 0.043478
0 0.448242 0.645427 0.017578 0.031484
0 0.470703 0.634183 0.017578 0.035982
0 0.515625 0.751874 0.013672 0.034483
0 0.529785 0.811094 0.018555 0.038981
0 0.508301 0.832084 0.018555 0.044978
0 0.305664 0.379310 0.013672 0.029985
0 0.293945 0.325337 0.007812 0.023988
0 0.201660 0.043478 0.004883 0.011994
0 0.223633 0.032234 0.005859 0.010495
0 0.232910 0.034483 0.006836 0.017991
0 0.448730 0.979010 0.022461 0.041979
0 0.536133 0.904048 0.015625 0.041979
0 0.968262 0.005247 0.006836 0.010495
0 0.979004 0.026987 0.008789 0.017991
0 0.914062 0.038981 0.007812 0.014993
0 0.920410 0.063718 0.010742 0.019490
0 0.930664 0.048726 0.007812 0.019490
0 0.991699 0.057721 0.006836 0.016492
0 0.982910 0.062969 0.006836 0.017991
0 0.980957 0.075712 0.010742 0.022489
0 0.966797 0.086207 0.009766 0.022489
0 0.952148 0.074963 0.007812 0.020990
0 0.951172 0.106447 0.009766 0.020990
0 0.931152 0.092204 0.008789 0.022489
0 0.937012 0.127436 0.008789 0.020990
0 0.898438 0.086957 0.009766 0.023988
0 0.910645 0.140930 0.012695 0.023988
0 0.858398 0.059220 0.007812 0.019490
0 0.895996 0.062219 0.006836 0.019490
0 0.886230 0.158171 0.010742 0.022489
0 0.867188 0.175412 0.007812 0.017991
0 0.859863 0.179160 0.008789 0.019490
0 0.817383 0.137931 0.009766 0.020990
0 0.855957 0.109445 0.006836 0.014993
0 0.818359 0.104948 0.009766 0.014993
0 0.814941 0.230135 0.008789 0.016492
0 0.853516 0.228636 0.011719 0.019490
0 0.836914 0.251124 0.011719 0.019490
0 0.854980 0.260120 0.010742 0.022489
0 0.888184 0.224138 0.008789 0.019490
0 0.909668 0.246627 0.012695 0.025487
0 0.958008 0.260120 0.009766 0.022489
0 0.975586 0.215142 0.011719 0.022489
0 0.992676 0.151424 0.010742 0.020990
0 0.998535 0.181409 0.002930 0.014993
0 0.910156 0.176162 0.009766 0.025487
0 0.917969 0.173163 0.007812 0.022489
0 0.878418 0.065217 0.008789 0.016492
0 0.916016 0.194153 0.009766 0.016492
0 0.981445 0.141679 0.009766 0.022489
0 0.604004 0.519490 0.014648 0.031484
0 0.683594 0.525487 0.011719 0.031484
0 0.747559 0.461019 0.014648 0.031484
0 0.721191 0.410795 0.016602 0.035982
0 0.599609 0.653673 0.011719 0.038981
0 0.585938 0.691904 0.013672 0.028486
0 0.692871 0.666417 0.018555 0.037481
0 0.759766 0.313343 0.011719 0.032984
0 0.827637 0.323088 0.012695 0.025487
0 0.840332 0.296852 0.008789 0.020990
0 0.844238 0.362069 0.012695 0.025487
0 0.791992 0.356072 0.015625 0.037481
0 0.801270 0.425787 0.014648 0.029985
0 0.811523 0.423538 0.011719 0.025487
0 0.828125 0.406297 0.013672 0.029985
0 0.866211 0.440030 0.011719 0.031484
0 0.745605 0.344078 0.014648 0.025487
0 0.735352 0.366567 0.015625 0.031484
0 0.693359 0.319340 0.007812 0.026987
0 0.894043 0.286357 0.010742 0.023988
0 0.917969 0.274363 0.009766 0.023988
0 0.935059 0.269115 0.004883 0.016492
0 0.875488 0.332084 0.008789 0.022489
0 0.888184 0.409295 0.010742 0.026987
0 0.891113 0.464018 0.016602 0.034483
0 0.912598 0.476012 0.014648 0.031484
0 0.832520 0.500000 0.012695 0.031484
0 0.933105 0.365817 0.010742 0.020990
0 0.973145 0.366567 0.012695 0.022489
0 0.975098 0.473763 0.012695 0.026987
0 0.993164 0.569715 0.011719 0.029985
0 0.970215 0.541979 0.012695 0.028486
0 0.907715 0.535982 0.014648 0.034483
0 0.822266 0.566717 0.017578 0.038981
0 0.776367 0.539730 0.017578 0.026987
0 0.848633 0.622939 0.017578 0.040480
0 0.793945 0.658171 0.015625 0.032984
0 0.869629 0.680660 0.016602 0.035982
0 0.885742 0.574963 0.013672 0.031484
0 0.937012 0.616942 0.012695 0.028486
0 0.957520 0.688906 0.014648 0.034483
0 0.939453 0.695652 0.017578 0.041979
0 0.903320 0.718891 0.019531 0.040480
0 0.837402 0.722639 0.012695 0.035982
0 0.819824 0.756372 0.014648 0.037481
0 0.917969 0.802099 0.011719 0.044978
0 0.906250 0.826087 0.017578 0.032984
0 0.746582 0.689655 0.010742 0.032984
0 0.994629 0.672414 0.010742 0.031484
0 0.617188 0.832834 0.009766 0.037481
0 0.672363 0.896552 0.012695 0.041979
0 0.663086 0.971514 0.019531 0.038981
0 0.718750 0.949025 0.019531 0.041979
0 0.649414 0.680660 0.009766 0.032984
0 0.799316 0.900300 0.014648 0.043478
0 0.815918 0.852324 0.016602 0.046477
0 0.758301 0.982759 0.018555 0.034483
0 0.872559 0.946777 0.020508 0.043478
0 0.958008 0.895802 0.013672 0.028486
0 0.100586 0.245877 0.007812 0.014993
0 0.016602 0.197151 0.011719 0.019490
0 0.023926 0.037481 0.006836 0.014993
0 0.044434 0.038231 0.008789 0.013493
0 0.000000 0.011244 0.000000 0.007496
0 0.045410 0.017241 0.006836 0.013493
0 0.027832 0.017241 0.008789 0.013493
0 0.017090 0.020240 0.008789 0.016492
0 0.011719 0.237631 0.009766 0.022489
0 0.112305 0.292354 0.011719 0.026987
0 0.136719 0.245127 0.011719 0.022489
0 0.144531 0.277361 0.011719 0.023988
0 0.167480 0.215892 0.008789 0.017991
0 0.159668 0.266867 0.010742 0.020990
0 0.149414 0.194903 0.009766 0.020990
0 0.150879 0.178411 0.010742 0.017991
0 0.164551 0.164918 0.008789 0.020990
0 0.187500 0.153673 0.009766 0.019490
0 0.194336 0.191154 0.011719 0.022489
0 0.199707 0.170165 0.010742 0.025487
0 0.198730 0.215142 0.012695 0.025487
0 0.208496 0.138681 0.010742 0.022489
0 0.231445 0.182909 0.013672 0.023988
0 0.229492 0.139430 0.011719 0.023988
0 0.199707 0.006747 0.008789 0.013493
0 0.211426 0.005247 0.006836 0.010495
0 0.034668 0.152924 0.012695 0.026987
0 0.052246 0.277361 0.014648 0.029985
0 0.035156 0.331334 0.017578 0.026987
0 0.023438 0.368066 0.013672 0.025487
0 0.063965 0.322339 0.010742 0.020990
0 0.077148 0.374813 0.017578 0.029985
0 0.039551 0.413793 0.010742 0.026987
0 0.061523 0.473013 0.015625 0.034483
0 0.078125 0.447526 0.013672 0.031484
0 0.088379 0.476762 0.014648 0.038981
0 0.020996 0.509745 0.012695 0.026987
0 0.116211 0.412294 0.013672 0.023988
0 0.128418 0.357571 0.014648 0.022489
0 0.173340 0.337331 0.012695 0.026987
0 0.170410 0.387556 0.012695 0.028486
0 0.183105 0.416042 0.014648 0.028486
0 0.140137 0.482009 0.012695 0.028486
0 0.220215 0.466267 0.014648 0.029985
0 0.245605 0.452774 0.012695 0.023988
0 0.237793 0.506747 0.012695 0.029985
0 0.236816 0.398051 0.016602 0.028486
0 0.243652 0.376312 0.010742 0.023988
0 0.205078 0.328336 0.013672 0.023988
0 0.230469 0.318591 0.011719 0.031484
0 0.241211 0.296852 0.007812 0.020990
0 0.252441 0.270615 0.012695 0.025487
0 0.272461 0.398801 0.011719 0.026987
0 0.274902 0.359820 0.010742 0.023988
0 0.255859 0.188156 0.011719 0.022489
0 0.213867 0.108696 0.009766 0.019490
0 0.168945 0.131934 0.009766 0.014993
0 0.180664 0.095952 0.009766 0.020990
0 0.154785 0.113193 0.008789 0.019490
0 0.134277 0.113193 0.006836 0.016492
0 0.147461 0.094453 0.009766 0.023988
0 0.158203 0.077211 0.011719 0.019490
0 0.165527 0.052474 0.008789 0.020990
0 0.178711 0.059220 0.011719 0.019490
0 0.192871 0.042729 0.008789 0.016492
0 0.210449 0.078711 0.006836 0.019490
0 0.224121 0.060720 0.008789 0.019490
0 0.148926 0.027736 0.006836 0.013493
0 0.140625 0.019490 0.009766 0.017991
0 0.131836 0.016492 0.007812 0.011994
0 0.175293 0.024738 0.008789 0.019490
0 0.192383 0.017241 0.007812 0.013493
0 0.099121 0.036732 0.008789 0.013493
0 0.047363 0.240630 0.010742 0.025487
0 0.168457 0.311844 0.012695 0.023988
0 0.190918 0.301349 0.010742 0.020990
0 0.200195 0.280360 0.009766 0.020990
0 0.232910 0.252624 0.010742 0.019490
0 0.229004 0.233133 0.008789 0.016492
0 0.003418 0.023238 0.006836 0.016492
0 0.005371 0.006747 0.006836 0.010495
0 0.070312 0.036732 0.009766 0.013493
0 0.073242 0.011244 0.009766 0.019490
0 0.096191 0.011244 0.008789 0.022489
0 0.162598 0.020990 0.006836 0.011994
0 0.585938 0.966267 0.017578 0.040480
0 0.899902 0.179910 0.010742 0.020990
0 0.714355 0.219640 0.008789 0.016492
