0 0.970703 0.008587 0.013672 0.014531
0 0.959473 0.073316 0.012695 0.022457
0 0.922852 0.071995 0.013672 0.030383
0 0.933594 0.040951 0.017578 0.026420
0 0.898438 0.048877 0.019531 0.029062
0 0.861328 0.047556 0.017578 0.023778
0 0.930176 0.117569 0.022461 0.036988
0 0.867676 0.135403 0.020508 0.030383
0 0.871094 0.099736 0.015625 0.033025
0 0.839355 0.121532 0.016602 0.029062
0 0.926758 0.278071 0.019531 0.038309
0 0.885254 0.255614 0.024414 0.038309
0 0.809570 0.037649 0.017578 0.030383
0 0.783691 0.053501 0.010742 0.019815
0 0.773438 0.092470 0.019531 0.029062
0 0.777344 0.159181 0.017578 0.027741
0 0.772461 0.188243 0.019531 0.033025
0 0.812012 0.241083 0.022461 0.038309
0 0.840332 0.253633 0.026367 0.031704
0 0.737305 0.019815 0.017578 0.029062
0 0.723145 0.086526 0.018555 0.027741
0 0.726074 0.134082 0.016602 0.030383
0 0.723145 0.161823 0.010742 0.030383
0 0.705078 0.164465 0.017578 0.030383
0 0.693359 0.068032 0.017578 0.027741
0 0.697754 0.036988 0.014648 0.029062
0 0.652832 0.052840 0.016602 0.029062
0 0.672852 0.093791 0.017578 0.031704
0 0.682129 0.160502 0.016602 0.033025
0 0.659180 0.151255 0.013672 0.030383
0 0.648438 0.166446 0.017578 0.026420
0 0.643555 0.208719 0.019531 0.031704
0 0.665527 0.252972 0.022461 0.035667
0 0.731445 0.235139 0.019531 0.039630
0 0.632324 0.275429 0.026367 0.035667
0 0.632324 0.168428 0.016602 0.027741
0 0.598633 0.191546 0.017578 0.031704
0 0.603027 0.169749 0.024414 0.030383
0 0.607422 0.011889 0.023438 0.018494
0 0.568848 0.111625 0.016602 0.030383
0 0.577148 0.159181 0.017578 0.030383
0 0.537109 0.073316 0.019531 0.033025
0 0.504395 0.020476 0.016602 0.027741
0 0.502441 0.096433 0.014648 0.031704
0 0.504883 0.166446 0.015625 0.026420
0 0.525391 0.182959 0.013672 0.030383
0 0.454102 0.176354 0.019531 0.033025
0 0.446777 0.088507 0.016602 0.031704
0 0.418457 0.029723 0.012695 0.025099
0 0.431641 0.212682 0.021484 0.036988
0 0.505371 0.232497 0.016602 0.029062
0 0.353516 0.011889 0.015625 0.013210
0 0.384766 0.169089 0.017578 0.029062
0 0.448730 0.287318 0.018555 0.035667
0 0.450684 0.258917 0.016602 0.029062
0 0.366699 0.302510 0.016602 0.029062
0 0.362793 0.326288 0.022461 0.029062
0 0.244141 0.023778 0.013672 0.023778
0 0.273438 0.035667 0.015625 0.026420
0 0.250000 0.046896 0.017578 0.027741
0 0.233398 0.074637 0.013672 0.022457
0 0.264648 0.120211 0.015625 0.029062
0 0.310547 0.134082 0.011719 0.025099
0 0.239746 0.147952 0.014648 0.026420
0 0.373535 0.200793 0.016602 0.026420
0 0.361328 0.228534 0.017578 0.031704
0 0.239746 0.251651 0.018555 0.030383
0 0.244629 0.272787 0.018555 0.027741
0 0.271973 0.219287 0.012695 0.023778
0 0.127930 0.050859 0.013672 0.025099
0 0.161621 0.082563 0.012695 0.019815
0 0.140625 0.112285 0.017578 0.026420
0 0.130859 0.100396 0.011719 0.021136
0 0.116699 0.126816 0.014648 0.029062
0 0.082520 0.081902 0.012695 0.026420
0 0.065918 0.072655 0.010742 0.021136
0 0.011719 0.070013 0.011719 0.021136
0 0.006836 0.103038 0.011719 0.026420
0 0.029297 0.113606 0.013672 0.023778
0 0.063965 0.121532 0.020508 0.029062
0 0.081543 0.132761 0.012695 0.033025
0 0.050781 0.169089 0.015625 0.026420
0 0.019043 0.168428 0.016602 0.017173
0 0.063965 0.223910 0.014648 0.030383
0 0.075195 0.230515 0.011719 0.027741
0 0.029297 0.284676 0.015625 0.025099
0 0.042480 0.320343 0.022461 0.027741
0 0.116699 0.317701 0.018555 0.027741
0 0.157715 0.311757 0.016602 0.029062
0 0.207520 0.288639 0.016602 0.033025
0 0.157715 0.254954 0.012695 0.023778
0 0.131348 0.236460 0.014648 0.023778
0 0.150391 0.297226 0.013672 0.029062
0 0.020020 0.390357 0.014648 0.027741
0 0.058594 0.396301 0.017578 0.026420
0 0.043945 0.418758 0.011719 0.029062
0 0.027832 0.435271 0.016602 0.040951
0 0.121094 0.415456 0.019531 0.035667
0 0.164551 0.392999 0.016602 0.025099
0 0.109863 0.527741 0.020508 0.030383
0 0.145020 0.518494 0.022461 0.033025
0 0.207031 0.344122 0.015625 0.027741
0 0.238281 0.401585 0.017578 0.034346
0 0.314941 0.391678 0.012695 0.030383
0 0.284668 0.474901 0.024414 0.033025
0 0.235352 0.527741 0.017578 0.030383
0 0.254883 0.525099 0.017578 0.033025
0 0.186523 0.535667 0.015625 0.030383
0 0.164551 0.573976 0.016602 0.033025
0 0.224121 0.612946 0.024414 0.039630
0 0.252930 0.612285 0.023438 0.040951
0 0.247559 0.584544 0.018555 0.035667
0 0.283691 0.609643 0.016602 0.030383
0 0.009766 0.550198 0.013672 0.035667
0 0.038086 0.651255 0.019531 0.034346
0 0.004883 0.704095 0.009766 0.036988
0 0.102539 0.777411 0.021484 0.046235
0 0.131348 0.775429 0.024414 0.050198
0 0.154785 0.632100 0.020508 0.033025
0 0.123047 0.768164 0.017578 0.043593
0 0.460449 0.380449 0.020508 0.034346
0 0.435547 0.391017 0.021484 0.031704
0 0.379883 0.409511 0.021484 0.034346
0 0.333984 0.434610 0.019531 0.036988
0 0.388672 0.390357 0.021484 0.035667
0 0.348633 0.480845 0.015625 0.036988
0 0.380371 0.482166 0.014648 0.031704
0 0.418457 0.506605 0.020508 0.038309
0 0.498047 0.529062 0.021484 0.043593
0 0.521973 0.452444 0.020508 0.035667
0 0.403809 0.550859 0.022461 0.036988
0 0.342773 0.554822 0.021484 0.036988
0 0.776855 0.398283 0.022461 0.046235
0 0.778809 0.468956 0.022461 0.042272
0 0.720215 0.499339 0.024414 0.034346
0 0.719238 0.470277 0.024414 0.042272
0 0.792480 0.577279 0.022461 0.039630
0 0.736328 0.546235 0.021484 0.040951
0 0.780273 0.626816 0.019531 0.040951
0 0.733398 0.608322 0.025391 0.043593
0 0.645020 0.562087 0.026367 0.048877
0 0.725586 0.697490 0.025391 0.042272
0 0.712402 0.683620 0.022461 0.051519
0 0.623047 0.678336 0.023438 0.046235
0 0.630371 0.651255 0.022461 0.044914
0 0.552734 0.618230 0.023438 0.039630
0 0.564941 0.708058 0.022461 0.042272
0 0.565918 0.432629 0.014648 0.040951
0 0.547852 0.562748 0.021484 0.039630
0 0.603027 0.549538 0.026367 0.044914
0 0.623535 0.488771 0.028320 0.031704
0 0.750488 0.455746 0.024414 0.031704
0 0.894043 0.306473 0.018555 0.034346
0 0.819336 0.334875 0.019531 0.033025
0 0.957031 0.459709 0.023438 0.050198
0 0.853516 0.478864 0.021484 0.038309
0 0.827637 0.585205 0.020508 0.042272
0 0.919434 0.626816 0.024414 0.040951
0 0.800781 0.294584 0.019531 0.034346
0 0.059570 0.838177 0.027344 0.038309
0 0.134766 0.852048 0.029297 0.047556
0 0.184570 0.896962 0.027344 0.021136
0 0.238281 0.772787 0.025391 0.042272
0 0.215332 0.647292 0.020508 0.034346
0 0.312012 0.655218 0.018555 0.036988
0 0.288574 0.701453 0.020508 0.042272
0 0.273926 0.692206 0.030273 0.034346
0 0.377930 0.813078 0.025391 0.051519
0 0.355957 0.841480 0.022461 0.050198
0 0.315430 0.856671 0.027344 0.056803
0 0.747070 0.776750 0.025391 0.055482
0 0.802246 0.767503 0.028320 0.058124
0 0.836426 0.676354 0.028320 0.052840
0 0.821289 0.464333 0.021484 0.033025
0 0.697266 0.592470 0.015625 0.038309
0 0.826172 0.410832 0.021484 0.031704
0 0.779785 0.130779 0.022461 0.031704
0 0.341797 0.586526 0.023438 0.036988
0 0.413574 0.604359 0.026367 0.035667
0 0.432617 0.563408 0.021484 0.022457
0 0.437012 0.587847 0.020508 0.034346
0 0.479492 0.655878 0.025391 0.040951
0 0.381348 0.645971 0.018555 0.042272
0 0.472656 0.730515 0.021484 0.044914
0 0.468262 0.801189 0.032227 0.048877
0 0.394531 0.706077 0.025391 0.046235
0 0.417969 0.813738 0.025391 0.050198
0 0.134766 0.378468 0.015625 0.027741
0 0.219727 0.041612 0.013672 0.019815
0 0.404297 0.272127 0.019531 0.034346
0 0.967773 0.056143 0.015625 0.027741
0 0.986816 0.095112 0.016602 0.029062
0 0.638672 0.391678 0.025391 0.035667
0 0.007324 0.831572 0.014648 0.043593
0 0.424805 0.893659 0.031250 0.033025
0 0.576172 0.879789 0.029297 0.042272
0 0.637695 0.769485 0.033203 0.048877
0 0.646973 0.752312 0.020508 0.040951
0 0.689941 0.807794 0.026367 0.030383
0 0.751465 0.868560 0.028320 0.051519
0 0.981445 0.441876 0.025391 0.054161
0 0.984375 0.620872 0.027344 0.042272
0 0.981934 0.510568 0.028320 0.043593
0 0.973633 0.883091 0.037109 0.048877
0 0.266113 0.373184 0.016602 0.030383
