0 0.004883 0.053952 0.007812 0.027604
0 0.026855 0.092221 0.014648 0.026349
0 0.040527 0.064617 0.014648 0.023839
0 0.062012 0.128607 0.014648 0.023839
0 0.003906 0.120452 0.005859 0.017566
0 0.017578 0.157465 0.015625 0.023839
0 0.078613 0.200753 0.016602 0.027604
0 0.097168 0.163739 0.012695 0.021330
0 0.082031 0.107277 0.015625 0.023839
0 0.104004 0.058344 0.014648 0.023839
0 0.125000 0.121079 0.015625 0.023839
0 0.134277 0.089084 0.014648 0.025094
0 0.154297 0.055834 0.013672 0.026349
0 0.195312 0.062735 0.013672 0.022585
0 0.190430 0.090339 0.013672 0.022585
0 0.138672 0.155583 0.015625 0.025094
0 0.142090 0.195107 0.016602 0.021330
0 0.210449 0.165621 0.030273 0.045169
0 0.260742 0.060853 0.017578 0.023839
0 0.281250 0.063990 0.013672 0.022585
0 0.264160 0.164366 0.014648 0.017566
0 0.329102 0.072146 0.011719 0.021330
0 0.326172 0.101004 0.013672 0.021330
0 0.301758 0.134253 0.015625 0.020075
0 0.322754 0.196361 0.016602 0.026349
0 0.340332 0.174404 0.016602 0.022585
0 0.378906 0.200753 0.015625 0.027604
0 0.376953 0.128607 0.013672 0.016311
0 0.373535 0.092221 0.012695 0.016311
0 0.400879 0.072146 0.014648 0.018821
0 0.397949 0.100376 0.014648 0.022585
0 0.422852 0.136136 0.015625 0.021330
0 0.435547 0.163112 0.015625 0.022585
0 0.434082 0.206399 0.016602 0.023839
0 0.029297 0.272898 0.015625 0.021330
0 0.092285 0.257215 0.018555 0.030113
0 0.010742 0.338143 0.015625 0.028858
0 0.028809 0.383940 0.018555 0.027604
0 0.068848 0.348808 0.012695 0.025094
0 0.112305 0.340652 0.017578 0.028858
0 0.169434 0.328733 0.018555 0.025094
0 0.101074 0.385194 0.018555 0.022585
0 0.101562 0.419699 0.019531 0.031368
0 0.153320 0.388331 0.017578 0.028858
0 0.152832 0.434755 0.016602 0.028858
0 0.129883 0.468632 0.019531 0.033877
0 0.071289 0.470514 0.019531 0.027604
0 0.011230 0.467378 0.016602 0.031368
0 0.197754 0.418444 0.018555 0.031368
0 0.187500 0.476788 0.019531 0.030113
0 0.231445 0.385822 0.035156 0.051443
0 0.279297 0.345671 0.017578 0.028858
0 0.271973 0.383940 0.018555 0.027604
0 0.296875 0.430364 0.019531 0.030113
0 0.296387 0.469887 0.018555 0.033877
0 0.043945 0.519448 0.017578 0.037641
0 0.101562 0.512547 0.021484 0.033877
0 0.081055 0.579674 0.021484 0.040151
0 0.077637 0.665621 0.028320 0.056462
0 0.132324 0.628607 0.018555 0.035132
0 0.148438 0.575282 0.019531 0.026349
0 0.174805 0.558971 0.019531 0.023839
0 0.209961 0.744668 0.015625 0.051443
0 0.225586 0.718946 0.017578 0.022585
0 0.249023 0.731493 0.035156 0.027604
0 0.314941 0.749059 0.032227 0.050188
0 0.290039 0.517566 0.017578 0.033877
0 0.323730 0.530740 0.018555 0.030113
0 0.353516 0.478043 0.015625 0.030113
0 0.357910 0.528231 0.016602 0.027604
0 0.342773 0.577792 0.015625 0.026349
0 0.389160 0.619824 0.020508 0.030113
0 0.396973 0.530740 0.018555 0.030113
0 0.403320 0.484944 0.015625 0.026349
0 0.427734 0.579046 0.015625 0.026349
0 0.397949 0.777917 0.024414 0.047679
0 0.423340 0.731493 0.032227 0.045169
0 0.422363 0.701380 0.018555 0.035132
0 0.476074 0.759724 0.034180 0.058971
0 0.344238 0.423463 0.018555 0.028858
0 0.355469 0.396487 0.019531 0.032622
0 0.387207 0.434128 0.018555 0.027604
0 0.379395 0.303011 0.018555 0.028858
0 0.417969 0.310540 0.015625 0.028858
0 0.446289 0.356964 0.015625 0.026349
0 0.441406 0.482434 0.015625 0.031368
0 0.476562 0.411543 0.029297 0.050188
0 0.488281 0.367629 0.017578 0.027604
0 0.493652 0.335634 0.018555 0.028858
0 0.592773 0.376412 0.017578 0.030113
0 0.540527 0.148683 0.030273 0.051443
0 0.605957 0.141782 0.014648 0.025094
0 0.615234 0.173777 0.015625 0.026349
0 0.635254 0.111041 0.014648 0.023839
0 0.631836 0.215182 0.015625 0.023839
0 0.528320 0.624216 0.015625 0.028858
0 0.606445 0.698871 0.019531 0.025094
0 0.600586 0.754705 0.033203 0.053952
0 0.687988 0.696361 0.024414 0.045169
0 0.724121 0.748432 0.022461 0.031368
0 0.626953 0.036386 0.013672 0.022585
0 0.637695 0.077792 0.015625 0.025094
0 0.671875 0.103513 0.011719 0.023839
0 0.678711 0.161230 0.017578 0.026349
0 0.689941 0.211418 0.014648 0.026349
0 0.704590 0.130489 0.016602 0.022585
0 0.680664 0.068381 0.013672 0.026349
0 0.726562 0.103513 0.015625 0.023839
0 0.742676 0.062735 0.014648 0.025094
0 0.735840 0.142409 0.014648 0.023839
0 0.742188 0.176913 0.015625 0.022585
0 0.776855 0.133626 0.014648 0.028858
0 0.781738 0.095985 0.014648 0.026349
0 0.792480 0.065245 0.014648 0.025094
0 0.851562 0.064617 0.013672 0.023839
0 0.892090 0.095358 0.014648 0.022585
0 0.902832 0.062735 0.014648 0.025094
0 0.835938 0.151819 0.029297 0.047679
0 0.852539 0.171895 0.011719 0.022585
0 0.907227 0.177541 0.013672 0.023839
0 0.873047 0.229611 0.015625 0.022585
0 0.904785 0.127980 0.014648 0.027604
0 0.962891 0.017566 0.011719 0.025094
0 0.948730 0.097867 0.014648 0.027604
0 0.972656 0.129235 0.017578 0.022585
0 0.996582 0.122334 0.006836 0.018821
0 0.962402 0.191343 0.014648 0.021330
0 0.936523 0.227102 0.013672 0.015056
0 0.994629 0.228984 0.008789 0.021330
0 0.624023 0.390841 0.031250 0.056462
0 0.640625 0.353199 0.013672 0.026349
0 0.697754 0.387704 0.018555 0.027604
0 0.701660 0.424090 0.018555 0.027604
0 0.694824 0.473651 0.018555 0.023839
0 0.747070 0.422208 0.015625 0.023839
0 0.826660 0.382058 0.028320 0.046424
0 0.750000 0.475533 0.015625 0.025094
0 0.692871 0.516939 0.018555 0.032622
0 0.688965 0.557089 0.022461 0.030113
0 0.875000 0.466750 0.021484 0.030113
0 0.852539 0.516311 0.013672 0.028858
0 0.880371 0.561481 0.016602 0.028858
0 0.902832 0.412798 0.018555 0.030113
0 0.914551 0.466123 0.016602 0.028858
0 0.953125 0.462359 0.017578 0.026349
0 0.913574 0.513802 0.018555 0.031368
0 0.932129 0.517566 0.018555 0.028858
0 0.925293 0.560853 0.018555 0.030113
0 0.890137 0.607905 0.020508 0.033877
0 0.924316 0.616688 0.020508 0.028858
0 0.934570 0.661857 0.023438 0.033877
0 0.956543 0.564617 0.018555 0.032622
0 0.965332 0.611669 0.020508 0.031368
0 0.989746 0.681305 0.018555 0.030113
0 0.740234 0.565245 0.011719 0.026349
0 0.746582 0.613551 0.018555 0.032622
0 0.794434 0.638645 0.018555 0.027604
0 0.852539 0.621079 0.013672 0.030113
0 0.859863 0.598494 0.014648 0.027604
0 0.875977 0.688206 0.019531 0.031368
0 0.875488 0.731493 0.036133 0.042660
0 0.775879 0.749686 0.026367 0.043915
0 0.778320 0.722083 0.029297 0.033877
0 0.261230 0.209536 0.018555 0.022585
0 0.381348 0.162484 0.016602 0.021330
0 0.203125 0.629862 0.023438 0.035132
0 0.169434 0.732120 0.034180 0.043915
0 0.026855 0.203262 0.014648 0.025094
0 0.819824 0.093476 0.014648 0.018821
0 0.601562 0.606023 0.017578 0.032622
