0 0.019531 0.133968 0.029297 0.051245
0 0.040527 0.177160 0.034180 0.067350
0 0.076660 0.192533 0.030273 0.051245
0 0.078613 0.233529 0.036133 0.060029
0 0.127441 0.221816 0.032227 0.062958
0 0.138184 0.181552 0.026367 0.049780
0 0.173828 0.234261 0.027344 0.049780
0 0.171387 0.179356 0.018555 0.027818
0 0.156250 0.143485 0.029297 0.049780
0 0.251953 0.161786 0.031250 0.051245
0 0.298340 0.213031 0.028320 0.060029
0 0.206543 0.226208 0.028320 0.054173
0 0.237793 0.243045 0.022461 0.049780
0 0.145020 0.327233 0.038086 0.083455
0 0.230957 0.322840 0.036133 0.077599
0 0.408691 0.428258 0.040039 0.057101
0 0.392578 0.262079 0.029297 0.052709
0 0.393066 0.228404 0.024414 0.043924
0 0.456543 0.292826 0.026367 0.055637
0 0.446289 0.255490 0.029297 0.051245
0 0.482910 0.286237 0.045898 0.124451
0 0.571777 0.261347 0.018555 0.057101
0 0.665039 0.288433 0.068359 0.122987
0 0.747559 0.352855 0.028320 0.058565
0 0.726562 0.262811 0.017578 0.045388
0 0.804199 0.284041 0.034180 0.055637
0 0.859375 0.263543 0.033203 0.058565
0 0.822266 0.362372 0.031250 0.048316
0 0.866699 0.381406 0.030273 0.051245
0 0.884766 0.320644 0.021484 0.046852
0 0.914062 0.316984 0.033203 0.062958
0 0.945312 0.368228 0.027344 0.060029
0 0.982910 0.284773 0.028320 0.054173
