0 0.064941 0.324305 0.086914 0.124451
0 0.145508 0.355051 0.060547 0.103953
0 0.094238 0.100293 0.030273 0.062958
0 0.134766 0.158858 0.039062 0.051245
0 0.175781 0.175695 0.029297 0.049780
0 0.241211 0.259883 0.044922 0.112738
0 0.325684 0.295754 0.079102 0.178624
0 0.277344 0.150805 0.031250 0.061493
0 0.335449 0.139824 0.028320 0.057101
0 0.322754 0.079063 0.034180 0.061493
0 0.433594 0.144949 0.025391 0.055637
0 0.458496 0.136896 0.022461 0.048316
0 0.441895 0.207174 0.022461 0.048316
0 0.398926 0.276720 0.055664 0.114202
0 0.455078 0.321376 0.062500 0.124451
0 0.540039 0.137628 0.025391 0.058565
0 0.567871 0.253294 0.030273 0.070278
0 0.610840 0.089312 0.032227 0.070278
0 0.650879 0.221816 0.038086 0.065886
0 0.720703 0.158126 0.023438 0.046852
0 0.854492 0.184480 0.027344 0.061493
0 0.637207 0.364568 0.065430 0.128843
0 0.803711 0.374817 0.060547 0.131772
0 0.916992 0.370425 0.060547 0.125915
0 0.954590 0.425329 0.075195 0.150805
0 0.489746 0.677160 0.090820 0.159590
0 0.690430 0.765739 0.080078 0.166911
0 0.852539 0.690337 0.078125 0.147877
