0 0.014160 0.434896 0.020508 0.031250
0 0.068848 0.398438 0.016602 0.031250
0 0.170410 0.504557 0.034180 0.045573
0 0.157715 0.439453 0.028320 0.035156
0 0.272949 0.346354 0.020508 0.031250
0 0.188477 0.304688 0.015625 0.023438
0 0.285645 0.266927 0.016602 0.028646
0 0.310547 0.448568 0.029297 0.048177
0 0.329590 0.408203 0.024414 0.032552
0 0.343750 0.352214 0.017578 0.029948
0 0.362793 0.320964 0.016602 0.022135
0 0.367676 0.395833 0.022461 0.041667
0 0.390137 0.352865 0.020508 0.033854
0 0.420898 0.339844 0.017578 0.028646
0 0.428711 0.406250 0.025391 0.036458
0 0.453613 0.350911 0.020508 0.035156
0 0.453125 0.479818 0.039062 0.037760
0 0.489258 0.421224 0.023438 0.045573
0 0.511719 0.333984 0.017578 0.032552
0 0.524902 0.363932 0.018555 0.027344
0 0.551270 0.425130 0.028320 0.042969
0 0.576172 0.539714 0.039062 0.069010
0 0.579590 0.341146 0.016602 0.026042
0 0.639648 0.335286 0.013672 0.029948
0 0.647949 0.367188 0.018555 0.033854
0 0.645508 0.438151 0.027344 0.048177
0 0.678711 0.558594 0.042969 0.062500
0 0.723633 0.326823 0.015625 0.033854
0 0.726562 0.386719 0.019531 0.036458
0 0.754883 0.399740 0.037109 0.059896
0 0.798340 0.406250 0.024414 0.036458
0 0.797363 0.567708 0.045898 0.054688
0 0.859863 0.462891 0.036133 0.055990
0 0.904785 0.387370 0.028320 0.042969
0 0.994141 0.386719 0.011719 0.046875
