0 0.010742 0.024133 0.015625 0.048265
0 0.105957 0.052036 0.043945 0.104072
0 0.086914 0.128205 0.052734 0.099548
0 0.114258 0.277526 0.056641 0.132730
0 0.157715 0.196833 0.045898 0.113122
0 0.182129 0.166667 0.041992 0.098039
0 0.261719 0.304676 0.050781 0.135747
0 0.285645 0.164404 0.051758 0.108597
0 0.336426 0.124434 0.036133 0.116139
0 0.287109 0.044495 0.050781 0.088989
0 0.406738 0.198341 0.047852 0.101056
0 0.445801 0.051282 0.040039 0.102564
0 0.347656 0.361237 0.052734 0.125189
0 0.613281 0.118401 0.041016 0.098039
0 0.759766 0.079186 0.031250 0.088989
0 0.454102 0.196078 0.039062 0.075415
0 0.519043 0.255656 0.036133 0.073906
0 0.589355 0.191554 0.038086 0.081448
0 0.456543 0.368024 0.049805 0.114630
0 0.550293 0.350679 0.047852 0.113122
0 0.596680 0.279789 0.042969 0.092006
0 0.628418 0.282051 0.036133 0.114630
0 0.635254 0.392911 0.040039 0.104072
0 0.828613 0.024887 0.026367 0.049774
0 0.793945 0.410256 0.044922 0.078431
0 0.891602 0.030166 0.021484 0.054299
0 0.970703 0.045249 0.031250 0.072398
0 0.937500 0.222474 0.041016 0.085973
0 0.898438 0.372549 0.044922 0.105581
0 0.837402 0.356712 0.045898 0.110106
0 0.076172 0.593514 0.060547 0.134238
0 0.250977 0.633484 0.054688 0.132730
0 0.262207 0.586727 0.049805 0.117647
0 0.391602 0.622926 0.056641 0.150830
0 0.420898 0.659125 0.037109 0.111614
0 0.681152 0.436652 0.045898 0.101056
0 0.541016 0.646305 0.046875 0.116139
0 0.682617 0.621418 0.060547 0.126697
0 0.800781 0.519608 0.050781 0.122172
0 0.878906 0.615385 0.052734 0.123680
0 0.906250 0.524133 0.052734 0.088989
