0 0.022949 0.054396 0.016602 0.037258
0 0.007812 0.100596 0.015625 0.043219
0 0.060059 0.134873 0.028320 0.055142
0 0.083984 0.135618 0.019531 0.041729
0 0.048828 0.030551 0.017578 0.031297
0 0.025391 0.017884 0.013672 0.023845
0 0.086426 0.046945 0.020508 0.046200
0 0.129395 0.053651 0.020508 0.041729
0 0.154297 0.034277 0.017578 0.032787
0 0.160156 0.108793 0.025391 0.047690
0 0.195801 0.048435 0.014648 0.037258
0 0.204102 0.025335 0.013672 0.032787
0 0.231445 0.124441 0.023438 0.040238
0 0.250488 0.030551 0.014648 0.034277
0 0.264648 0.058122 0.019531 0.044709
0 0.296875 0.023845 0.019531 0.035768
0 0.330078 0.018629 0.015625 0.031297
0 0.329590 0.046200 0.022461 0.041729
0 0.364258 0.049180 0.021484 0.038748
0 0.358398 0.084203 0.017578 0.034277
0 0.299316 0.088674 0.014648 0.025335
0 0.310547 0.123696 0.021484 0.041729
0 0.291504 0.173621 0.018555 0.037258
0 0.117188 0.107303 0.021484 0.038748
0 0.135742 0.116244 0.015625 0.044709
0 0.188477 0.178838 0.023438 0.041729
0 0.110840 0.192996 0.018555 0.040238
0 0.092285 0.169151 0.018555 0.031297
0 0.052246 0.244411 0.022461 0.059613
0 0.112793 0.255589 0.026367 0.061103
0 0.026367 0.317437 0.029297 0.065574
0 0.008301 0.347988 0.016602 0.084948
0 0.072754 0.380775 0.022461 0.058122
0 0.085938 0.359911 0.019531 0.043219
0 0.033691 0.485842 0.030273 0.077496
0 0.070801 0.441133 0.028320 0.056632
0 0.125000 0.386736 0.025391 0.061103
0 0.132324 0.343517 0.020508 0.049180
0 0.180176 0.327869 0.024414 0.047690
0 0.169922 0.222802 0.027344 0.058122
0 0.179688 0.280924 0.023438 0.046200
0 0.233887 0.276453 0.028320 0.064083
0 0.226074 0.418033 0.030273 0.064083
0 0.161133 0.438897 0.025391 0.061103
0 0.191895 0.515648 0.028320 0.059613
0 0.153809 0.561848 0.034180 0.080477
0 0.121094 0.493294 0.029297 0.068554
0 0.253906 0.491803 0.033203 0.074516
0 0.236816 0.376304 0.024414 0.055142
0 0.279785 0.348733 0.026367 0.062593
0 0.280273 0.264531 0.027344 0.055142
0 0.233887 0.180328 0.016602 0.038748
0 0.269531 0.169896 0.017578 0.035768
0 0.329102 0.190015 0.025391 0.049180
0 0.365234 0.166170 0.027344 0.046200
0 0.353516 0.143070 0.017578 0.035768
0 0.376465 0.125186 0.016602 0.041729
0 0.403809 0.153502 0.024414 0.047690
0 0.418457 0.135618 0.020508 0.047690
0 0.428223 0.096125 0.016602 0.037258
0 0.454590 0.096870 0.022461 0.044709
0 0.475586 0.089419 0.017578 0.044709
0 0.415527 0.041729 0.016602 0.032787
0 0.402344 0.021610 0.017578 0.043219
0 0.426758 0.022355 0.011719 0.029806
0 0.447266 0.019374 0.019531 0.038748
0 0.507812 0.028316 0.019531 0.035768
0 0.504883 0.072280 0.015625 0.040238
0 0.501465 0.121461 0.022461 0.031297
0 0.510254 0.166170 0.024414 0.046200
0 0.552734 0.061103 0.021484 0.056632
0 0.579590 0.102086 0.014648 0.034277
0 0.540039 0.175857 0.019531 0.023845
0 0.560547 0.157973 0.023438 0.059613
0 0.524414 0.243666 0.021484 0.049180
0 0.560547 0.251863 0.027344 0.056632
0 0.551758 0.310730 0.027344 0.055142
0 0.514648 0.356185 0.025391 0.056632
0 0.498535 0.269001 0.020508 0.037258
0 0.489258 0.285395 0.017578 0.043219
0 0.470215 0.289866 0.026367 0.049180
0 0.354980 0.249627 0.030273 0.055142
0 0.406250 0.324143 0.025391 0.052161
0 0.319336 0.314456 0.027344 0.050671
0 0.354004 0.393443 0.022461 0.041729
0 0.349609 0.444113 0.029297 0.062593
0 0.302734 0.470939 0.031250 0.056632
0 0.243164 0.578241 0.023438 0.047690
0 0.465332 0.344262 0.026367 0.056632
0 0.518555 0.411326 0.023438 0.062593
0 0.495117 0.424739 0.035156 0.065574
0 0.487793 0.537258 0.032227 0.081967
0 0.520508 0.604322 0.041016 0.108793
0 0.412109 0.394188 0.029297 0.058122
0 0.438477 0.429955 0.031250 0.064083
0 0.596680 0.021610 0.013672 0.025335
0 0.614746 0.043219 0.012695 0.029806
0 0.640625 0.040984 0.019531 0.040238
0 0.649414 0.126677 0.017578 0.032787
0 0.662598 0.093890 0.014648 0.044709
0 0.689941 0.142325 0.018555 0.034277
0 0.706055 0.102086 0.017578 0.034277
0 0.715820 0.065574 0.017578 0.032787
0 0.753906 0.058867 0.017578 0.040238
0 0.787598 0.012668 0.014648 0.025335
0 0.706055 0.008197 0.009766 0.016393
0 0.820312 0.029061 0.013672 0.031297
0 0.853516 0.035768 0.013672 0.029806
0 0.879883 0.041729 0.009766 0.020864
0 0.902832 0.034277 0.012695 0.029806
0 0.901855 0.064083 0.016602 0.029806
0 0.913574 0.092399 0.014648 0.029806
0 0.936035 0.078987 0.014648 0.026826
0 0.926758 0.032787 0.013672 0.026826
0 0.975098 0.041729 0.014648 0.032787
0 0.983887 0.132638 0.014648 0.026826
0 0.935547 0.137109 0.015625 0.035768
0 0.870117 0.106557 0.019531 0.034277
0 0.863770 0.152757 0.024414 0.046200
0 0.830566 0.116244 0.020508 0.044709
0 0.835449 0.175112 0.018555 0.040238
0 0.793945 0.168405 0.017578 0.044709
0 0.732422 0.155738 0.021484 0.043219
0 0.681152 0.184799 0.022461 0.035768
0 0.644531 0.181818 0.021484 0.047690
0 0.609375 0.196721 0.019531 0.041729
0 0.637695 0.234724 0.019531 0.040238
0 0.605957 0.346498 0.020508 0.055142
0 0.690430 0.266766 0.023438 0.047690
0 0.807129 0.218331 0.018555 0.043219
0 0.824707 0.271237 0.016602 0.038748
0 0.840820 0.238450 0.017578 0.038748
0 0.858887 0.201937 0.012695 0.034277
0 0.882812 0.191505 0.013672 0.025335
0 0.886230 0.233234 0.016602 0.037258
0 0.859863 0.263040 0.020508 0.043219
0 0.867188 0.325633 0.023438 0.040238
0 0.901855 0.266021 0.020508 0.043219
0 0.910156 0.315946 0.017578 0.035768
0 0.903809 0.353949 0.024414 0.049180
0 0.967285 0.181073 0.016602 0.040238
0 0.992188 0.202683 0.011719 0.026826
0 0.983398 0.224292 0.015625 0.031297
0 0.991211 0.286140 0.013672 0.035768
0 0.995605 0.346498 0.008789 0.040238
0 0.962891 0.363636 0.023438 0.047690
0 0.938477 0.403875 0.019531 0.041729
0 0.916016 0.451565 0.029297 0.071535
0 0.878906 0.456781 0.021484 0.037258
0 0.886230 0.500000 0.026367 0.052161
0 0.883789 0.560358 0.033203 0.095380
0 0.898926 0.567064 0.018555 0.067064
0 0.961914 0.567064 0.037109 0.081967
0 0.975098 0.590909 0.018555 0.061103
0 0.993652 0.570790 0.010742 0.068554
0 0.972168 0.471684 0.022461 0.046200
0 0.991699 0.499255 0.016602 0.047690
0 0.802734 0.324143 0.019531 0.034277
0 0.822266 0.357675 0.019531 0.050671
0 0.686523 0.316692 0.021484 0.043219
0 0.671875 0.330104 0.019531 0.037258
0 0.667969 0.409836 0.033203 0.071535
0 0.737305 0.353204 0.023438 0.053651
0 0.768066 0.397914 0.028320 0.062593
0 0.761719 0.416542 0.029297 0.058122
0 0.809570 0.408346 0.027344 0.053651
0 0.791504 0.362146 0.024414 0.050671
0 0.581055 0.598361 0.041016 0.090909
0 0.605469 0.560358 0.029297 0.071535
0 0.658203 0.545455 0.042969 0.113264
0 0.691895 0.540984 0.040039 0.092399
0 0.715332 0.561103 0.026367 0.078987
0 0.733887 0.585693 0.028320 0.056632
0 0.811035 0.616244 0.041992 0.102832
0 0.853027 0.616244 0.032227 0.081967
0 0.910156 0.640835 0.033203 0.083458
0 0.395508 0.581967 0.042969 0.105812
0 0.303223 0.637854 0.045898 0.101341
0 0.225586 0.670641 0.044922 0.080477
0 0.062012 0.657228 0.036133 0.086438
