0 0.078613 0.013761 0.022461 0.027523
0 0.075195 0.070336 0.031250 0.067278
0 0.059082 0.163609 0.022461 0.058104
0 0.022949 0.284404 0.034180 0.079511
0 0.120117 0.335627 0.048828 0.114679
0 0.159668 0.275994 0.041992 0.081040
0 0.144531 0.152141 0.029297 0.074924
0 0.187988 0.113914 0.022461 0.050459
0 0.139648 0.033639 0.027344 0.051988
0 0.197754 0.020642 0.014648 0.032110
0 0.263184 0.020642 0.030273 0.041284
0 0.269043 0.094037 0.036133 0.062691
0 0.335938 0.106269 0.021484 0.044343
0 0.299316 0.136086 0.016602 0.033639
0 0.297363 0.236239 0.030273 0.056575
0 0.348633 0.332569 0.039062 0.084098
0 0.322266 0.374618 0.039062 0.058104
0 0.031250 0.465596 0.058594 0.136086
0 0.205078 0.463303 0.060547 0.107034
0 0.066895 0.656728 0.061523 0.136086
0 0.156738 0.952599 0.081055 0.088685
0 0.450684 0.347859 0.036133 0.084098
0 0.364258 0.532110 0.050781 0.110092
0 0.468750 0.630734 0.066406 0.142202
0 0.372070 0.017584 0.025391 0.032110
0 0.523438 0.016055 0.015625 0.029052
0 0.417969 0.243884 0.037109 0.074924
0 0.508301 0.276758 0.026367 0.055046
0 0.554688 0.098624 0.025391 0.062691
0 0.577637 0.058869 0.018555 0.050459
0 0.562500 0.044343 0.013672 0.036697
0 0.599121 0.021407 0.014648 0.036697
0 0.610352 0.065749 0.027344 0.042813
0 0.592285 0.227064 0.036133 0.065749
0 0.573242 0.273700 0.025391 0.061162
0 0.397949 0.018349 0.016602 0.033639
0 0.730469 0.061927 0.021484 0.041284
0 0.713867 0.085627 0.023438 0.039755
0 0.692383 0.144495 0.023438 0.044343
0 0.830078 0.142966 0.025391 0.050459
0 0.810547 0.178899 0.023438 0.051988
0 0.691895 0.300459 0.038086 0.084098
0 0.750488 0.301223 0.022461 0.048930
0 0.857422 0.366972 0.037109 0.082569
0 0.884277 0.311162 0.034180 0.074924
0 0.671875 0.409786 0.041016 0.085627
0 0.557129 0.569572 0.059570 0.096330
0 0.896973 0.509174 0.045898 0.094801
0 0.933105 0.649083 0.036133 0.102446
0 0.608398 0.917431 0.072266 0.149847
0 0.604492 0.540520 0.042969 0.087156
0 0.891113 0.175841 0.028320 0.051988
0 0.922852 0.178899 0.023438 0.051988
0 0.965332 0.139908 0.018555 0.038226
0 0.929688 0.084862 0.021484 0.044343
0 0.971191 0.091743 0.014648 0.030581
0 0.946289 0.069572 0.017578 0.038226
0 0.902344 0.051988 0.017578 0.033639
0 0.896973 0.102446 0.018555 0.042813
0 0.729980 0.136086 0.026367 0.051988
0 0.654297 0.054281 0.023438 0.035168
0 0.489258 0.026758 0.023438 0.044343
0 0.170410 0.104740 0.026367 0.056575
0 0.439941 0.225535 0.030273 0.068807
0 0.554688 0.181193 0.027344 0.053517
0 0.958496 0.935780 0.063477 0.128440
0 0.903809 0.780581 0.049805 0.096330
0 0.991211 0.717890 0.017578 0.120795
