0 0.013184 0.942584 0.020508 0.031898
0 0.152832 0.947368 0.018555 0.044657
0 0.296875 0.720096 0.017578 0.023923
0 0.340332 0.659490 0.014648 0.023923
0 0.378906 0.703349 0.017578 0.025518
0 0.386230 0.622010 0.016602 0.025518
0 0.348145 0.587719 0.014648 0.027113
0 0.404297 0.594896 0.011719 0.025518
0 0.447754 0.650718 0.016602 0.031898
0 0.481445 0.688995 0.015625 0.031898
0 0.516602 0.696172 0.015625 0.023923
0 0.573242 0.689793 0.017578 0.030303
0 0.595703 0.661085 0.017578 0.036683
0 0.436035 0.506380 0.012695 0.023923
0 0.402344 0.541467 0.013672 0.020734
0 0.468262 0.537480 0.012695 0.025518
0 0.293457 0.372408 0.010742 0.020734
0 0.304199 0.374003 0.008789 0.017544
0 0.385742 0.365231 0.009766 0.019139
0 0.090820 0.274322 0.011719 0.019139
0 0.252930 0.291866 0.009766 0.022329
0 0.173828 0.164274 0.005859 0.012759
0 0.179199 0.165869 0.004883 0.009569
0 0.674805 0.433812 0.011719 0.019139
0 0.621094 0.443381 0.009766 0.019139
0 0.625977 0.318182 0.009766 0.020734
0 0.475098 0.311005 0.010742 0.015949
0 0.658691 0.321372 0.010742 0.017544
0 0.667480 0.149123 0.006836 0.011164
0 0.688965 0.157895 0.006836 0.012759
0 0.661621 0.118820 0.006836 0.011164
0 0.629395 0.168262 0.006836 0.011164
0 0.786133 0.487241 0.011719 0.020734
0 0.729004 0.365231 0.010742 0.015949
0 0.907227 0.448963 0.011719 0.017544
0 0.897461 0.440191 0.009766 0.019139
0 0.962402 0.296651 0.008789 0.015949
0 0.869141 0.133174 0.005859 0.014354
0 0.910645 0.121212 0.006836 0.012759
0 0.851074 0.098884 0.006836 0.012759
0 0.879883 0.158692 0.007812 0.011164
0 0.901367 0.145136 0.007812 0.012759
0 0.630371 0.263158 0.010742 0.015949
0 0.545898 0.157895 0.005859 0.009569
0 0.573730 0.110048 0.004883 0.009569
0 0.230957 0.713716 0.016602 0.033493
