0 0.693848 0.201592 0.024414 0.047745
0 0.630859 0.216180 0.015625 0.023873
0 0.583496 0.184350 0.026367 0.047745
0 0.609375 0.307692 0.017578 0.037135
0 0.520996 0.242042 0.012695 0.022546
0 0.989746 0.219496 0.010742 0.017241
0 0.817383 0.261273 0.009766 0.018568
0 0.849121 0.258621 0.004883 0.015915
0 0.457031 0.379973 0.029297 0.057029
0 0.300293 0.419098 0.024414 0.047745
0 0.397461 0.223475 0.017578 0.025199
0 0.426270 0.230769 0.006836 0.010610
0 0.042969 0.246684 0.009766 0.018568
0 0.145020 0.245358 0.004883 0.007958
0 0.258301 0.231432 0.006836 0.014589
0 0.253418 0.238064 0.006836 0.011936
0 0.178711 0.231432 0.003906 0.011936
0 0.191895 0.242706 0.004883 0.005305
0 0.182617 0.237401 0.003906 0.010610
