0 0.132812 0.104681 0.037109 0.053316
0 0.330078 0.063719 0.031250 0.054616
0 0.257324 0.045514 0.032227 0.057217
0 0.065430 0.042913 0.035156 0.054616
0 0.509277 0.139142 0.034180 0.057217
0 0.576660 0.133290 0.040039 0.066320
0 0.502930 0.455137 0.072266 0.143043
0 0.634766 0.102731 0.031250 0.049415
0 0.700195 0.152146 0.033203 0.036411
0 0.699707 0.230819 0.036133 0.048114
0 0.803223 0.253576 0.028320 0.057217
0 0.730469 0.083875 0.031250 0.045514
0 0.538574 0.089077 0.024414 0.040312
0 0.783691 0.145644 0.030273 0.046814
0 0.819824 0.156697 0.032227 0.068921
0 0.873047 0.147594 0.029297 0.042913
0 0.913574 0.129389 0.024414 0.058518
0 0.947754 0.174252 0.041992 0.070221
