0 0.979980 0.346966 0.032227 0.129288
0 0.880371 0.298153 0.032227 0.089710
0 0.873047 0.411609 0.029297 0.126649
0 0.755371 0.251979 0.030273 0.081794
0 0.654785 0.230871 0.030273 0.081794
0 0.579102 0.216359 0.023438 0.063325
0 0.569824 0.137203 0.014648 0.042216
0 0.513184 0.162269 0.020508 0.071240
0 0.519531 0.419525 0.025391 0.153034
0 0.344238 0.348285 0.034180 0.147757
0 0.446289 0.171504 0.017578 0.052770
0 0.397949 0.135884 0.016602 0.060686
0 0.353516 0.114776 0.017578 0.055409
0 0.312988 0.117414 0.016602 0.050132
0 0.274902 0.120053 0.018555 0.050132
0 0.245605 0.120053 0.014648 0.044855
0 0.214844 0.089710 0.013672 0.042216
0 0.233887 0.311346 0.032227 0.131926
0 0.246094 0.295515 0.025391 0.105541
0 0.169434 0.228232 0.028320 0.102902
0 0.146973 0.072559 0.014648 0.050132
0 0.096680 0.092348 0.015625 0.042216
0 0.057129 0.167546 0.022461 0.081794
0 0.131348 0.225594 0.024414 0.081794
0 0.105469 0.197889 0.019531 0.073879
0 0.030273 0.087071 0.015625 0.047493
