0 0.824219 0.330161 0.023438 0.039531
0 0.661621 0.303075 0.014648 0.032211
0 0.625000 0.295022 0.013672 0.027818
0 0.588379 0.284773 0.010742 0.021962
0 0.578125 0.284773 0.013672 0.027818
0 0.552246 0.274524 0.012695 0.019034
0 0.501465 0.263543 0.010742 0.017570
0 0.400391 0.252562 0.009766 0.021962
0 0.354980 0.252562 0.012695 0.024890
0 0.296387 0.256955 0.012695 0.021962
0 0.176758 0.342606 0.019531 0.046852
0 0.134766 0.371157 0.017578 0.051245
0 0.128906 0.440703 0.029297 0.073206
0 0.223145 0.576135 0.040039 0.092240
0 0.907715 0.364568 0.026367 0.052709
