0 0.346191 0.168902 0.026367 0.040244
0 0.372070 0.137805 0.021484 0.029268
0 0.395020 0.107317 0.016602 0.029268
0 0.398926 0.170122 0.028320 0.040244
0 0.407227 0.181098 0.029297 0.052439
0 0.254883 0.096951 0.017578 0.025610
0 0.232422 0.102439 0.017578 0.017073
0 0.321289 0.092073 0.019531 0.020732
0 0.301758 0.110976 0.013672 0.026829
0 0.354492 0.092683 0.015625 0.024390
0 0.360840 0.098780 0.018555 0.024390
0 0.412598 0.095122 0.018555 0.029268
0 0.422363 0.148171 0.020508 0.035366
0 0.452148 0.126829 0.019531 0.029268
0 0.455566 0.099390 0.018555 0.023171
0 0.481934 0.073171 0.014648 0.017073
0 0.514160 0.096951 0.020508 0.030488
0 0.482910 0.129878 0.026367 0.037805
0 0.513184 0.128049 0.018555 0.029268
0 0.550781 0.137805 0.029297 0.036585
0 0.547852 0.084146 0.013672 0.021951
0 0.575195 0.114024 0.019531 0.023171
0 0.573242 0.140854 0.015625 0.028049
0 0.625977 0.110976 0.015625 0.029268
0 0.641113 0.112805 0.020508 0.028049
0 0.492188 0.194512 0.027344 0.035366
0 0.476562 0.235976 0.029297 0.050000
0 0.576660 0.267683 0.045898 0.071951
0 0.569336 0.215244 0.025391 0.032927
0 0.240723 0.450610 0.026367 0.035366
0 0.366211 0.403659 0.050781 0.075610
0 0.405762 0.309756 0.036133 0.058537
0 0.362305 0.229878 0.039062 0.062195
0 0.244141 0.289634 0.046875 0.079268
0 0.132324 0.254878 0.047852 0.075610
0 0.031738 0.347561 0.041992 0.063415
0 0.077637 0.203049 0.032227 0.054878
0 0.058105 0.159146 0.020508 0.032927
0 0.017090 0.177439 0.032227 0.052439
0 0.023438 0.133537 0.019531 0.028049
0 0.067871 0.132927 0.018555 0.026829
0 0.105957 0.131707 0.020508 0.029268
0 0.139648 0.126829 0.021484 0.031707
0 0.123535 0.155488 0.020508 0.030488
0 0.152344 0.164024 0.027344 0.042683
0 0.184570 0.132317 0.017578 0.025610
0 0.207031 0.107317 0.015625 0.021951
0 0.231934 0.124390 0.020508 0.029268
0 0.245117 0.231707 0.037109 0.058537
0 0.228516 0.168293 0.025391 0.041463
0 0.300781 0.170122 0.029297 0.045122
0 0.281250 0.148780 0.023438 0.041463
0 0.315430 0.113415 0.021484 0.026829
0 0.641602 0.188415 0.029297 0.045122
0 0.635742 0.153659 0.027344 0.034146
0 0.673828 0.213415 0.033203 0.060976
0 0.725098 0.165854 0.028320 0.043902
0 0.734375 0.118293 0.021484 0.031707
0 0.734375 0.100610 0.017578 0.025610
0 0.798340 0.103049 0.020508 0.030488
0 0.782227 0.148171 0.027344 0.040244
0 0.756348 0.207317 0.032227 0.056098
0 0.839844 0.162195 0.031250 0.051220
0 0.803711 0.138415 0.017578 0.030488
0 0.873535 0.118293 0.020508 0.031707
0 0.887695 0.114024 0.013672 0.032927
0 0.870117 0.171341 0.025391 0.035366
0 0.916992 0.171341 0.009766 0.028049
0 0.959473 0.134146 0.024414 0.031707
0 0.939941 0.126220 0.016602 0.032927
0 0.970215 0.290244 0.045898 0.082927
0 0.907715 0.310976 0.065430 0.097561
0 0.847656 0.426220 0.066406 0.115854
0 0.650879 0.143293 0.018555 0.037805
0 0.585449 0.136585 0.016602 0.026829
