0 0.726562 0.512445 0.029297 0.052709
0 0.635742 0.480966 0.025391 0.045388
0 0.532227 0.464861 0.021484 0.042460
0 0.408691 0.476574 0.018555 0.039531
0 0.286621 0.492679 0.024414 0.048316
0 0.440430 0.041728 0.009766 0.027818
0 0.926758 0.256955 0.013672 0.024890
0 0.016113 0.631040 0.032227 0.084919
0 0.059082 0.582723 0.040039 0.079063
0 0.116699 0.535139 0.032227 0.060029
0 0.152344 0.725476 0.041016 0.092240
0 0.844727 0.537335 0.031250 0.043924
0 0.897461 0.557833 0.023438 0.067350
0 0.557129 0.767204 0.010742 0.111274
