0 0.744629 0.613281 0.034180 0.065104
0 0.698242 0.593750 0.021484 0.046875
0 0.776367 0.500000 0.017578 0.026042
0 0.708496 0.430990 0.016602 0.020833
0 0.652832 0.475911 0.014648 0.024740
0 0.965332 0.559245 0.020508 0.035156
0 0.395508 0.557943 0.017578 0.035156
0 0.341797 0.524740 0.017578 0.031250
0 0.278809 0.455729 0.012695 0.015625
0 0.209961 0.528646 0.015625 0.026042
0 0.164062 0.522786 0.017578 0.029948
0 0.115723 0.470052 0.034180 0.062500
0 0.101074 0.737630 0.032227 0.087240
0 0.519043 0.406901 0.014648 0.024740
