0 0.058105 0.182870 0.047852 0.125000
0 0.120117 0.457176 0.064453 0.187500
0 0.917969 0.452546 0.054688 0.155093
0 0.809570 0.406250 0.042969 0.113426
0 0.725586 0.341435 0.039062 0.099537
0 0.634766 0.322917 0.035156 0.090278
0 0.540527 0.156250 0.032227 0.081019
0 0.457520 0.146991 0.036133 0.099537
0 0.449219 0.377315 0.044922 0.129630
0 0.550293 0.424769 0.036133 0.122685
0 0.387695 0.155093 0.033203 0.087963
0 0.287598 0.104167 0.041992 0.101852
0 0.284668 0.368056 0.051758 0.162037
0 0.179688 0.140046 0.044922 0.118056
