0 0.321289 0.344802 0.027344 0.057101
0 0.354004 0.297950 0.022461 0.051245
0 0.350586 0.234993 0.009766 0.016105
0 0.372070 0.256223 0.023438 0.049780
0 0.397949 0.285505 0.024414 0.052709
0 0.419434 0.261347 0.016602 0.036603
0 0.441895 0.286969 0.026367 0.058565
0 0.471680 0.265739 0.019531 0.033675
0 0.487793 0.304539 0.028320 0.061493
0 0.529785 0.241581 0.018555 0.032211
0 0.520996 0.295022 0.022461 0.042460
0 0.541504 0.274524 0.018555 0.027818
0 0.529785 0.363836 0.032227 0.060029
0 0.470703 0.469253 0.037109 0.068814
0 0.427246 0.422401 0.034180 0.065886
0 0.356445 0.425329 0.029297 0.060029
0 0.415039 0.350659 0.033203 0.068814
0 0.299805 0.291362 0.025391 0.055637
0 0.319824 0.272328 0.016602 0.032211
0 0.287109 0.258419 0.023438 0.036603
0 0.258789 0.274524 0.029297 0.054173
0 0.216309 0.251098 0.024414 0.042460
0 0.208008 0.286237 0.031250 0.051245
0 0.235352 0.275256 0.015625 0.032211
0 0.157715 0.300146 0.030273 0.052709
0 0.132324 0.268668 0.022461 0.045388
0 0.099121 0.266471 0.036133 0.058565
0 0.158691 0.273792 0.018555 0.038067
0 0.175293 0.379941 0.036133 0.065886
0 0.199707 0.344070 0.028320 0.055637
0 0.233887 0.374817 0.034180 0.052709
0 0.279297 0.393851 0.041016 0.084919
0 0.122559 0.341874 0.032227 0.062958
0 0.083008 0.344070 0.042969 0.084919
0 0.167480 0.473646 0.043945 0.083455
0 0.033203 0.306735 0.025391 0.042460
0 0.553223 0.298682 0.020508 0.052709
0 0.579102 0.322840 0.031250 0.060029
0 0.618164 0.273792 0.029297 0.052709
0 0.649414 0.278184 0.023438 0.040996
0 0.683594 0.280381 0.027344 0.048316
0 0.731934 0.288433 0.030273 0.055637
0 0.765625 0.270132 0.025391 0.048316
0 0.677734 0.345534 0.033203 0.061493
0 0.640625 0.394583 0.035156 0.068814
0 0.560547 0.448755 0.042969 0.080527
0 0.693359 0.459004 0.046875 0.086384
0 0.772949 0.426061 0.036133 0.064422
0 0.767090 0.341142 0.032227 0.061493
0 0.839355 0.305271 0.032227 0.062958
0 0.860840 0.269400 0.028320 0.043924
0 0.877930 0.353587 0.042969 0.089312
0 0.853027 0.467057 0.059570 0.096633
0 0.958496 0.377745 0.055664 0.099561
0 0.912598 0.320644 0.026367 0.055637
