0 0.752441 0.462891 0.045898 0.063802
0 0.708984 0.399740 0.039062 0.059896
0 0.832031 0.385417 0.041016 0.075521
0 0.886719 0.320964 0.037109 0.066406
0 0.899414 0.408203 0.044922 0.084635
0 0.788086 0.354167 0.039062 0.067708
0 0.666504 0.358073 0.038086 0.062500
0 0.623047 0.414714 0.041016 0.069010
0 0.568359 0.339844 0.039062 0.075521
0 0.495605 0.367839 0.043945 0.079427
0 0.435547 0.335938 0.041016 0.072917
0 0.371582 0.369141 0.045898 0.079427
0 0.309082 0.394531 0.045898 0.072917
0 0.249512 0.322266 0.045898 0.071615
0 0.175293 0.360677 0.049805 0.085938
0 0.102539 0.343750 0.050781 0.075521
