0 0.146973 0.433594 0.010742 0.023438
0 0.303223 0.336589 0.008789 0.019531
0 0.377441 0.290365 0.008789 0.015625
0 0.629395 0.337891 0.006836 0.016927
0 0.630371 0.307292 0.006836 0.013021
0 0.223633 0.158854 0.005859 0.013021
0 0.240723 0.158854 0.006836 0.013021
0 0.118652 0.154297 0.006836 0.011719
0 0.094727 0.159505 0.007812 0.011719
0 0.262207 0.147786 0.006836 0.011719
0 0.295410 0.152995 0.006836 0.011719
0 0.333984 0.136068 0.007812 0.011719
0 0.367676 0.136068 0.006836 0.011719
0 0.353027 0.944010 0.032227 0.062500
0 0.011719 0.912760 0.013672 0.054688
0 0.062500 0.591797 0.015625 0.024740
0 0.623535 0.098307 0.006836 0.011719
0 0.660156 0.076172 0.005859 0.011719
0 0.642090 0.078776 0.006836 0.011719
0 0.631348 0.078125 0.006836 0.010417
0 0.612793 0.063802 0.006836 0.013021
0 0.694336 0.072266 0.005859 0.009115
0 0.708496 0.070964 0.004883 0.009115
0 0.728516 0.067057 0.005859 0.009115
0 0.767090 0.068359 0.004883 0.009115
0 0.778320 0.061849 0.005859 0.011719
0 0.569824 0.042318 0.004883 0.009115
0 0.576172 0.057292 0.005859 0.010417
0 0.556152 0.083984 0.004883 0.009115
0 0.573730 0.083984 0.004883 0.009115
0 0.589355 0.080729 0.004883 0.010417
0 0.541504 0.089193 0.006836 0.009115
0 0.500977 0.103516 0.005859 0.011719
0 0.505371 0.090495 0.006836 0.011719
0 0.529785 0.068359 0.006836 0.009115
0 0.540527 0.041667 0.004883 0.010417
0 0.662598 0.031901 0.006836 0.011719
0 0.609375 0.083984 0.005859 0.009115
0 0.642090 0.043620 0.004883 0.011719
0 0.066895 0.052734 0.006836 0.014323
0 0.039551 0.056641 0.006836 0.014323
0 0.120605 0.055990 0.006836 0.013021
0 0.130371 0.044922 0.006836 0.011719
0 0.147461 0.048828 0.007812 0.014323
0 0.185547 0.050130 0.005859 0.011719
0 0.211426 0.048177 0.006836 0.013021
0 0.234375 0.046224 0.005859 0.011719
0 0.247070 0.044922 0.005859 0.011719
0 0.255371 0.049479 0.004883 0.007812
0 0.163574 0.180339 0.006836 0.014323
0 0.269531 0.039714 0.005859 0.009115
0 0.183105 0.019531 0.006836 0.010417
0 0.170898 0.021484 0.005859 0.011719
0 0.204102 0.020182 0.007812 0.011719
0 0.239258 0.019531 0.005859 0.013021
0 0.370605 0.036458 0.004883 0.010417
0 0.269531 0.021484 0.007812 0.011719
0 0.252441 0.023438 0.006836 0.010417
0 0.374512 0.012370 0.006836 0.011719
0 0.463379 0.121745 0.006836 0.009115
0 0.476074 0.089844 0.006836 0.010417
0 0.449707 0.076823 0.004883 0.010417
0 0.447754 0.056641 0.006836 0.011719
0 0.475586 0.044922 0.005859 0.009115
0 0.483398 0.077474 0.007812 0.011719
0 0.469238 0.025391 0.006836 0.011719
0 0.411621 0.033854 0.004883 0.013021
0 0.976074 0.134766 0.006836 0.011719
0 0.015137 0.169922 0.006836 0.011719
0 0.013184 0.029948 0.004883 0.010417
0 0.028809 0.054688 0.004883 0.010417
0 0.076172 0.056641 0.005859 0.009115
