0 0.089355 0.292969 0.045898 0.075521
0 0.105469 0.383464 0.056641 0.095052
0 0.198730 0.276693 0.036133 0.061198
0 0.252930 0.281901 0.044922 0.069010
0 0.330078 0.345052 0.054688 0.083333
0 0.364746 0.238281 0.040039 0.065104
0 0.431152 0.280599 0.043945 0.071615
0 0.522461 0.231771 0.039062 0.065104
0 0.540527 0.350260 0.055664 0.083333
0 0.601562 0.273438 0.048828 0.075521
0 0.676758 0.216146 0.037109 0.065104
0 0.730469 0.323568 0.056641 0.089844
0 0.768555 0.261719 0.044922 0.083333
0 0.833008 0.212891 0.039062 0.058594
0 0.930664 0.337240 0.056641 0.083333
