0 0.192383 0.197657 0.029297 0.040996
0 0.281250 0.189605 0.025391 0.042460
0 0.371582 0.194729 0.024414 0.043924
0 0.453613 0.191069 0.026367 0.048316
0 0.540527 0.191069 0.022461 0.039531
0 0.628418 0.199122 0.026367 0.043924
0 0.123535 0.303075 0.026367 0.046852
0 0.219727 0.284041 0.025391 0.040996
0 0.309082 0.285505 0.024414 0.046852
0 0.400879 0.273792 0.024414 0.046852
0 0.499023 0.282577 0.027344 0.043924
0 0.598145 0.273060 0.024414 0.039531
0 0.155273 0.452416 0.029297 0.046852
0 0.274414 0.459004 0.027344 0.048316
0 0.382812 0.450220 0.029297 0.045388
0 0.497559 0.448023 0.026367 0.049780
0 0.610352 0.443631 0.025391 0.049780
0 0.098633 0.585652 0.033203 0.049780
0 0.229980 0.603953 0.030273 0.048316
0 0.364746 0.595900 0.028320 0.049780
0 0.500488 0.601757 0.028320 0.046852
0 0.625000 0.597365 0.027344 0.052709
0 0.703613 0.195461 0.026367 0.042460
0 0.789062 0.191069 0.023438 0.039531
0 0.902832 0.281113 0.026367 0.043924
0 0.791504 0.281845 0.026367 0.042460
0 0.704590 0.281113 0.028320 0.043924
0 0.732422 0.447291 0.027344 0.045388
0 0.853027 0.440703 0.028320 0.049780
0 0.763184 0.579795 0.030273 0.049780
0 0.889160 0.581991 0.030273 0.048316
