0 0.892578 0.623348 0.017578 0.030837
0 0.815430 0.604258 0.017578 0.030837
0 0.778809 0.559471 0.016602 0.029369
0 0.759277 0.519090 0.014648 0.024963
0 0.713867 0.480176 0.011719 0.017621
0 0.681641 0.530837 0.011719 0.022026
0 0.740234 0.639501 0.017578 0.039648
0 0.669434 0.603524 0.016602 0.029369
0 0.608398 0.652717 0.019531 0.033774
0 0.642578 0.555066 0.017578 0.026432
0 0.606445 0.494126 0.011719 0.019090
0 0.555664 0.541850 0.013672 0.020558
0 0.523438 0.573421 0.015625 0.024963
0 0.490723 0.619677 0.018555 0.032305
0 0.502441 0.484581 0.012695 0.020558
0 0.455078 0.541116 0.013672 0.022026
0 0.408203 0.562408 0.013672 0.023495
0 0.408691 0.668135 0.020508 0.032305
0 0.355469 0.609398 0.015625 0.032305
0 0.378906 0.505140 0.013672 0.023495
0 0.323242 0.552863 0.015625 0.022026
0 0.283203 0.629956 0.019531 0.026432
0 0.274414 0.508811 0.013672 0.019090
0 0.221680 0.560940 0.017578 0.023495
0 0.178223 0.491924 0.014648 0.020558
0 0.101562 0.521292 0.015625 0.026432
0 0.147461 0.650514 0.019531 0.035242
