0 0.915039 0.303075 0.019531 0.038067
0 0.836914 0.267204 0.027344 0.054173
0 0.742188 0.225476 0.031250 0.061493
0 0.714355 0.296486 0.018555 0.033675
0 0.545898 0.097365 0.039062 0.089312
0 0.493164 0.277452 0.025391 0.057101
0 0.668457 0.292826 0.018555 0.046852
0 0.443359 0.361640 0.017578 0.032211
0 0.320312 0.307467 0.011719 0.049780
0 0.420410 0.396047 0.008789 0.021962
0 0.405273 0.448755 0.007812 0.013177
0 0.288086 0.375549 0.009766 0.024890
0 0.551758 0.431918 0.007812 0.014641
0 0.564941 0.349195 0.014648 0.027818
0 0.091797 0.420205 0.011719 0.026354
0 0.122070 0.447291 0.011719 0.024890
