0 0.873047 0.463542 0.009766 0.013021
0 0.861328 0.517578 0.011719 0.022135
0 0.801758 0.504557 0.007812 0.009115
0 0.791016 0.460938 0.009766 0.015625
0 0.778809 0.441406 0.008789 0.010417
0 0.716797 0.455078 0.007812 0.011719
0 0.706055 0.491536 0.009766 0.014323
0 0.646484 0.457682 0.009766 0.011719
0 0.613770 0.478516 0.008789 0.019531
0 0.587402 0.442708 0.008789 0.013021
0 0.607910 0.417969 0.008789 0.013021
0 0.604980 0.537760 0.012695 0.018229
0 0.697266 0.544271 0.011719 0.020833
0 0.554199 0.548177 0.010742 0.015625
0 0.475586 0.550781 0.011719 0.013021
0 0.518066 0.485026 0.008789 0.014323
0 0.509766 0.446615 0.009766 0.015625
0 0.443359 0.476562 0.009766 0.013021
0 0.396484 0.559245 0.011719 0.022135
0 0.375000 0.522135 0.009766 0.018229
0 0.373535 0.481771 0.010742 0.018229
0 0.442871 0.437500 0.006836 0.010417
0 0.416016 0.425781 0.005859 0.007812
0 0.329102 0.561198 0.011719 0.018229
0 0.271484 0.556641 0.009766 0.019531
0 0.344238 0.457031 0.008789 0.015625
0 0.307129 0.471354 0.006836 0.010417
0 0.319336 0.425781 0.005859 0.013021
0 0.802246 0.555990 0.008789 0.013021
0 0.456055 0.498698 0.007812 0.013021
