0 0.041504 0.773642 0.012695 0.038229
0 0.047852 0.726358 0.017578 0.044266
0 0.107422 0.528169 0.015625 0.038229
0 0.082031 0.504024 0.009766 0.038229
0 0.052246 0.477867 0.014648 0.038229
0 0.135254 0.761569 0.010742 0.034205
0 0.243652 0.738431 0.012695 0.032193
0 0.278809 0.777666 0.014648 0.038229
0 0.335449 0.752515 0.012695 0.032193
0 0.162109 0.535211 0.011719 0.044266
0 0.196289 0.529175 0.013672 0.036217
0 0.125000 0.478873 0.013672 0.032193
0 0.104004 0.473843 0.014648 0.034205
0 0.139648 0.473843 0.011719 0.038229
0 0.159180 0.495976 0.013672 0.034205
0 0.180176 0.507042 0.012695 0.032193
0 0.210938 0.471831 0.013672 0.030181
0 0.228516 0.498994 0.013672 0.028169
0 0.217773 0.530181 0.015625 0.042254
0 0.249023 0.535211 0.013672 0.044266
0 0.270508 0.538229 0.015625 0.038229
0 0.290527 0.524145 0.014648 0.026157
0 0.262207 0.500000 0.012695 0.034205
0 0.279785 0.486922 0.014648 0.036217
0 0.304688 0.488934 0.013672 0.032193
0 0.324219 0.505030 0.015625 0.036217
0 0.341309 0.543260 0.010742 0.028169
0 0.328613 0.560362 0.012695 0.034205
0 0.303223 0.602616 0.012695 0.034205
0 0.363281 0.526157 0.013672 0.038229
0 0.381836 0.526157 0.013672 0.034205
0 0.398438 0.534205 0.011719 0.038229
0 0.376465 0.769618 0.012695 0.030181
0 0.394531 0.689135 0.011719 0.034205
0 0.404785 0.737425 0.012695 0.030181
0 0.376465 0.497988 0.008789 0.022133
0 0.388672 0.505030 0.011719 0.028169
0 0.411621 0.510060 0.012695 0.030181
0 0.444824 0.675050 0.012695 0.038229
0 0.490723 0.713280 0.014648 0.038229
0 0.490723 0.670020 0.012695 0.028169
0 0.509277 0.620724 0.014648 0.034205
0 0.460449 0.610664 0.010742 0.030181
0 0.482422 0.504024 0.013672 0.034205
0 0.463379 0.533199 0.012695 0.032193
0 0.453125 0.486922 0.013672 0.028169
0 0.431641 0.516097 0.011719 0.026157
0 0.478027 0.423541 0.012695 0.030181
0 0.533691 0.519115 0.014648 0.040241
0 0.551270 0.468813 0.012695 0.032193
0 0.564941 0.515091 0.014648 0.032193
0 0.585938 0.500000 0.013672 0.030181
0 0.567871 0.483903 0.012695 0.034205
0 0.612793 0.455734 0.012695 0.038229
0 0.647949 0.460765 0.014648 0.036217
0 0.634277 0.487928 0.016602 0.038229
0 0.617676 0.530181 0.014648 0.034205
0 0.627930 0.538229 0.013672 0.034205
0 0.556641 0.646881 0.013672 0.034205
0 0.528320 0.719316 0.015625 0.042254
0 0.566406 0.713280 0.015625 0.038229
0 0.590820 0.739437 0.013672 0.038229
0 0.614746 0.724346 0.010742 0.024145
0 0.659668 0.697183 0.010742 0.030181
0 0.689453 0.665996 0.013672 0.032193
0 0.677734 0.750503 0.009766 0.032193
0 0.661621 0.507042 0.012695 0.036217
0 0.673340 0.540241 0.016602 0.042254
0 0.687988 0.454728 0.012695 0.036217
0 0.709961 0.465795 0.013672 0.030181
0 0.712402 0.503018 0.014648 0.032193
0 0.719238 0.539235 0.016602 0.040241
0 0.735352 0.457746 0.013672 0.026157
0 0.742188 0.497988 0.013672 0.030181
0 0.756836 0.490946 0.013672 0.032193
0 0.726074 0.758551 0.014648 0.032193
0 0.747559 0.755533 0.010742 0.034205
0 0.768555 0.521127 0.013672 0.036217
0 0.767090 0.468813 0.012695 0.032193
0 0.789551 0.495976 0.012695 0.042254
0 0.796387 0.515091 0.006836 0.016097
0 0.812012 0.501006 0.014648 0.036217
0 0.819336 0.539235 0.013672 0.040241
0 0.812988 0.458753 0.012695 0.032193
0 0.849121 0.456740 0.014648 0.024145
0 0.851562 0.494970 0.015625 0.036217
0 0.871094 0.490946 0.013672 0.036217
0 0.884277 0.507042 0.012695 0.032193
0 0.930176 0.430584 0.012695 0.020121
0 0.947266 0.461771 0.015625 0.050302
0 0.931152 0.518109 0.012695 0.034205
0 0.870605 0.638833 0.018555 0.042254
0 0.841797 0.650905 0.017578 0.038229
0 0.774902 0.771630 0.008789 0.030181
0 0.114258 0.436620 0.011719 0.032193
0 0.590332 0.466801 0.014648 0.036217
