0 0.560059 0.181303 0.041992 0.101983
0 0.812500 0.193343 0.060547 0.126062
0 0.815430 0.749292 0.062500 0.116147
0 0.735352 0.788244 0.074219 0.117564
0 0.688477 0.801700 0.050781 0.090652
0 0.648926 0.752125 0.040039 0.093484
0 0.604492 0.723796 0.060547 0.107649
0 0.518066 0.745042 0.051758 0.090652
0 0.530762 0.703258 0.055664 0.094901
0 0.450195 0.758499 0.058594 0.103399
0 0.445312 0.703966 0.064453 0.096317
0 0.391113 0.754958 0.057617 0.096317
0 0.310547 0.766289 0.054688 0.099150
0 0.241211 0.783994 0.066406 0.103399
0 0.022949 0.718839 0.045898 0.103399
0 0.062012 0.718839 0.057617 0.089235
0 0.899414 0.593484 0.041016 0.070822
