0 0.933594 0.553441 0.031250 0.061493
0 0.882812 0.540996 0.013672 0.045388
0 0.908691 0.470717 0.026367 0.033675
0 0.935547 0.440703 0.017578 0.032211
0 0.860840 0.486823 0.016602 0.024890
0 0.843262 0.472182 0.014648 0.024890
0 0.958984 0.677892 0.048828 0.125915
0 0.968262 0.577599 0.026367 0.065886
0 0.995117 0.510981 0.009766 0.032211
0 0.830566 0.618594 0.024414 0.039531
0 0.773438 0.585652 0.033203 0.079063
0 0.805664 0.487555 0.015625 0.026354
0 0.702148 0.593704 0.048828 0.080527
0 0.797852 0.468521 0.009766 0.023426
0 0.720215 0.446559 0.010742 0.017570
0 0.681641 0.488287 0.011719 0.030747
0 0.717285 0.422401 0.006836 0.013177
0 0.762695 0.418009 0.007812 0.016105
0 0.705566 0.439971 0.008789 0.016105
0 0.708496 0.423865 0.006836 0.013177
0 0.779785 0.542460 0.030273 0.057101
0 0.642090 0.455344 0.008789 0.017570
0 0.781738 0.445827 0.004883 0.019034
0 0.606445 0.434114 0.005859 0.016105
0 0.504883 0.464861 0.015625 0.024890
0 0.547363 0.445095 0.012695 0.020498
0 0.529297 0.450220 0.013672 0.024890
0 0.485352 0.434114 0.017578 0.021962
0 0.458984 0.486091 0.021484 0.035139
0 0.424316 0.466325 0.012695 0.033675
0 0.392090 0.502928 0.026367 0.036603
0 0.438965 0.502196 0.012695 0.014641
0 0.401855 0.404832 0.008789 0.019034
0 0.431641 0.592240 0.031250 0.051245
0 0.246582 0.566618 0.030273 0.046852
0 0.160156 0.568814 0.019531 0.062958
0 0.366211 0.470717 0.025391 0.042460
0 0.340820 0.406296 0.011719 0.019034
0 0.202148 0.414348 0.009766 0.020498
0 0.230957 0.428990 0.014648 0.026354
0 0.202637 0.393851 0.008789 0.017570
0 0.150391 0.430454 0.017578 0.038067
0 0.182617 0.433382 0.017578 0.032211
0 0.383789 0.379209 0.005859 0.011713
0 0.397461 0.377013 0.007812 0.013177
0 0.246582 0.356515 0.006836 0.013177
0 0.252441 0.352855 0.004883 0.008785
0 0.346680 0.378477 0.005859 0.013177
0 0.231445 0.390190 0.005859 0.019034
0 0.568848 0.466325 0.012695 0.030747
0 0.274902 0.457540 0.006836 0.024890
0 0.475586 0.567350 0.029297 0.057101
0 0.012207 0.544656 0.024414 0.105417
0 0.423828 0.407028 0.007812 0.014641
0 0.875000 0.193265 0.009766 0.017570
0 0.161133 0.135432 0.011719 0.021962
0 0.149902 0.111274 0.010742 0.026354
0 0.410645 0.373353 0.004883 0.008785
0 0.347656 0.401903 0.009766 0.019034
0 0.216797 0.382870 0.007812 0.013177
0 0.876465 0.521962 0.020508 0.036603
0 0.679688 0.386530 0.003906 0.008785
0 0.597168 0.412884 0.006836 0.011713
0 0.675293 0.407028 0.006836 0.011713
0 0.639160 0.433382 0.006836 0.011713
0 0.644043 0.421669 0.006836 0.011713
0 0.661133 0.412152 0.007812 0.013177
0 0.661621 0.390190 0.006836 0.013177
0 0.657715 0.402635 0.006836 0.011713
0 0.622070 0.393851 0.005859 0.011713
0 0.487793 0.407028 0.006836 0.014641
0 0.406250 0.381406 0.003906 0.010249
0 0.416992 0.383602 0.005859 0.011713
0 0.372070 0.396779 0.009766 0.017570
0 0.413574 0.413616 0.010742 0.019034
0 0.339844 0.382870 0.005859 0.010249
0 0.501953 0.396779 0.007812 0.014641
0 0.534668 0.390922 0.006836 0.014641
0 0.570801 0.428258 0.004883 0.013177
0 0.300293 0.340410 0.012695 0.033675
0 0.201660 0.271596 0.006836 0.019034
0 0.121094 0.485359 0.011719 0.042460
0 0.541992 0.396047 0.003906 0.007321
0 0.944336 0.952416 0.109375 0.095168
