0 0.057129 0.338214 0.010742 0.070278
0 0.016602 0.688141 0.033203 0.087848
0 0.088379 0.669107 0.049805 0.102489
0 0.228516 0.622987 0.054688 0.115666
0 0.038574 0.596633 0.038086 0.054173
0 0.058594 0.549780 0.015625 0.039531
0 0.046875 0.516837 0.027344 0.038067
0 0.124023 0.565154 0.021484 0.040996
0 0.142578 0.538799 0.021484 0.029283
0 0.085938 0.532943 0.015625 0.032211
0 0.113281 0.480966 0.013672 0.024890
0 0.173340 0.517570 0.016602 0.033675
0 0.165039 0.607613 0.015625 0.046852
0 0.303711 0.531479 0.033203 0.058565
0 0.438477 0.650073 0.041016 0.093704
0 0.414551 0.517570 0.016602 0.036603
0 0.341797 0.551977 0.021484 0.040996
0 0.505371 0.503660 0.014648 0.035139
0 0.443848 0.505857 0.016602 0.027818
0 0.259277 0.485359 0.006836 0.013177
0 0.249512 0.488287 0.004883 0.013177
0 0.216797 0.521230 0.013672 0.020498
0 0.230469 0.503660 0.009766 0.014641
0 0.185059 0.497072 0.010742 0.019034
0 0.200195 0.487555 0.005859 0.017570
0 0.211426 0.494143 0.008789 0.013177
0 0.222168 0.487555 0.008789 0.014641
0 0.222168 0.480234 0.006836 0.011713
0 0.822754 0.569546 0.041992 0.084919
0 0.764648 0.576867 0.033203 0.058565
0 0.928711 0.527086 0.033203 0.052709
0 0.984375 0.525622 0.021484 0.040996
0 0.978027 0.472182 0.018555 0.027818
0 0.942871 0.489019 0.016602 0.029283
0 0.912109 0.467057 0.015625 0.029283
0 0.881836 0.480234 0.013672 0.026354
0 0.894531 0.512445 0.017578 0.035139
0 0.777344 0.475110 0.013672 0.021962
0 0.744629 0.519034 0.010742 0.021962
0 0.757324 0.498536 0.012695 0.019034
0 0.639160 0.480966 0.024414 0.036603
0 0.696289 0.420205 0.019531 0.035139
0 0.566895 0.532211 0.016602 0.042460
0 0.574219 0.488287 0.011719 0.021962
0 0.691895 0.625915 0.008789 0.021962
0 0.531738 0.490483 0.006836 0.017570
0 0.513672 0.183748 0.021484 0.027818
0 0.977051 0.333821 0.008789 0.011713
0 0.668457 0.153001 0.010742 0.013177
0 0.851074 0.364568 0.006836 0.011713
0 0.146484 0.374817 0.003906 0.011713
0 0.145996 0.346999 0.002930 0.008785
0 0.143555 0.337482 0.003906 0.007321
0 0.146973 0.360908 0.002930 0.007321
0 0.143555 0.361640 0.003906 0.008785
0 0.919922 0.513177 0.019531 0.039531
0 0.900391 0.470717 0.007812 0.019034
