0 0.236328 0.618594 0.093750 0.130307
0 0.475586 0.441435 0.082031 0.150805
0 0.650391 0.595900 0.085938 0.137628
0 0.895996 0.589312 0.079102 0.153734
0 0.847168 0.515373 0.049805 0.076135
0 0.917480 0.476574 0.034180 0.051245
0 0.333496 0.629575 0.083008 0.137628
0 0.125000 0.573939 0.066406 0.114202
0 0.059570 0.541728 0.044922 0.058565
0 0.020508 0.726208 0.041016 0.172767
0 0.010742 0.543924 0.021484 0.071742
0 0.579102 0.595900 0.035156 0.084919
0 0.841797 0.405564 0.029297 0.058565
0 0.368652 0.524890 0.041992 0.083455
0 0.086426 0.674231 0.053711 0.101025
