0 0.860840 0.387324 0.026367 0.033803
0 0.764160 0.369718 0.024414 0.046479
0 0.675781 0.397887 0.027344 0.040845
0 0.909668 0.452817 0.006836 0.009859
0 0.936523 0.450000 0.019531 0.032394
0 0.904785 0.457042 0.006836 0.009859
0 0.991211 0.438028 0.007812 0.014085
0 0.726562 0.385211 0.015625 0.029577
0 0.656738 0.414789 0.026367 0.040845
0 0.625000 0.441549 0.011719 0.015493
0 0.571289 0.381690 0.029297 0.050704
0 0.503906 0.429577 0.025391 0.050704
0 0.474609 0.409859 0.019531 0.039437
0 0.516113 0.445775 0.010742 0.023944
0 0.448730 0.444366 0.014648 0.023944
0 0.418945 0.445070 0.027344 0.045070
0 0.380859 0.436620 0.013672 0.019718
0 0.356445 0.402113 0.023438 0.026761
0 0.322754 0.448592 0.024414 0.040845
0 0.293945 0.435211 0.021484 0.033803
0 0.281250 0.446479 0.017578 0.028169
0 0.277832 0.443662 0.020508 0.025352
0 0.243652 0.450704 0.016602 0.025352
0 0.230469 0.430986 0.029297 0.047887
0 0.203125 0.432394 0.021484 0.033803
0 0.180176 0.450704 0.008789 0.014085
0 0.165039 0.454930 0.017578 0.028169
0 0.135742 0.442254 0.023438 0.042254
0 0.120117 0.464789 0.017578 0.025352
0 0.073730 0.450704 0.020508 0.033803
0 0.040527 0.426761 0.028320 0.047887
