0 0.626465 0.227672 0.059570 0.139092
0 0.369629 0.143485 0.061523 0.149341
0 0.042480 0.625183 0.020508 0.038067
0 0.104492 0.612738 0.021484 0.036603
0 0.051758 0.602489 0.021484 0.033675
0 0.061035 0.588580 0.016602 0.035139
0 0.102539 0.579063 0.019531 0.030747
0 0.095215 0.551977 0.018555 0.032211
0 0.133301 0.548316 0.014648 0.024890
0 0.147461 0.586384 0.019531 0.027818
0 0.157715 0.560761 0.018555 0.032211
0 0.408691 0.536603 0.018555 0.024890
0 0.428223 0.629575 0.024414 0.035139
0 0.407227 0.649341 0.025391 0.042460
0 0.443848 0.609810 0.018555 0.030747
0 0.483398 0.600293 0.023438 0.040996
0 0.441406 0.558565 0.023438 0.039531
0 0.502441 0.535871 0.018555 0.035139
0 0.508301 0.597365 0.018555 0.035139
0 0.565918 0.604685 0.026367 0.043924
0 0.554199 0.567350 0.014648 0.027818
0 0.576660 0.575403 0.020508 0.026354
0 0.596680 0.555637 0.019531 0.033675
0 0.764648 0.515373 0.021484 0.038067
0 0.752930 0.607613 0.023438 0.043924
0 0.778320 0.620791 0.025391 0.038067
0 0.811035 0.623719 0.020508 0.038067
0 0.836426 0.557101 0.020508 0.030747
0 0.855957 0.631772 0.034180 0.045388
0 0.865234 0.577599 0.027344 0.042460
0 0.874023 0.530015 0.021484 0.032211
0 0.893066 0.543924 0.022461 0.036603
0 0.913086 0.631772 0.027344 0.036603
0 0.949219 0.576867 0.021484 0.043924
0 0.961426 0.554173 0.018555 0.039531
0 0.975586 0.666179 0.025391 0.046852
0 0.989746 0.630307 0.020508 0.042460
0 0.970703 0.530015 0.013672 0.026354
