0 0.119629 0.589410 0.024414 0.053819
0 0.189453 0.588542 0.025391 0.048611
0 0.274414 0.585069 0.025391 0.052083
0 0.334473 0.571181 0.028320 0.059028
0 0.585449 0.460938 0.038086 0.081597
0 0.415527 0.602431 0.038086 0.086806
0 0.618164 0.614583 0.033203 0.079861
0 0.680664 0.514757 0.044922 0.085069
0 0.011230 0.896701 0.020508 0.050347
0 0.092285 0.895833 0.024414 0.059028
0 0.748535 0.891493 0.022461 0.057292
0 0.071289 0.272569 0.027344 0.055556
0 0.036621 0.295139 0.018555 0.038194
0 0.110352 0.316840 0.021484 0.046875
0 0.008301 0.267361 0.016602 0.041667
0 0.038086 0.223958 0.015625 0.031250
0 0.088379 0.251736 0.016602 0.038194
0 0.185059 0.282118 0.028320 0.064236
0 0.215332 0.235243 0.018555 0.032986
0 0.240723 0.284722 0.020508 0.041667
0 0.299805 0.328125 0.027344 0.045139
0 0.337402 0.361111 0.020508 0.038194
0 0.368652 0.333333 0.028320 0.045139
0 0.329102 0.262153 0.019531 0.038194
0 0.275391 0.270833 0.015625 0.027778
0 0.238281 0.243056 0.013672 0.024306
0 0.252441 0.250000 0.012695 0.024306
0 0.274902 0.342014 0.018555 0.034722
0 0.344727 0.257812 0.011719 0.029514
0 0.279297 0.194444 0.013672 0.027778
0 0.324219 0.192708 0.013672 0.027778
0 0.368164 0.203125 0.015625 0.024306
0 0.299805 0.136285 0.013672 0.026042
0 0.243164 0.131076 0.011719 0.026042
0 0.151855 0.105903 0.018555 0.045139
0 0.088379 0.189236 0.016602 0.024306
0 0.052734 0.151910 0.013672 0.026042
0 0.102051 0.151042 0.008789 0.020833
0 0.107422 0.125868 0.009766 0.022569
0 0.087402 0.141493 0.010742 0.019097
0 0.063477 0.151042 0.011719 0.020833
0 0.071289 0.074653 0.005859 0.013889
0 0.033691 0.072917 0.004883 0.010417
0 0.215820 0.119792 0.005859 0.013889
0 0.203125 0.177083 0.011719 0.020833
0 0.192383 0.138021 0.007812 0.015625
0 0.170410 0.062500 0.004883 0.010417
0 0.216797 0.066840 0.005859 0.012153
0 0.263184 0.102431 0.006836 0.013889
0 0.233887 0.071181 0.004883 0.010417
0 0.291992 0.100694 0.005859 0.010417
0 0.315430 0.124132 0.005859 0.012153
0 0.309082 0.078993 0.004883 0.012153
0 0.369141 0.059896 0.005859 0.012153
0 0.354492 0.131944 0.011719 0.027778
0 0.264160 0.074653 0.004883 0.010417
0 0.288086 0.065972 0.005859 0.010417
0 0.436523 0.252604 0.027344 0.050347
0 0.419434 0.229167 0.020508 0.038194
0 0.445312 0.156250 0.009766 0.020833
0 0.390137 0.271701 0.016602 0.032986
0 0.414062 0.090278 0.009766 0.017361
0 0.430664 0.194444 0.009766 0.017361
0 0.387207 0.059896 0.004883 0.012153
0 0.381836 0.156250 0.009766 0.020833
0 0.367676 0.114583 0.008789 0.013889
0 0.323730 0.070312 0.006836 0.015625
0 0.340820 0.063368 0.007812 0.012153
0 0.283203 0.084201 0.005859 0.012153
0 0.235840 0.098958 0.008789 0.010417
0 0.419434 0.039931 0.006836 0.010417
0 0.407227 0.046875 0.005859 0.010417
0 0.450684 0.073785 0.008789 0.015625
0 0.429688 0.068576 0.005859 0.008681
0 0.423340 0.122396 0.006836 0.012153
0 0.345215 0.048611 0.004883 0.010417
0 0.360352 0.049479 0.003906 0.008681
0 0.371094 0.041667 0.005859 0.010417
0 0.451660 0.059028 0.004883 0.010417
0 0.435547 0.096354 0.007812 0.015625
0 0.184082 0.065972 0.006836 0.013889
0 0.456055 0.125000 0.009766 0.020833
0 0.439941 0.043403 0.004883 0.010417
0 0.349609 0.098090 0.005859 0.012153
0 0.325195 0.125000 0.005859 0.010417
0 0.403320 0.068576 0.005859 0.012153
0 0.467773 0.039931 0.003906 0.010417
0 0.401367 0.161458 0.009766 0.024306
0 0.163086 0.269097 0.019531 0.048611
0 0.005371 0.137153 0.010742 0.031250
0 0.801270 0.527778 0.030273 0.062500
0 0.948242 0.545139 0.052734 0.118056
0 0.890625 0.519965 0.029297 0.064236
0 0.763672 0.268229 0.029297 0.057292
0 0.693359 0.300347 0.025391 0.052083
0 0.732910 0.286458 0.024414 0.038194
0 0.667480 0.316840 0.020508 0.036458
0 0.619629 0.328993 0.028320 0.050347
0 0.574707 0.260417 0.028320 0.052083
0 0.479980 0.270833 0.022461 0.052083
0 0.494629 0.242188 0.022461 0.039931
0 0.522949 0.242188 0.022461 0.046875
0 0.632324 0.296875 0.022461 0.045139
0 0.671387 0.243924 0.022461 0.046875
0 0.645508 0.224826 0.015625 0.043403
0 0.814453 0.236111 0.027344 0.048611
0 0.848633 0.259549 0.029297 0.053819
0 0.928223 0.304688 0.022461 0.046875
0 0.968750 0.269097 0.025391 0.052083
0 0.914062 0.249132 0.023438 0.032986
0 0.962402 0.194444 0.020508 0.048611
0 0.562988 0.182292 0.014648 0.027778
0 0.593262 0.175347 0.010742 0.027778
0 0.516113 0.184028 0.008789 0.020833
0 0.484375 0.115451 0.009766 0.015625
0 0.541992 0.112847 0.007812 0.017361
0 0.561523 0.142361 0.009766 0.024306
0 0.574219 0.150174 0.009766 0.019097
0 0.734375 0.179688 0.011719 0.022569
0 0.640137 0.185764 0.010742 0.020833
0 0.631348 0.130208 0.006836 0.017361
0 0.874512 0.197049 0.010742 0.019097
0 0.827637 0.190104 0.010742 0.022569
0 0.759766 0.200521 0.009766 0.019097
0 0.743164 0.230035 0.011719 0.026042
0 0.693359 0.190104 0.005859 0.015625
0 0.593262 0.237847 0.014648 0.027778
0 0.890137 0.195312 0.010742 0.019097
0 0.851562 0.180556 0.009766 0.017361
0 0.924316 0.125000 0.008789 0.020833
0 0.881836 0.125000 0.009766 0.017361
0 0.961914 0.138889 0.009766 0.017361
0 0.987305 0.124132 0.007812 0.015625
0 0.994629 0.098958 0.008789 0.020833
0 0.945801 0.085069 0.004883 0.013889
0 0.940918 0.039062 0.006836 0.019097
0 0.926270 0.024306 0.004883 0.013889
0 0.744629 0.111979 0.006836 0.015625
0 0.826172 0.098090 0.007812 0.015625
0 0.583496 0.051215 0.006836 0.015625
0 0.643555 0.074653 0.005859 0.013889
0 0.643555 0.093750 0.007812 0.013889
0 0.610352 0.059896 0.005859 0.012153
0 0.651367 0.065104 0.005859 0.012153
0 0.686523 0.081597 0.005859 0.013889
0 0.714355 0.045139 0.004883 0.010417
0 0.696777 0.039931 0.006836 0.013889
0 0.876953 0.076389 0.005859 0.010417
0 0.781738 0.240451 0.014648 0.039931
0 0.880371 0.046875 0.006836 0.010417
0 0.842285 0.077257 0.006836 0.012153
0 0.922852 0.072917 0.007812 0.017361
0 0.847168 0.131944 0.008789 0.020833
0 0.905273 0.061632 0.007812 0.015625
0 0.978516 0.049479 0.005859 0.012153
0 0.983398 0.085069 0.007812 0.020833
0 0.849121 0.024306 0.006836 0.010417
0 0.845215 0.065972 0.006836 0.010417
0 0.873047 0.028646 0.005859 0.012153
0 0.963379 0.095486 0.008789 0.017361
0 0.888184 0.175347 0.012695 0.024306
0 0.946289 0.186632 0.015625 0.036458
0 0.787109 0.043403 0.005859 0.010417
0 0.871094 0.171007 0.009766 0.022569
0 0.811523 0.133681 0.013672 0.027778
0 0.720215 0.545139 0.028320 0.076389
0 0.631348 0.078125 0.004883 0.010417
0 0.036133 0.572917 0.027344 0.062500
0 0.504883 0.512153 0.023438 0.090278
0 0.728516 0.122396 0.007812 0.019097
