0 0.416016 0.590682 0.060547 0.109817
0 0.045898 0.786190 0.080078 0.131448
0 0.202637 0.549085 0.016602 0.066556
0 0.206543 0.469218 0.036133 0.076539
0 0.279785 0.438436 0.030273 0.064892
0 0.354980 0.403494 0.036133 0.071547
0 0.104980 0.480865 0.038086 0.079867
0 0.043457 0.564892 0.043945 0.084859
0 0.046875 0.435940 0.031250 0.053245
0 0.125977 0.437604 0.031250 0.063228
0 0.146973 0.434276 0.022461 0.039933
0 0.166992 0.372712 0.025391 0.033278
0 0.088867 0.382696 0.019531 0.033278
0 0.016113 0.391847 0.016602 0.044925
0 0.008789 0.325291 0.013672 0.031614
0 0.026855 0.400998 0.018555 0.036606
0 0.234375 0.435108 0.021484 0.051581
0 0.216797 0.307820 0.013672 0.026622
0 0.149902 0.329451 0.012695 0.023295
0 0.117188 0.334443 0.019531 0.033278
0 0.209961 0.351082 0.015625 0.029950
0 0.471680 0.378536 0.027344 0.048253
0 0.412598 0.393511 0.032227 0.061564
0 0.311035 0.370216 0.024414 0.051581
0 0.506836 0.356905 0.023438 0.048253
0 0.356445 0.322795 0.019531 0.036606
0 0.452637 0.341098 0.022461 0.043261
0 0.510742 0.247920 0.009766 0.019967
0 0.399414 0.294509 0.011719 0.023295
0 0.334473 0.311148 0.012695 0.026622
0 0.536133 0.387687 0.029297 0.056572
0 0.364746 0.356073 0.022461 0.039933
0 0.325684 0.290349 0.006836 0.014975
0 0.406250 0.272879 0.007812 0.016639
0 0.725098 0.827787 0.084961 0.148087
0 0.702148 0.574875 0.062500 0.111481
0 0.532227 0.655574 0.072266 0.146423
0 0.950195 0.455907 0.050781 0.083195
0 0.988281 0.384359 0.023438 0.063228
0 0.887207 0.386855 0.034180 0.068220
0 0.822266 0.386023 0.023438 0.056572
0 0.942871 0.304493 0.020508 0.043261
0 0.895996 0.225458 0.014648 0.028286
0 0.839355 0.203827 0.012695 0.024958
0 0.833496 0.351913 0.024414 0.048253
0 0.781250 0.213810 0.011719 0.021631
0 0.772949 0.340266 0.016602 0.034942
0 0.734863 0.371048 0.024414 0.043261
0 0.682617 0.379368 0.029297 0.049917
0 0.597656 0.376872 0.031250 0.054908
0 0.662598 0.319468 0.016602 0.033278
0 0.695801 0.338602 0.022461 0.041597
0 0.754395 0.276206 0.010742 0.019967
0 0.574219 0.410150 0.025391 0.061564
0 0.698730 0.469218 0.036133 0.073211
0 0.720703 0.287022 0.011719 0.021631
0 0.687500 0.287022 0.011719 0.021631
0 0.651855 0.265391 0.008789 0.018303
0 0.646484 0.242097 0.005859 0.011647
0 0.658691 0.228785 0.008789 0.014975
0 0.706543 0.312812 0.010742 0.019967
0 0.716309 0.242097 0.008789 0.018303
0 0.750977 0.193012 0.007812 0.016639
0 0.122070 0.109817 0.003906 0.009983
0 0.580078 0.241265 0.017578 0.036606
0 0.554688 0.116473 0.017578 0.033278
0 0.573242 0.099834 0.011719 0.023295
0 0.588379 0.123960 0.016602 0.038270
0 0.530762 0.086522 0.016602 0.033278
0 0.505371 0.124792 0.016602 0.029950
0 0.483398 0.103993 0.017578 0.031614
0 0.460449 0.108153 0.016602 0.033278
0 0.435547 0.096506 0.017578 0.033278
0 0.403809 0.155574 0.014648 0.024958
0 0.600586 0.153910 0.015625 0.038270
0 0.793457 0.236273 0.010742 0.019967
0 0.783203 0.258735 0.009766 0.018303
0 0.265137 0.312812 0.010742 0.019967
0 0.324219 0.344426 0.011719 0.023295
0 0.207520 0.327787 0.014648 0.033278
0 0.313965 0.313644 0.008789 0.018303
0 0.850586 0.348586 0.015625 0.038270
