0 0.030762 0.441406 0.024414 0.033854
0 0.084961 0.426432 0.021484 0.032552
0 0.127930 0.432292 0.019531 0.036458
0 0.158203 0.444010 0.019531 0.028646
0 0.209473 0.421875 0.020508 0.028646
0 0.276367 0.417318 0.019531 0.027344
0 0.273438 0.391276 0.015625 0.022135
0 0.318848 0.408203 0.016602 0.035156
0 0.372559 0.398438 0.018555 0.031250
0 0.419922 0.414714 0.019531 0.027344
0 0.472168 0.408854 0.018555 0.028646
0 0.519043 0.409505 0.020508 0.027344
0 0.548340 0.405599 0.016602 0.029948
0 0.589844 0.367188 0.015625 0.031250
0 0.593750 0.393229 0.017578 0.033854
0 0.531250 0.402344 0.017578 0.031250
0 0.627930 0.389323 0.015625 0.031250
0 0.641602 0.382812 0.019531 0.031250
0 0.664062 0.380208 0.015625 0.028646
0 0.689941 0.368490 0.018555 0.033854
0 0.696289 0.406901 0.021484 0.035156
0 0.744141 0.372396 0.017578 0.031250
0 0.750000 0.400391 0.021484 0.040365
0 0.785645 0.364583 0.018555 0.036458
0 0.849121 0.369141 0.022461 0.048177
0 0.893066 0.356120 0.020508 0.040365
0 0.910645 0.350911 0.026367 0.042969
0 0.941895 0.378906 0.018555 0.036458
0 0.950684 0.382812 0.024414 0.041667
