0 0.922852 0.690661 0.050781 0.084306
0 0.013672 0.621271 0.013672 0.049287
0 0.084961 0.634890 0.029297 0.058366
0 0.160645 0.666667 0.024414 0.077821
0 0.246582 0.614786 0.026367 0.054475
0 0.341797 0.639429 0.029297 0.057069
0 0.340820 0.590143 0.023438 0.049287
0 0.376953 0.613489 0.029297 0.051881
0 0.426758 0.574578 0.019531 0.038911
0 0.441895 0.621271 0.036133 0.062257
0 0.567871 0.655642 0.034180 0.060960
0 0.513672 0.628405 0.029297 0.058366
0 0.547363 0.591440 0.028320 0.038911
0 0.685059 0.613489 0.036133 0.072633
0 0.715820 0.583009 0.021484 0.040208
0 0.773438 0.610895 0.027344 0.051881
0 0.811035 0.605058 0.034180 0.060960
0 0.794434 0.563554 0.022461 0.037613
0 0.838867 0.580415 0.025391 0.042802
0 0.886230 0.590791 0.022461 0.040208
0 0.968750 0.603761 0.017578 0.027237
0 0.928711 0.551232 0.017578 0.033722
0 0.982910 0.562905 0.016602 0.033722
0 0.929688 0.612840 0.033203 0.063554
