0 0.688965 0.449707 0.018555 0.026367
0 0.624512 0.593262 0.016602 0.022461
0 0.588379 0.534668 0.018555 0.024414
0 0.532227 0.600098 0.019531 0.024414
0 0.529297 0.544434 0.017578 0.022461
0 0.486328 0.622559 0.017578 0.024414
0 0.466309 0.560059 0.016602 0.026367
0 0.419922 0.560059 0.017578 0.026367
0 0.447754 0.627930 0.018555 0.025391
0 0.392090 0.656738 0.016602 0.024414
0 0.367676 0.567383 0.024414 0.023438
0 0.271484 0.597656 0.019531 0.023438
0 0.323242 0.669922 0.023438 0.017578
0 0.188477 0.685547 0.021484 0.027344
0 0.258789 0.681641 0.021484 0.019531
0 0.322754 0.590332 0.018555 0.026367
