0 0.709961 0.311008 0.013672 0.013857
0 0.751953 0.294072 0.013672 0.010778
0 0.766113 0.312163 0.010742 0.011547
0 0.701660 0.287914 0.012695 0.013857
0 0.585938 0.328329 0.015625 0.016166
0 0.637207 0.325635 0.010742 0.013857
0 0.635742 0.307159 0.011719 0.010778
0 0.801270 0.796767 0.043945 0.040031
0 0.895996 0.757121 0.032227 0.034642
0 0.632324 0.729407 0.032227 0.031563
0 0.499023 0.749423 0.033203 0.031563
0 0.441406 0.768668 0.035156 0.034642
0 0.289551 0.803310 0.032227 0.033102
0 0.227051 0.804465 0.038086 0.038491
0 0.225098 0.728253 0.032227 0.030793
0 0.139160 0.735181 0.026367 0.027714
0 0.135742 0.655889 0.031250 0.035412
0 0.512695 0.696690 0.035156 0.040031
0 0.762207 0.668591 0.032227 0.034642
0 0.599121 0.673210 0.028320 0.036182
0 0.647461 0.667052 0.031250 0.034642
0 0.618652 0.650115 0.030273 0.030023
0 0.584961 0.642802 0.035156 0.036952
0 0.610840 0.617398 0.026367 0.027714
0 0.549805 0.603156 0.033203 0.031563
0 0.732910 0.797152 0.034180 0.036182
0 0.778809 0.802540 0.034180 0.033102
0 0.284180 0.662433 0.031250 0.034642
0 0.288574 0.620092 0.026367 0.026944
0 0.441406 0.703233 0.027344 0.036182
0 0.656738 0.785989 0.038086 0.038491
0 0.543457 0.794072 0.034180 0.036182
0 0.038086 0.408776 0.011719 0.013857
0 0.109863 0.417629 0.012695 0.013087
0 0.125488 0.412625 0.016602 0.012317
0 0.487305 0.591224 0.015625 0.016936
0 0.293945 0.714781 0.027344 0.033102
0 0.139648 0.689376 0.017578 0.025404
