0 0.197266 0.693606 0.037109 0.032328
0 0.443848 0.689296 0.040039 0.035201
0 0.508301 0.682830 0.032227 0.030891
0 0.585449 0.584411 0.034180 0.032328
0 0.719238 0.706178 0.041992 0.038793
0 0.496582 0.589080 0.026367 0.030172
0 0.422363 0.565374 0.014648 0.014368
0 0.346680 0.614583 0.035156 0.032328
0 0.167969 0.693247 0.027344 0.030172
0 0.854004 0.608118 0.034180 0.033764
0 0.719238 0.567888 0.032227 0.032328
0 0.819824 0.542744 0.030273 0.030891
0 0.879883 0.606322 0.023438 0.031609
0 0.774902 0.688218 0.034180 0.031609
0 0.210449 0.405532 0.016602 0.017960
0 0.187012 0.409483 0.014648 0.014368
0 0.593750 0.390805 0.015625 0.011494
0 0.535645 0.352730 0.014648 0.014368
0 0.600586 0.299928 0.011719 0.016523
0 0.641602 0.378233 0.013672 0.015086
0 0.520508 0.405532 0.015625 0.013649
0 0.285645 0.363865 0.018555 0.015086
0 0.107422 0.369612 0.011719 0.013649
0 0.735840 0.279095 0.012695 0.010776
0 0.774902 0.271911 0.010742 0.010776
0 0.867188 0.311063 0.011719 0.014368
0 0.840332 0.319325 0.010742 0.013649
0 0.608887 0.321480 0.012695 0.012213
0 0.601562 0.353089 0.009766 0.012213
0 0.475098 0.566092 0.022461 0.025862
0 0.544922 0.574353 0.027344 0.032328
0 0.794922 0.534842 0.023438 0.029454
0 0.263672 0.635417 0.015625 0.015086
