0 0.190430 0.529297 0.011719 0.016927
0 0.207520 0.518229 0.010742 0.020833
0 0.229980 0.521484 0.010742 0.016927
0 0.257324 0.516276 0.010742 0.019531
0 0.267090 0.525391 0.010742 0.016927
0 0.294922 0.560547 0.011719 0.016927
0 0.329590 0.536458 0.012695 0.020833
0 0.357422 0.490234 0.009766 0.016927
0 0.317383 0.483724 0.011719 0.019531
0 0.331055 0.453776 0.011719 0.016927
0 0.349121 0.444661 0.010742 0.016927
0 0.367676 0.440104 0.006836 0.013021
0 0.377930 0.419271 0.011719 0.015625
0 0.293457 0.434245 0.012695 0.019531
0 0.241699 0.464844 0.008789 0.018229
0 0.250977 0.422526 0.009766 0.016927
0 0.111816 0.563151 0.016602 0.022135
0 0.128418 0.569010 0.010742 0.020833
0 0.074219 0.571615 0.015625 0.026042
0 0.053223 0.575521 0.016602 0.023438
0 0.021484 0.496094 0.015625 0.023438
0 0.097168 0.483073 0.014648 0.023438
0 0.122070 0.472005 0.011719 0.022135
0 0.134766 0.458333 0.011719 0.020833
0 0.151855 0.483073 0.008789 0.013021
0 0.161621 0.479818 0.010742 0.019531
0 0.180176 0.474609 0.010742 0.019531
0 0.190918 0.470052 0.010742 0.020833
0 0.198730 0.576823 0.014648 0.026042
0 0.264160 0.585286 0.008789 0.016927
0 0.035156 0.421875 0.013672 0.020833
0 0.069336 0.417318 0.013672 0.022135
0 0.089844 0.422526 0.013672 0.019531
0 0.106445 0.416016 0.011719 0.024740
0 0.131348 0.412109 0.012695 0.022135
0 0.119141 0.368490 0.011719 0.018229
0 0.142578 0.364583 0.011719 0.018229
0 0.087402 0.345703 0.010742 0.016927
0 0.066895 0.342448 0.010742 0.018229
0 0.033691 0.375000 0.010742 0.015625
0 0.198242 0.407552 0.011719 0.020833
0 0.220703 0.393880 0.011719 0.022135
0 0.260742 0.360026 0.009766 0.016927
0 0.186035 0.354818 0.012695 0.019531
0 0.195312 0.324870 0.011719 0.019531
0 0.155762 0.323568 0.012695 0.019531
0 0.135742 0.335286 0.011719 0.019531
0 0.221680 0.339193 0.009766 0.014323
0 0.228027 0.323568 0.010742 0.019531
0 0.243652 0.289062 0.010742 0.018229
0 0.262695 0.291016 0.009766 0.016927
0 0.290527 0.289714 0.008789 0.014323
0 0.297852 0.315755 0.009766 0.016927
0 0.287598 0.354167 0.010742 0.015625
0 0.319824 0.363932 0.008789 0.014323
0 0.326172 0.345703 0.009766 0.014323
0 0.307617 0.403646 0.011719 0.015625
0 0.317871 0.391276 0.008789 0.016927
0 0.282715 0.400391 0.010742 0.016927
0 0.334961 0.419271 0.009766 0.015625
0 0.324707 0.288411 0.008789 0.016927
0 0.347656 0.314453 0.009766 0.016927
0 0.356934 0.344401 0.010742 0.016927
0 0.384766 0.348958 0.009766 0.018229
0 0.415039 0.345052 0.007812 0.018229
0 0.416504 0.314453 0.008789 0.016927
0 0.418945 0.294922 0.011719 0.011719
0 0.418945 0.276693 0.007812 0.016927
0 0.372070 0.283203 0.009766 0.016927
0 0.349609 0.281250 0.011719 0.018229
0 0.347168 0.251953 0.010742 0.016927
0 0.315430 0.252604 0.009766 0.018229
0 0.240723 0.253255 0.008789 0.014323
0 0.187012 0.287109 0.010742 0.016927
0 0.479492 0.426432 0.011719 0.014323
0 0.488770 0.418620 0.008789 0.016927
0 0.468262 0.380208 0.008789 0.015625
0 0.479980 0.378255 0.008789 0.016927
0 0.496582 0.384115 0.008789 0.015625
0 0.527832 0.372396 0.010742 0.015625
0 0.538086 0.414714 0.009766 0.016927
0 0.562988 0.462240 0.008789 0.015625
0 0.597168 0.462891 0.008789 0.014323
0 0.616211 0.455078 0.009766 0.016927
0 0.634766 0.449870 0.009766 0.016927
0 0.662598 0.447917 0.006836 0.013021
0 0.438477 0.348307 0.009766 0.014323
0 0.450684 0.310547 0.008789 0.014323
0 0.139648 0.291016 0.011719 0.016927
0 0.092285 0.266927 0.010742 0.018229
0 0.112305 0.255208 0.009766 0.018229
0 0.051758 0.291016 0.011719 0.019531
0 0.055176 0.257161 0.010742 0.019531
0 0.017578 0.268229 0.007812 0.015625
0 0.018555 0.301432 0.011719 0.014323
0 0.014648 0.223958 0.009766 0.015625
0 0.016602 0.193359 0.009766 0.016927
0 0.052734 0.210938 0.007812 0.013021
0 0.048340 0.167969 0.008789 0.015625
0 0.071289 0.166016 0.009766 0.016927
0 0.099609 0.165365 0.009766 0.015625
0 0.123047 0.171875 0.009766 0.018229
0 0.132324 0.201172 0.008789 0.014323
0 0.156738 0.171875 0.008789 0.015625
0 0.161133 0.194010 0.009766 0.015625
0 0.175781 0.227214 0.009766 0.016927
0 0.157715 0.226562 0.010742 0.015625
0 0.202148 0.199219 0.009766 0.015625
0 0.219727 0.222656 0.009766 0.015625
0 0.241699 0.229167 0.008789 0.015625
0 0.221191 0.199870 0.008789 0.014323
0 0.234375 0.202474 0.007812 0.014323
0 0.255371 0.203125 0.008789 0.015625
0 0.276855 0.203776 0.008789 0.014323
0 0.293457 0.201172 0.008789 0.016927
0 0.028809 0.147786 0.008789 0.014323
0 0.017578 0.147135 0.009766 0.015625
0 0.057617 0.140625 0.009766 0.015625
0 0.080078 0.143229 0.009766 0.015625
0 0.135254 0.152344 0.008789 0.015625
0 0.124512 0.151693 0.006836 0.011719
0 0.165527 0.144531 0.008789 0.015625
0 0.193359 0.168620 0.007812 0.011719
0 0.101562 0.115885 0.007812 0.013021
0 0.075195 0.112630 0.009766 0.016927
0 0.060547 0.108073 0.009766 0.015625
0 0.033691 0.119792 0.006836 0.015625
0 0.112305 0.144531 0.009766 0.018229
0 0.119141 0.195964 0.009766 0.016927
0 0.066895 0.241536 0.012695 0.011719
0 0.092285 0.082031 0.008789 0.013021
0 0.101074 0.070964 0.006836 0.014323
0 0.263184 0.125651 0.008789 0.014323
0 0.314453 0.153646 0.007812 0.013021
0 0.282227 0.078776 0.007812 0.014323
0 0.322266 0.221354 0.009766 0.015625
0 0.326172 0.171224 0.007812 0.014323
0 0.331543 0.160156 0.006836 0.013021
0 0.350098 0.169271 0.006836 0.010417
0 0.359863 0.197266 0.006836 0.011719
0 0.372559 0.178385 0.008789 0.013021
0 0.383301 0.201172 0.008789 0.014323
0 0.400879 0.199219 0.010742 0.015625
0 0.419922 0.203776 0.007812 0.014323
0 0.416504 0.188151 0.006836 0.011719
0 0.414062 0.174479 0.007812 0.013021
0 0.478027 0.199870 0.008789 0.014323
0 0.505371 0.203776 0.006836 0.014323
0 0.519043 0.230469 0.006836 0.015625
0 0.503418 0.255208 0.006836 0.010417
0 0.471191 0.258464 0.008789 0.014323
0 0.466797 0.242839 0.007812 0.014323
0 0.450195 0.255208 0.009766 0.015625
0 0.469238 0.151693 0.008789 0.014323
0 0.486328 0.158854 0.007812 0.013021
0 0.595703 0.421224 0.007812 0.014323
0 0.600586 0.417969 0.007812 0.013021
0 0.609863 0.336589 0.008789 0.014323
0 0.618652 0.311198 0.008789 0.015625
0 0.596191 0.307943 0.008789 0.014323
0 0.647949 0.311198 0.008789 0.015625
0 0.676270 0.317057 0.006836 0.014323
0 0.586914 0.258464 0.007812 0.014323
0 0.574707 0.256510 0.006836 0.013021
0 0.559082 0.256510 0.008789 0.013021
0 0.700195 0.363281 0.011719 0.015625
0 0.685059 0.365234 0.008789 0.014323
0 0.726562 0.433594 0.009766 0.015625
0 0.736328 0.417969 0.007812 0.013021
0 0.754395 0.367188 0.008789 0.015625
0 0.725586 0.255208 0.007812 0.013021
0 0.851562 0.429036 0.009766 0.014323
0 0.798828 0.430990 0.007812 0.013021
0 0.911133 0.384766 0.007812 0.011719
0 0.627441 0.187500 0.008789 0.013021
0 0.657715 0.183594 0.006836 0.013021
0 0.662109 0.158854 0.005859 0.013021
0 0.636230 0.164714 0.006836 0.011719
0 0.691406 0.165365 0.005859 0.010417
0 0.725098 0.167969 0.006836 0.010417
0 0.954102 0.237630 0.007812 0.011719
0 0.007324 0.548177 0.012695 0.023438
0 0.393066 0.089844 0.006836 0.013021
0 0.131836 0.111328 0.007812 0.014323
0 0.989258 0.423828 0.007812 0.014323
0 0.217285 0.363281 0.010742 0.023438
