0 0.860840 0.428819 0.059570 0.135417
0 0.873047 0.815972 0.083984 0.225694
0 0.688477 0.554688 0.095703 0.210069
0 0.716797 0.298611 0.023438 0.048611
0 0.573242 0.427083 0.083984 0.173611
0 0.259277 0.234375 0.032227 0.065972
0 0.360352 0.209201 0.025391 0.057292
0 0.460449 0.596354 0.057617 0.123264
0 0.471680 0.367188 0.031250 0.085069
0 0.458008 0.418403 0.025391 0.065972
0 0.415527 0.437500 0.032227 0.069444
0 0.211426 0.329861 0.057617 0.246528
0 0.264648 0.559896 0.041016 0.140625
0 0.365234 0.493056 0.066406 0.118056
