0 0.630371 0.406332 0.045898 0.153034
0 0.186035 0.091029 0.012695 0.039578
0 0.171875 0.077836 0.011719 0.039578
0 0.111816 0.091029 0.012695 0.039578
0 0.133789 0.120053 0.013672 0.044855
0 0.146973 0.067282 0.010742 0.044855
0 0.077148 0.058047 0.013672 0.042216
0 0.055176 0.104222 0.012695 0.044855
0 0.347656 0.073879 0.013672 0.042216
0 0.301758 0.079156 0.013672 0.042216
0 0.253418 0.100264 0.012695 0.047493
0 0.540039 0.071240 0.009766 0.031662
0 0.458496 0.023747 0.010742 0.042216
0 0.513184 0.050132 0.010742 0.042216
0 0.657715 0.105541 0.010742 0.036939
0 0.701660 0.068602 0.010742 0.036939
0 0.753906 0.108179 0.011719 0.042216
0 0.791504 0.112137 0.008789 0.039578
0 0.844238 0.043536 0.010742 0.039578
0 0.837402 0.076517 0.012695 0.042216
0 0.889160 0.114776 0.010742 0.039578
0 0.923340 0.048813 0.010742 0.034301
0 0.951172 0.121372 0.009766 0.031662
0 0.933594 0.044855 0.007812 0.026385
0 0.981934 0.094987 0.010742 0.036939
0 0.526855 0.092348 0.010742 0.036939
0 0.427734 0.067282 0.007812 0.029024
0 0.387207 0.118734 0.008789 0.036939
0 0.473145 0.047493 0.010742 0.031662
