0 0.096191 0.652995 0.006836 0.011719
0 0.242676 0.629557 0.006836 0.011719
0 0.259277 0.705078 0.047852 0.071615
0 0.369141 0.692708 0.048828 0.070312
0 0.437500 0.669922 0.048828 0.071615
0 0.507812 0.658854 0.046875 0.065104
0 0.581055 0.532552 0.048828 0.078125
0 0.572266 0.761068 0.044922 0.066406
0 0.625977 0.742839 0.041016 0.066406
0 0.690430 0.756510 0.044922 0.070312
0 0.765137 0.606120 0.004883 0.009115
0 0.791504 0.616536 0.004883 0.006510
0 0.813965 0.613932 0.004883 0.006510
0 0.848633 0.602865 0.005859 0.007812
0 0.883789 0.623698 0.005859 0.010417
0 0.071777 0.629557 0.008789 0.011719
0 0.945801 0.576172 0.004883 0.006510
0 0.910645 0.583333 0.006836 0.007812
