0 0.235352 0.348958 0.023438 0.041667
0 0.293457 0.408203 0.024414 0.040365
0 0.262207 0.625000 0.026367 0.039062
0 0.348145 0.576823 0.022461 0.044271
0 0.358398 0.424479 0.017578 0.039062
0 0.404785 0.406250 0.022461 0.039062
0 0.467285 0.404948 0.022461 0.041667
0 0.539062 0.410807 0.021484 0.040365
0 0.599609 0.404297 0.023438 0.040365
0 0.661133 0.418620 0.025391 0.045573
0 0.448242 0.536458 0.023438 0.041667
0 0.506348 0.531901 0.022461 0.040365
0 0.600098 0.544922 0.026367 0.040365
0 0.719727 0.335286 0.031250 0.053385
