0 0.181152 0.514663 0.043945 0.082111
0 0.186523 0.445015 0.025391 0.045455
0 0.333008 0.433284 0.082031 0.159824
0 0.507812 0.436217 0.070312 0.139296
0 0.426270 0.488270 0.028320 0.052786
0 0.567383 0.478739 0.031250 0.057185
0 0.602051 0.484604 0.016602 0.048387
0 0.620117 0.532991 0.025391 0.051320
0 0.687500 0.467742 0.066406 0.137830
0 0.787598 0.552786 0.032227 0.076246
0 0.760254 0.481672 0.024414 0.057185
0 0.815918 0.465543 0.026367 0.048387
0 0.897461 0.478739 0.048828 0.092375
0 0.831543 0.482405 0.012695 0.026393
0 0.364746 0.489736 0.040039 0.090909
