0 0.039551 0.298828 0.055664 0.140625
0 0.097656 0.061523 0.042969 0.103516
0 0.102539 0.453125 0.054688 0.140625
0 0.171387 0.145508 0.045898 0.103516
0 0.181152 0.334961 0.049805 0.130859
0 0.231934 0.102539 0.040039 0.103516
0 0.292969 0.127930 0.054688 0.115234
0 0.378906 0.167969 0.052734 0.136719
0 0.280762 0.321289 0.047852 0.119141
0 0.228516 0.493164 0.060547 0.158203
0 0.083496 0.665039 0.059570 0.146484
0 0.194336 0.633789 0.058594 0.126953
0 0.348145 0.746094 0.063477 0.160156
0 0.173340 0.977539 0.061523 0.044922
0 0.413574 0.967773 0.053711 0.064453
0 0.351074 0.543945 0.051758 0.123047
0 0.428711 0.056641 0.048828 0.105469
0 0.457520 0.219727 0.040039 0.103516
0 0.500488 0.053711 0.043945 0.099609
0 0.514648 0.252930 0.058594 0.126953
0 0.545898 0.367188 0.066406 0.171875
0 0.607910 0.291992 0.053711 0.119141
0 0.632324 0.458984 0.059570 0.125000
0 0.739746 0.164062 0.051758 0.128906
0 0.759766 0.284180 0.060547 0.134766
0 0.761719 0.431641 0.058594 0.117188
0 0.729004 0.669922 0.065430 0.125000
0 0.845215 0.516602 0.057617 0.115234
0 0.864258 0.699219 0.066406 0.140625
0 0.635254 0.977539 0.057617 0.044922
0 0.866699 0.117188 0.057617 0.105469
0 0.858887 0.306641 0.053711 0.136719
0 0.982422 0.143555 0.035156 0.111328
0 0.962402 0.340820 0.061523 0.119141
0 0.967285 0.466797 0.061523 0.128906
0 0.994629 0.594727 0.010742 0.115234
0 0.992188 0.662109 0.015625 0.121094
0 0.426270 0.455078 0.065430 0.167969
0 0.507812 0.467773 0.056641 0.142578
0 0.132324 0.080078 0.040039 0.113281
