0 0.033691 0.257182 0.016602 0.035568
0 0.265137 0.237346 0.038086 0.047880
0 0.451172 0.229138 0.041016 0.072503
0 0.613281 0.254446 0.029297 0.049248
0 0.677734 0.214774 0.033203 0.054720
0 0.588867 0.158003 0.003906 0.004104
0 0.826172 0.234610 0.025391 0.039672
0 0.864258 0.240766 0.005859 0.008208
0 0.916992 0.233242 0.007812 0.009576
0 0.932129 0.232558 0.006836 0.013680
0 0.876465 0.239398 0.004883 0.010944
0 0.565918 0.632011 0.040039 0.035568
0 0.489746 0.229822 0.006836 0.013680
0 0.517578 0.236662 0.007812 0.010944
0 0.497070 0.235978 0.005859 0.009576
