0 0.094238 0.503255 0.038086 0.040365
0 0.082031 0.410807 0.031250 0.061198
0 0.073242 0.367188 0.025391 0.031250
0 0.041016 0.319010 0.017578 0.028646
0 0.030273 0.276042 0.015625 0.026042
0 0.040527 0.270182 0.006836 0.014323
0 0.062500 0.285156 0.011719 0.023438
0 0.083008 0.282552 0.015625 0.020833
0 0.070312 0.283854 0.009766 0.020833
0 0.083984 0.309896 0.017578 0.026042
0 0.131836 0.267578 0.015625 0.027344
0 0.112305 0.281250 0.009766 0.013021
0 0.141113 0.298177 0.016602 0.031250
0 0.105957 0.341146 0.016602 0.018229
0 0.150879 0.371745 0.026367 0.040365
0 0.185059 0.449870 0.030273 0.040365
0 0.235840 0.440104 0.038086 0.052083
0 0.278809 0.401042 0.030273 0.044271
0 0.234375 0.357422 0.027344 0.042969
0 0.217285 0.356771 0.018555 0.023438
0 0.178223 0.296224 0.014648 0.022135
0 0.174316 0.277344 0.012695 0.023438
0 0.195801 0.272135 0.012695 0.020833
0 0.209473 0.278646 0.012695 0.023438
0 0.257812 0.298828 0.017578 0.029948
0 0.282715 0.326823 0.022461 0.036458
0 0.306641 0.367188 0.021484 0.033854
0 0.304688 0.315104 0.017578 0.026042
0 0.309570 0.263021 0.013672 0.020833
0 0.286133 0.291016 0.015625 0.016927
0 0.251953 0.273438 0.011719 0.015625
0 0.050781 0.174479 0.009766 0.015625
0 0.092285 0.186849 0.010742 0.019531
0 0.171875 0.186198 0.005859 0.007812
0 0.015137 0.264974 0.006836 0.022135
0 0.243164 0.239583 0.005859 0.007812
0 0.267578 0.236328 0.007812 0.009115
0 0.286621 0.238932 0.006836 0.009115
0 0.324707 0.237630 0.006836 0.009115
0 0.335449 0.234375 0.004883 0.007812
0 0.354980 0.236979 0.006836 0.007812
0 0.379883 0.236979 0.005859 0.010417
0 0.402344 0.235677 0.007812 0.010417
0 0.391602 0.238281 0.005859 0.007812
0 0.319336 0.189453 0.003906 0.006510
0 0.361328 0.223958 0.003906 0.005208
0 0.314453 0.235026 0.005859 0.006510
0 0.429199 0.759766 0.004883 0.006510
0 0.640137 0.270833 0.012695 0.020833
0 0.625488 0.287760 0.012695 0.015625
0 0.715820 0.248047 0.009766 0.014323
0 0.784180 0.276693 0.013672 0.022135
0 0.765137 0.268229 0.010742 0.015625
0 0.769043 0.287109 0.014648 0.019531
0 0.750000 0.289062 0.017578 0.028646
0 0.721191 0.293620 0.018555 0.035156
0 0.696777 0.293620 0.016602 0.029948
0 0.711914 0.282552 0.009766 0.018229
0 0.680176 0.296875 0.012695 0.015625
0 0.640137 0.297526 0.016602 0.022135
0 0.676270 0.352214 0.024414 0.032552
0 0.656738 0.330078 0.016602 0.024740
0 0.636719 0.335286 0.023438 0.029948
0 0.634766 0.397786 0.025391 0.029948
0 0.737305 0.400391 0.025391 0.024740
0 0.614746 0.429688 0.028320 0.036458
0 0.637695 0.482422 0.041016 0.061198
0 0.739746 0.469401 0.032227 0.029948
0 0.796387 0.479167 0.043945 0.054688
0 0.843262 0.470703 0.030273 0.032552
0 0.819824 0.364583 0.026367 0.046875
0 0.770996 0.349609 0.024414 0.032552
0 0.836426 0.179688 0.004883 0.005208
0 0.810547 0.283854 0.015625 0.028646
0 0.802734 0.273438 0.011719 0.015625
0 0.876953 0.290365 0.015625 0.026042
0 0.843750 0.305990 0.015625 0.015625
0 0.831543 0.288411 0.010742 0.016927
0 0.896484 0.311198 0.017578 0.026042
0 0.810059 0.324870 0.012695 0.014323
0 0.863281 0.360677 0.023438 0.036458
0 0.914062 0.370443 0.025391 0.042969
0 0.926758 0.331380 0.019531 0.035156
0 0.933594 0.286458 0.015625 0.023438
0 0.986328 0.278646 0.015625 0.026042
0 0.966309 0.289062 0.012695 0.015625
0 0.964844 0.327474 0.017578 0.032552
0 0.961426 0.473307 0.041992 0.053385
0 0.912598 0.279948 0.010742 0.010417
0 0.012207 0.494792 0.016602 0.046875
0 0.836914 0.276693 0.013672 0.014323
0 0.410645 0.252604 0.008789 0.010417
0 0.874512 0.264323 0.012695 0.013021
0 0.333496 0.271484 0.010742 0.016927
0 0.262207 0.270182 0.012695 0.016927
0 0.344727 0.274740 0.011719 0.018229
0 0.371094 0.262370 0.011719 0.016927
0 0.389648 0.273438 0.013672 0.023438
0 0.359375 0.294922 0.017578 0.027344
0 0.201172 0.309245 0.019531 0.022135
0 0.227051 0.302734 0.012695 0.014323
0 0.350098 0.361328 0.024414 0.032552
0 0.377441 0.352214 0.022461 0.035156
0 0.380371 0.450521 0.041992 0.062500
0 0.435059 0.238932 0.006836 0.011719
0 0.462402 0.238932 0.008789 0.011719
0 0.487793 0.232422 0.006836 0.009115
0 0.420898 0.236979 0.007812 0.010417
0 0.474609 0.233073 0.005859 0.010417
0 0.501953 0.225911 0.005859 0.009115
0 0.483887 0.257812 0.006836 0.013021
0 0.412109 0.298177 0.017578 0.026042
0 0.467773 0.276693 0.017578 0.029948
0 0.502441 0.279297 0.012695 0.019531
0 0.435547 0.281901 0.013672 0.011719
0 0.420898 0.268880 0.009766 0.011719
0 0.509766 0.241536 0.005859 0.006510
0 0.450195 0.235026 0.003906 0.006510
0 0.427246 0.231120 0.004883 0.006510
0 0.431152 0.223307 0.002930 0.006510
0 0.443359 0.231120 0.003906 0.006510
0 0.375488 0.208333 0.004883 0.005208
0 0.437500 0.326172 0.029297 0.058594
0 0.483887 0.344401 0.020508 0.029948
0 0.418945 0.339844 0.013672 0.023438
0 0.529785 0.305990 0.018555 0.015625
0 0.552734 0.286458 0.015625 0.028646
0 0.579102 0.287109 0.013672 0.022135
0 0.603027 0.298177 0.018555 0.033854
0 0.543945 0.266927 0.011719 0.015625
0 0.519531 0.283854 0.011719 0.013021
0 0.534668 0.255859 0.004883 0.006510
0 0.510254 0.482422 0.043945 0.058594
0 0.535645 0.402995 0.028320 0.037760
0 0.564453 0.343099 0.023438 0.032552
0 0.577148 0.329427 0.019531 0.039062
0 0.517578 0.231771 0.005859 0.010417
0 0.533203 0.236979 0.005859 0.010417
0 0.555664 0.240885 0.007812 0.013021
0 0.567871 0.222656 0.006836 0.010417
0 0.579102 0.231771 0.007812 0.010417
0 0.594238 0.230469 0.006836 0.010417
0 0.596680 0.250651 0.005859 0.009115
0 0.540527 0.237630 0.006836 0.011719
0 0.607422 0.235026 0.005859 0.009115
0 0.626953 0.240885 0.005859 0.010417
0 0.644043 0.236328 0.004883 0.009115
0 0.651855 0.244792 0.006836 0.007812
0 0.672852 0.266927 0.013672 0.018229
