0 0.798828 0.546377 0.035156 0.069565
0 0.906738 0.494203 0.034180 0.069565
0 0.898438 0.388406 0.029297 0.063768
0 0.720215 0.400000 0.026367 0.052174
0 0.695801 0.386232 0.022461 0.047826
0 0.604004 0.512319 0.030273 0.056522
0 0.604980 0.406522 0.020508 0.042029
0 0.589355 0.413768 0.024414 0.050725
0 0.536621 0.399275 0.028320 0.053623
0 0.577637 0.321739 0.026367 0.046377
0 0.472656 0.543478 0.037109 0.057971
0 0.377930 0.517391 0.029297 0.046377
0 0.391113 0.349275 0.028320 0.052174
0 0.250000 0.319565 0.027344 0.044928
0 0.209961 0.397101 0.017578 0.043478
0 0.185547 0.452174 0.029297 0.069565
0 0.106934 0.476812 0.026367 0.043478
0 0.043945 0.378986 0.035156 0.053623
0 0.163574 0.378986 0.024414 0.036232
