0 0.037109 0.891892 0.019531 0.031294
0 0.062988 0.531294 0.006836 0.012802
0 0.051758 0.583215 0.009766 0.022760
0 0.040527 0.613087 0.010742 0.019915
0 0.080078 0.607397 0.009766 0.022760
0 0.106934 0.578236 0.008789 0.018492
0 0.120605 0.519915 0.006836 0.015647
0 0.134766 0.546230 0.007812 0.014225
0 0.123535 0.608819 0.010742 0.019915
0 0.118652 0.640114 0.010742 0.022760
0 0.067871 0.667852 0.012695 0.027027
0 0.049316 0.720484 0.012695 0.021337
0 0.076660 0.771693 0.012695 0.027027
0 0.079590 0.803698 0.014648 0.028450
0 0.088867 0.691323 0.013672 0.028450
0 0.122559 0.714083 0.010742 0.028450
0 0.116699 0.749644 0.018555 0.034139
0 0.158691 0.710526 0.014648 0.027027
0 0.191406 0.692745 0.011719 0.028450
0 0.143066 0.800853 0.020508 0.031294
0 0.106934 0.846373 0.018555 0.031294
0 0.229980 0.840683 0.022461 0.036984
0 0.281738 0.766003 0.018555 0.029872
0 0.332520 0.854196 0.022461 0.046942
0 0.380859 0.985064 0.021484 0.024182
0 0.466309 0.884780 0.026367 0.045519
0 0.451172 0.768137 0.023438 0.036984
0 0.408691 0.764580 0.014648 0.029872
0 0.385254 0.725462 0.014648 0.031294
0 0.346191 0.766714 0.016602 0.025605
0 0.343750 0.693457 0.013672 0.027027
0 0.366699 0.655050 0.014648 0.027027
0 0.375977 0.620199 0.013672 0.022760
0 0.398438 0.595306 0.009766 0.018492
0 0.413086 0.637980 0.013672 0.021337
0 0.425781 0.635846 0.009766 0.019915
0 0.481445 0.674253 0.013672 0.025605
0 0.530273 0.638691 0.011719 0.025605
0 0.534180 0.586060 0.011719 0.019915
0 0.506348 0.590327 0.010742 0.014225
0 0.497070 0.593172 0.011719 0.014225
0 0.403809 0.559744 0.010742 0.015647
0 0.443848 0.533428 0.006836 0.014225
0 0.507324 0.567568 0.008789 0.017070
0 0.532227 0.541252 0.009766 0.015647
0 0.470215 0.551209 0.008789 0.018492
0 0.525879 0.721906 0.018555 0.029872
0 0.230957 0.651494 0.010742 0.022760
0 0.237793 0.620910 0.010742 0.018492
0 0.265137 0.579659 0.012695 0.015647
0 0.185059 0.609531 0.012695 0.027027
0 0.154785 0.597440 0.010742 0.022760
0 0.183594 0.650782 0.011719 0.018492
0 0.162109 0.556899 0.009766 0.018492
0 0.434082 0.840683 0.018555 0.034139
0 0.547852 0.785206 0.015625 0.034139
0 0.565430 0.733286 0.015625 0.032717
0 0.589355 0.676387 0.014648 0.027027
0 0.629395 0.647226 0.012695 0.028450
0 0.627930 0.812233 0.015625 0.031294
0 0.641113 0.949502 0.024414 0.035562
0 0.342285 0.614509 0.012695 0.014225
0 0.295410 0.605263 0.010742 0.018492
0 0.327148 0.547653 0.011719 0.019915
0 0.280762 0.525605 0.008789 0.018492
0 0.241699 0.545519 0.008789 0.018492
0 0.218262 0.581792 0.010742 0.017070
0 0.555664 0.601707 0.011719 0.025605
0 0.604004 0.573257 0.008789 0.022760
0 0.620605 0.587482 0.008789 0.022760
0 0.650879 0.757468 0.018555 0.035562
0 0.651367 0.856330 0.021484 0.039829
0 0.693848 0.810811 0.018555 0.031294
0 0.743652 0.829303 0.024414 0.042674
0 0.748535 0.771693 0.016602 0.032717
0 0.698730 0.724751 0.016602 0.029872
0 0.716309 0.674253 0.016602 0.034139
0 0.657715 0.661451 0.016602 0.031294
0 0.666504 0.621622 0.010742 0.019915
0 0.670898 0.555477 0.009766 0.009957
0 0.705566 0.567568 0.008789 0.019915
0 0.793457 0.654339 0.010742 0.019915
0 0.747559 0.600284 0.014648 0.022760
0 0.723145 0.565434 0.006836 0.015647
0 0.727539 0.515647 0.007812 0.012802
0 0.801758 0.576102 0.009766 0.019915
0 0.831055 0.650071 0.011719 0.017070
0 0.806152 0.719772 0.016602 0.031294
0 0.906738 0.674964 0.014648 0.024182
0 0.868652 0.724040 0.010742 0.025605
0 0.956055 0.634424 0.007812 0.019915
0 0.852051 0.628023 0.006836 0.024182
0 0.914551 0.588905 0.008789 0.019915
0 0.865723 0.602418 0.010742 0.018492
0 0.152832 0.516358 0.006836 0.011380
0 0.084473 0.557610 0.008789 0.014225
0 0.302734 0.570413 0.007812 0.014225
0 0.237305 0.568279 0.009766 0.018492
0 0.559082 0.544097 0.010742 0.015647
0 0.596191 0.521337 0.006836 0.009957
0 0.645996 0.541252 0.006836 0.009957
0 0.643555 0.563300 0.007812 0.014225
0 0.644531 0.583926 0.007812 0.012802
0 0.633301 0.603841 0.010742 0.015647
0 0.319336 0.611664 0.009766 0.019915
0 0.331055 0.593172 0.009766 0.017070
0 0.367676 0.576102 0.010742 0.019915
0 0.027344 0.587482 0.007812 0.019915
0 0.509766 0.872688 0.019531 0.018492
0 0.013184 0.825036 0.012695 0.031294
0 0.003418 0.619488 0.006836 0.018492
0 0.144043 0.679943 0.008789 0.022760
0 0.976074 0.726174 0.016602 0.029872
