0 0.679688 0.887370 0.044922 0.082031
0 0.727051 0.806641 0.034180 0.050781
0 0.770020 0.763021 0.026367 0.039062
0 0.840820 0.855469 0.033203 0.052083
0 0.917480 0.753255 0.022461 0.032552
0 0.796387 0.721354 0.008789 0.015625
0 0.896484 0.757161 0.017578 0.032552
0 0.846191 0.779948 0.016602 0.028646
0 0.960938 0.737630 0.017578 0.024740
0 0.975586 0.707031 0.017578 0.033854
0 0.833984 0.757812 0.015625 0.023438
0 0.822754 0.707031 0.014648 0.020833
0 0.780273 0.706380 0.013672 0.016927
0 0.597656 0.727865 0.013672 0.018229
0 0.500000 0.746745 0.015625 0.022135
0 0.545410 0.727214 0.012695 0.019531
0 0.489746 0.830078 0.022461 0.040365
0 0.455078 0.772135 0.019531 0.031250
0 0.409180 0.849609 0.031250 0.048177
0 0.260254 0.781250 0.018555 0.031250
0 0.262695 0.850260 0.033203 0.046875
0 0.168945 0.893229 0.025391 0.049479
0 0.430176 0.766276 0.016602 0.024740
0 0.112793 0.779297 0.018555 0.027344
0 0.163086 0.850260 0.021484 0.031250
0 0.384766 0.766927 0.017578 0.023438
0 0.305176 0.729818 0.016602 0.024740
0 0.260254 0.710286 0.010742 0.014323
0 0.252441 0.729818 0.010742 0.014323
0 0.353516 0.742188 0.013672 0.023438
0 0.331543 0.704427 0.010742 0.018229
0 0.562988 0.762370 0.016602 0.024740
0 0.154297 0.759766 0.019531 0.032552
0 0.913086 0.690755 0.015625 0.024740
0 0.856934 0.702474 0.010742 0.022135
0 0.597656 0.684245 0.009766 0.016927
0 0.309570 0.776042 0.027344 0.041667
0 0.374512 0.738932 0.010742 0.019531
0 0.432129 0.692708 0.008789 0.018229
0 0.087402 0.745443 0.020508 0.032552
