0 0.833984 0.143382 0.042969 0.071078
0 0.976562 0.075368 0.015625 0.020833
0 0.976074 0.197304 0.018555 0.031863
0 0.893555 0.179534 0.021484 0.035539
0 0.868164 0.256127 0.019531 0.036765
0 0.935547 0.143995 0.009766 0.020833
0 0.918457 0.075368 0.014648 0.013480
0 0.764160 0.099265 0.010742 0.019608
0 0.745605 0.153799 0.022461 0.040441
0 0.712891 0.199142 0.027344 0.045343
0 0.718262 0.050858 0.012695 0.025735
0 0.679199 0.126838 0.022461 0.035539
0 0.661621 0.186887 0.026367 0.037990
0 0.639160 0.224877 0.026367 0.040441
0 0.633789 0.096201 0.015625 0.023284
0 0.558594 0.032475 0.019531 0.030637
0 0.579102 0.136029 0.021484 0.036765
0 0.538574 0.186275 0.030273 0.041667
0 0.530273 0.158088 0.013672 0.019608
0 0.520508 0.134191 0.027344 0.040441
0 0.490234 0.210784 0.013672 0.034314
0 0.447266 0.205882 0.017578 0.029412
0 0.433105 0.173407 0.020508 0.030637
0 0.389648 0.209559 0.021484 0.034314
0 0.586914 0.427083 0.027344 0.033088
0 0.420410 0.219975 0.014648 0.025735
0 0.430664 0.230392 0.015625 0.019608
0 0.357422 0.083333 0.021484 0.026961
0 0.322266 0.164216 0.054688 0.078431
0 0.291504 0.196078 0.018555 0.041667
0 0.239258 0.199755 0.017578 0.039216
0 0.208008 0.179534 0.046875 0.069853
0 0.273926 0.170956 0.014648 0.020833
0 0.136719 0.153186 0.017578 0.026961
0 0.137207 0.199142 0.024414 0.045343
0 0.064453 0.170343 0.015625 0.024510
0 0.017090 0.146446 0.016602 0.025735
