0 0.155762 0.402995 0.010742 0.011719
0 0.175293 0.420573 0.008789 0.013021
0 0.236816 0.423828 0.010742 0.014323
0 0.249512 0.402995 0.008789 0.014323
0 0.255859 0.425781 0.011719 0.023438
0 0.374023 0.408203 0.009766 0.014323
0 0.410156 0.452474 0.009766 0.011719
0 0.477539 0.455729 0.007812 0.013021
0 0.520020 0.431641 0.008789 0.014323
0 0.565430 0.486328 0.007812 0.009115
0 0.606934 0.481120 0.006836 0.014323
0 0.632812 0.479167 0.007812 0.013021
0 0.718262 0.439453 0.006836 0.009115
0 0.843262 0.460286 0.008789 0.011719
0 0.900391 0.520833 0.005859 0.007812
0 0.916504 0.522135 0.004883 0.010417
0 0.933594 0.525391 0.005859 0.009115
0 0.630371 0.635417 0.012695 0.028646
0 0.687500 0.658854 0.017578 0.033854
0 0.725098 0.638021 0.012695 0.033854
0 0.741211 0.638021 0.011719 0.028646
0 0.748047 0.622396 0.011719 0.020833
0 0.816895 0.621094 0.008789 0.015625
0 0.854980 0.610026 0.008789 0.016927
0 0.862793 0.608724 0.006836 0.011719
0 0.018555 0.623698 0.017578 0.039062
0 0.080566 0.690755 0.016602 0.045573
0 0.092285 0.629557 0.016602 0.029948
0 0.103516 0.629557 0.009766 0.024740
0 0.213867 0.669922 0.023438 0.053385
0 0.279297 0.658854 0.015625 0.031250
0 0.421875 0.641927 0.013672 0.031250
0 0.497559 0.638672 0.014648 0.027344
0 0.526367 0.623047 0.015625 0.032552
0 0.147461 0.628255 0.011719 0.022135
0 0.445801 0.628906 0.010742 0.026042
0 0.244141 0.626953 0.013672 0.035156
0 0.046875 0.583984 0.005859 0.009115
0 0.062988 0.587240 0.004883 0.007812
0 0.074219 0.580078 0.005859 0.009115
0 0.040527 0.595703 0.004883 0.009115
0 0.045410 0.595703 0.006836 0.009115
0 0.992188 0.607422 0.007812 0.016927
