0 0.192383 0.636786 0.017578 0.030544
0 0.237793 0.664011 0.020508 0.031873
0 0.251953 0.647410 0.017578 0.025232
0 0.292480 0.618858 0.008789 0.015936
0 0.310547 0.644090 0.011719 0.021248
0 0.323730 0.673971 0.016602 0.030544
0 0.376465 0.606906 0.008789 0.015936
0 0.444336 0.637450 0.011719 0.021248
0 0.468750 0.644754 0.017578 0.027888
0 0.873047 0.695883 0.021484 0.034529
0 0.860352 0.684595 0.017578 0.022576
0 0.653320 0.652722 0.015625 0.025232
0 0.659180 0.614210 0.009766 0.017264
0 0.611328 0.691235 0.019531 0.038513
0 0.486816 0.612882 0.006836 0.011952
0 0.458008 0.606242 0.005859 0.011952
0 0.560547 0.651394 0.007812 0.017264
0 0.599121 0.624834 0.008789 0.017264
0 0.583008 0.600266 0.005859 0.013280
0 0.576660 0.598938 0.008789 0.013280
0 0.561523 0.621514 0.007812 0.013280
0 0.052734 0.867198 0.029297 0.047809
