0 0.049316 0.800878 0.012695 0.023426
0 0.334473 0.775988 0.008789 0.020498
0 0.468262 0.743045 0.008789 0.016105
0 0.782227 0.751830 0.011719 0.021962
0 0.751465 0.783309 0.016602 0.026354
0 0.833984 0.893851 0.023438 0.062958
0 0.933105 0.844070 0.020508 0.051245
0 0.949219 0.857247 0.021484 0.057101
0 0.966309 0.969985 0.043945 0.060029
0 0.902344 0.807467 0.015625 0.036603
0 0.631348 0.754758 0.008789 0.016105
0 0.718262 0.749634 0.014648 0.020498
0 0.534180 0.740849 0.007812 0.014641
0 0.561523 0.732796 0.005859 0.010249
0 0.893066 0.828697 0.014648 0.032211
0 0.454590 0.743045 0.006836 0.013177
0 0.404785 0.748170 0.006836 0.017570
0 0.409180 0.729136 0.005859 0.011713
0 0.228027 0.757687 0.008789 0.016105
0 0.302246 0.739385 0.010742 0.017570
0 0.070801 0.792094 0.008789 0.017570
0 0.088379 0.774524 0.008789 0.017570
