0 0.064453 0.896779 0.035156 0.077599
0 0.069824 0.751830 0.020508 0.042460
0 0.052246 0.642753 0.010742 0.020498
0 0.010254 0.620059 0.012695 0.027818
0 0.165527 0.653734 0.012695 0.024890
0 0.228027 0.728404 0.022461 0.048316
0 0.266602 0.733529 0.015625 0.035139
0 0.292480 0.662518 0.014648 0.030747
0 0.312988 0.789898 0.022461 0.039531
0 0.354492 0.729868 0.015625 0.030747
0 0.383789 0.846266 0.025391 0.058565
0 0.465332 0.683748 0.012695 0.026354
0 0.454590 0.652269 0.010742 0.024890
0 0.506836 0.685212 0.013672 0.029283
0 0.476562 0.757687 0.017578 0.033675
0 0.521484 0.748902 0.013672 0.027818
0 0.558594 0.785505 0.019531 0.042460
0 0.606445 0.755490 0.013672 0.032211
0 0.598633 0.688873 0.015625 0.024890
0 0.679199 0.896047 0.028320 0.058565
0 0.697754 0.687408 0.012695 0.027818
0 0.718750 0.715227 0.011719 0.024890
0 0.750488 0.767204 0.012695 0.029283
0 0.812012 0.858712 0.022461 0.051245
0 0.892090 0.873353 0.018555 0.042460
0 0.891113 0.783309 0.018555 0.035139
0 0.798340 0.741581 0.014648 0.033675
0 0.984863 0.841874 0.024414 0.046852
0 0.916016 0.972182 0.033203 0.055637
0 0.916992 0.661054 0.009766 0.021962
0 0.855957 0.669107 0.012695 0.023426
0 0.953125 0.701318 0.013672 0.023426
0 0.180176 0.800878 0.016602 0.029283
0 0.666016 0.786969 0.017578 0.033675
0 0.700684 0.745974 0.014648 0.030747
0 0.464844 0.976574 0.029297 0.046852
0 0.032715 0.715227 0.020508 0.027818
