0 0.116211 0.806641 0.013672 0.027344
0 0.158691 0.844401 0.014648 0.024740
0 0.206543 0.809896 0.012695 0.020833
0 0.311035 0.798828 0.014648 0.027344
0 0.075684 0.723958 0.010742 0.013021
0 0.414551 0.861328 0.014648 0.027344
0 0.548340 0.820312 0.014648 0.026042
0 0.526855 0.724609 0.010742 0.019531
0 0.867676 0.886719 0.014648 0.031250
0 0.737793 0.779297 0.010742 0.022135
0 0.764648 0.753906 0.013672 0.018229
0 0.810059 0.759766 0.010742 0.019531
0 0.904297 0.745443 0.013672 0.024740
0 0.783691 0.781250 0.010742 0.020833
0 0.659180 0.880859 0.011719 0.022135
