0 0.021973 0.530599 0.016602 0.022135
0 0.042969 0.562500 0.017578 0.031250
0 0.075684 0.659505 0.022461 0.042969
0 0.088379 0.559245 0.016602 0.029948
0 0.035156 0.488932 0.019531 0.029948
0 0.026367 0.452474 0.019531 0.029948
0 0.052246 0.462891 0.014648 0.019531
0 0.067383 0.429036 0.017578 0.024740
0 0.083008 0.421875 0.013672 0.018229
0 0.077637 0.457031 0.014648 0.023438
0 0.067871 0.509115 0.016602 0.033854
0 0.106934 0.509766 0.016602 0.022135
0 0.090820 0.454427 0.013672 0.026042
0 0.114258 0.445964 0.007812 0.014323
0 0.124023 0.445312 0.013672 0.026042
0 0.142578 0.469401 0.013672 0.024740
0 0.149414 0.434245 0.013672 0.019531
0 0.175293 0.447917 0.014648 0.026042
0 0.190430 0.432943 0.011719 0.024740
0 0.201172 0.444010 0.013672 0.020833
0 0.213867 0.430990 0.011719 0.018229
0 0.234375 0.448568 0.015625 0.024740
0 0.239258 0.410156 0.009766 0.013021
0 0.255371 0.439453 0.012695 0.024740
0 0.172363 0.506510 0.016602 0.023438
0 0.177246 0.547526 0.014648 0.027344
0 0.158691 0.585938 0.014648 0.026042
0 0.155273 0.623698 0.021484 0.033854
0 0.172852 0.674479 0.023438 0.041667
0 0.218262 0.525391 0.014648 0.027344
0 0.232910 0.560547 0.014648 0.024740
0 0.285645 0.516927 0.014648 0.026042
0 0.279785 0.568359 0.014648 0.019531
0 0.301758 0.547526 0.017578 0.024740
0 0.306641 0.613932 0.017578 0.035156
0 0.322266 0.574219 0.017578 0.023438
0 0.304199 0.402995 0.014648 0.022135
0 0.310059 0.432292 0.012695 0.026042
0 0.324707 0.423177 0.012695 0.023438
0 0.330566 0.457031 0.014648 0.023438
0 0.364258 0.422526 0.013672 0.029948
0 0.377930 0.409505 0.011719 0.027344
0 0.399414 0.458333 0.013672 0.026042
0 0.409668 0.436198 0.016602 0.023438
0 0.373047 0.511719 0.017578 0.031250
0 0.385742 0.552083 0.019531 0.026042
0 0.412109 0.516927 0.013672 0.026042
0 0.431641 0.539714 0.015625 0.027344
0 0.380859 0.611328 0.019531 0.029948
0 0.365723 0.690104 0.026367 0.044271
0 0.413086 0.615885 0.017578 0.031250
0 0.440430 0.716146 0.021484 0.033854
0 0.480469 0.611979 0.021484 0.033854
0 0.466797 0.545573 0.017578 0.028646
0 0.454590 0.502604 0.016602 0.023438
0 0.446289 0.458333 0.013672 0.023438
0 0.458496 0.447266 0.014648 0.022135
0 0.444336 0.418620 0.013672 0.024740
0 0.488770 0.447917 0.014648 0.028646
0 0.500000 0.418620 0.013672 0.024740
0 0.520508 0.416667 0.017578 0.026042
0 0.527832 0.444661 0.014648 0.024740
0 0.547852 0.434245 0.013672 0.027344
0 0.516602 0.485677 0.015625 0.023438
0 0.509277 0.516276 0.016602 0.037760
0 0.538574 0.584635 0.016602 0.031250
0 0.557617 0.647135 0.023438 0.039062
0 0.564941 0.438151 0.012695 0.024740
0 0.569824 0.406250 0.012695 0.018229
0 0.561035 0.501953 0.014648 0.024740
0 0.561523 0.559245 0.013672 0.022135
0 0.592773 0.563151 0.017578 0.024740
0 0.604004 0.445312 0.016602 0.026042
0 0.647949 0.436849 0.012695 0.022135
0 0.670898 0.413411 0.013672 0.022135
0 0.698730 0.433594 0.016602 0.026042
0 0.657227 0.460286 0.013672 0.024740
0 0.677246 0.457031 0.012695 0.023438
0 0.612793 0.490234 0.018555 0.027344
0 0.674805 0.544922 0.017578 0.029948
0 0.620605 0.632812 0.022461 0.039062
0 0.652832 0.634766 0.026367 0.032552
0 0.666992 0.593750 0.017578 0.031250
0 0.702148 0.592448 0.019531 0.033854
0 0.717285 0.566406 0.014648 0.026042
0 0.682617 0.503255 0.017578 0.027344
0 0.733887 0.453125 0.016602 0.026042
0 0.754883 0.426432 0.013672 0.024740
0 0.755371 0.462891 0.016602 0.027344
0 0.762207 0.500000 0.016602 0.023438
0 0.739746 0.526693 0.014648 0.024740
0 0.785645 0.544922 0.018555 0.024740
0 0.747559 0.598958 0.016602 0.033854
0 0.791992 0.660807 0.025391 0.035156
0 0.813477 0.595052 0.019531 0.033854
0 0.876953 0.655599 0.021484 0.040365
0 0.911621 0.641276 0.020508 0.027344
0 0.953125 0.594401 0.021484 0.037760
0 0.869629 0.591146 0.020508 0.036458
0 0.825684 0.513672 0.018555 0.029948
0 0.872559 0.535156 0.018555 0.031250
0 0.846191 0.493490 0.018555 0.036458
0 0.945312 0.461589 0.017578 0.032552
0 0.920898 0.469401 0.017578 0.027344
0 0.883789 0.462240 0.017578 0.028646
0 0.902344 0.441406 0.017578 0.028646
0 0.937012 0.418620 0.016602 0.029948
0 0.969238 0.414062 0.018555 0.031250
0 0.795898 0.425781 0.013672 0.026042
0 0.791992 0.460938 0.019531 0.026042
0 0.820801 0.436849 0.018555 0.032552
0 0.003418 0.472656 0.006836 0.020833
0 0.003418 0.410156 0.006836 0.026042
0 0.580566 0.440104 0.010742 0.023438
