0 0.078125 0.866450 0.013672 0.035831
0 0.118652 0.890065 0.014648 0.037459
0 0.159180 0.736971 0.013672 0.030945
0 0.184082 0.763844 0.014648 0.039088
0 0.126953 0.741042 0.009766 0.026059
0 0.229004 0.741042 0.012695 0.032573
0 0.419434 0.861564 0.016602 0.048860
0 0.053711 0.701140 0.009766 0.017915
0 0.062988 0.668567 0.008789 0.017915
0 0.095215 0.653909 0.008789 0.014658
0 0.068359 0.634365 0.007812 0.014658
0 0.086914 0.630293 0.005859 0.013029
0 0.023926 0.649837 0.004883 0.009772
0 0.144043 0.671010 0.010742 0.019544
0 0.189453 0.671010 0.009766 0.022801
0 0.202148 0.640879 0.005859 0.017915
0 0.239746 0.682410 0.010742 0.029316
0 0.269531 0.655537 0.007812 0.017915
0 0.289551 0.692997 0.008789 0.021173
0 0.322754 0.702769 0.012695 0.021173
0 0.358887 0.719870 0.012695 0.035831
0 0.379395 0.686482 0.010742 0.030945
0 0.388672 0.738599 0.013672 0.037459
0 0.407715 0.676710 0.008789 0.024430
0 0.432617 0.685668 0.011719 0.029316
0 0.444336 0.745928 0.011719 0.026059
0 0.313965 0.649837 0.006836 0.019544
0 0.246582 0.624593 0.004883 0.014658
0 0.406738 0.630293 0.004883 0.016287
0 0.399902 0.614821 0.004883 0.011401
0 0.161133 0.618893 0.005859 0.016287
0 0.286621 0.750814 0.010742 0.026059
0 0.479980 0.759772 0.014648 0.027687
0 0.490723 0.722313 0.014648 0.024430
0 0.471191 0.697883 0.012695 0.027687
0 0.462402 0.665309 0.008789 0.017915
0 0.500977 0.676710 0.011719 0.024430
0 0.499512 0.653909 0.008789 0.014658
0 0.534180 0.654723 0.009766 0.022801
0 0.535645 0.719055 0.014648 0.024430
0 0.566895 0.735342 0.014648 0.034202
0 0.574219 0.677524 0.011719 0.019544
0 0.597656 0.621336 0.007812 0.014658
0 0.613770 0.662866 0.008789 0.022801
0 0.623047 0.624593 0.007812 0.017915
0 0.627441 0.688111 0.008789 0.021173
0 0.618652 0.719870 0.010742 0.026059
0 0.616699 0.763029 0.016602 0.040717
0 0.658203 0.758143 0.015625 0.040717
0 0.711426 0.802117 0.016602 0.037459
0 0.734375 0.731270 0.015625 0.042345
0 0.712891 0.714984 0.011719 0.026059
0 0.771484 0.719055 0.011719 0.017915
0 0.774414 0.675896 0.009766 0.022801
0 0.758789 0.642508 0.007812 0.014658
0 0.726562 0.632736 0.007812 0.014658
0 0.766113 0.615635 0.006836 0.013029
0 0.740723 0.621336 0.006836 0.014658
0 0.727051 0.609935 0.006836 0.014658
0 0.713867 0.621336 0.007812 0.014658
0 0.701172 0.632736 0.007812 0.014658
0 0.676270 0.623779 0.008789 0.016287
0 0.700195 0.608306 0.005859 0.014658
0 0.690918 0.614007 0.006836 0.016287
0 0.684082 0.600163 0.006836 0.011401
0 0.663086 0.600977 0.005859 0.013029
0 0.653320 0.606678 0.005859 0.014658
0 0.622559 0.602606 0.006836 0.013029
0 0.614746 0.614821 0.006836 0.011401
0 0.666504 0.566775 0.004883 0.013029
0 0.698730 0.583062 0.004883 0.009772
0 0.659180 0.670195 0.009766 0.024430
0 0.727539 0.688111 0.009766 0.014658
0 0.738281 0.594463 0.005859 0.016287
0 0.761230 0.599349 0.006836 0.013029
0 0.767090 0.586319 0.004883 0.013029
0 0.791992 0.635993 0.007812 0.017915
0 0.797363 0.618893 0.006836 0.016287
0 0.806152 0.755700 0.016602 0.029316
0 0.817383 0.815961 0.017578 0.039088
0 0.898926 0.823290 0.020508 0.043974
0 0.866699 0.689739 0.010742 0.024430
0 0.807129 0.583876 0.004883 0.011401
0 0.822266 0.613192 0.007812 0.014658
0 0.823730 0.646580 0.008789 0.016287
0 0.850586 0.630293 0.007812 0.019544
0 0.875977 0.618078 0.007812 0.014658
0 0.880859 0.600977 0.005859 0.013029
0 0.874512 0.596906 0.004883 0.011401
0 0.883789 0.642508 0.007812 0.017915
0 0.901367 0.603420 0.005859 0.014658
0 0.915039 0.609935 0.009766 0.017915
0 0.922363 0.646580 0.010742 0.022801
0 0.944824 0.691368 0.012695 0.027687
0 0.957031 0.719870 0.015625 0.029316
0 0.890625 0.745928 0.013672 0.029316
0 0.875488 0.749186 0.014648 0.032573
0 0.838867 0.577362 0.003906 0.008143
0 0.894043 0.592834 0.004883 0.009772
0 0.876465 0.583876 0.004883 0.008143
0 0.831055 0.593648 0.005859 0.011401
0 0.003906 0.776873 0.007812 0.029316
0 0.813965 0.585505 0.004883 0.011401
0 0.794434 0.593648 0.004883 0.011401
0 0.832520 0.411238 0.041992 0.092834
