0 0.104980 0.516335 0.038086 0.080966
0 0.249512 0.497159 0.036133 0.079545
0 0.376953 0.508523 0.039062 0.076705
0 0.454590 0.487216 0.030273 0.062500
0 0.516602 0.503551 0.037109 0.078125
0 0.624023 0.421875 0.039062 0.082386
0 0.693359 0.458807 0.023438 0.045455
0 0.740723 0.487216 0.043945 0.073864
0 0.809082 0.484375 0.034180 0.068182
0 0.883301 0.479403 0.026367 0.058239
0 0.949219 0.455256 0.015625 0.046875
0 0.979492 0.438210 0.035156 0.066761
0 0.445801 0.232244 0.026367 0.046875
0 0.034180 0.469460 0.011719 0.024148
