0 0.767578 0.352865 0.009766 0.018229
0 0.804688 0.326823 0.007812 0.018229
0 0.796387 0.348958 0.010742 0.020833
0 0.778320 0.605469 0.011719 0.020833
0 0.747559 0.605469 0.010742 0.020833
0 0.933594 0.500000 0.011719 0.020833
0 0.918945 0.494141 0.009766 0.019531
0 0.714355 0.154948 0.006836 0.015625
0 0.644043 0.134766 0.008789 0.016927
0 0.772949 0.110677 0.008789 0.015625
0 0.822266 0.070312 0.007812 0.015625
0 0.934082 0.024089 0.006836 0.014323
0 0.196289 0.932943 0.011719 0.022135
0 0.500488 0.341146 0.008789 0.015625
0 0.495117 0.317057 0.015625 0.014323
0 0.939941 0.417969 0.008789 0.015625
0 0.904785 0.317708 0.008789 0.015625
0 0.101074 0.416016 0.012695 0.019531
0 0.368652 0.029297 0.008789 0.014323
0 0.394531 0.098958 0.007812 0.013021
0 0.375000 0.185547 0.005859 0.011719
0 0.437012 0.171224 0.008789 0.014323
0 0.503906 0.209635 0.007812 0.013021
0 0.553223 0.191406 0.008789 0.015625
0 0.610352 0.176432 0.007812 0.014323
0 0.686035 0.099609 0.008789 0.014323
0 0.225098 0.813802 0.008789 0.018229
0 0.784180 0.923177 0.009766 0.018229
0 0.709961 0.657552 0.009766 0.023438
0 0.275391 0.165365 0.007812 0.015625
0 0.838867 0.921224 0.013672 0.022135
0 0.846680 0.902995 0.011719 0.022135
0 0.883789 0.804688 0.011719 0.023438
0 0.917480 0.824219 0.012695 0.023438
0 0.019043 0.925781 0.008789 0.020833
0 0.646973 0.309245 0.012695 0.016927
0 0.702148 0.356771 0.011719 0.015625
0 0.682129 0.822917 0.012695 0.023438
0 0.914551 0.270182 0.008789 0.011719
0 0.402832 0.799479 0.010742 0.020833
0 0.366699 0.753906 0.012695 0.018229
0 0.327148 0.640625 0.011719 0.018229
0 0.314941 0.803385 0.012695 0.020833
0 0.470703 0.787109 0.011719 0.016927
0 0.677734 0.973958 0.013672 0.020833
0 0.501953 0.661458 0.009766 0.015625
0 0.570801 0.679688 0.008789 0.018229
0 0.535156 0.646484 0.011719 0.011719
0 0.815918 0.231120 0.006836 0.016927
0 0.926270 0.104818 0.008789 0.014323
0 0.849609 0.167318 0.007812 0.014323
0 0.397949 0.623047 0.008789 0.016927
0 0.233398 0.786458 0.011719 0.020833
0 0.288086 0.741536 0.009766 0.014323
0 0.067871 0.469401 0.008789 0.016927
0 0.035645 0.505859 0.008789 0.016927
0 0.083008 0.656250 0.005859 0.015625
0 0.310547 0.328776 0.005859 0.009115
0 0.236816 0.294922 0.008789 0.016927
0 0.158203 0.309896 0.009766 0.015625
0 0.148438 0.359375 0.009766 0.015625
0 0.291016 0.550781 0.009766 0.018229
0 0.044922 0.156250 0.007812 0.013021
0 0.108887 0.166016 0.008789 0.014323
0 0.026855 0.097005 0.006836 0.014323
0 0.012695 0.096354 0.005859 0.010417
0 0.240723 0.070964 0.006836 0.014323
0 0.252930 0.048177 0.007812 0.013021
0 0.316406 0.035156 0.005859 0.010417
0 0.183105 0.092448 0.006836 0.007812
0 0.138672 0.034505 0.007812 0.011719
0 0.331055 0.153646 0.007812 0.013021
0 0.857910 0.309245 0.006836 0.014323
