0 0.054688 0.316294 0.021484 0.044728
0 0.109375 0.380192 0.011719 0.022364
0 0.125000 0.388179 0.019531 0.028754
0 0.140137 0.333067 0.014648 0.023962
0 0.186035 0.141374 0.040039 0.081470
0 0.250000 0.404952 0.019531 0.043131
0 0.229004 0.320288 0.018555 0.039936
0 0.272461 0.360224 0.023438 0.039936
0 0.306152 0.297125 0.012695 0.038339
0 0.332031 0.329872 0.025391 0.043131
0 0.367676 0.287540 0.022461 0.051118
0 0.379395 0.254792 0.012695 0.036741
0 0.387207 0.325879 0.020508 0.051118
0 0.430664 0.281949 0.023438 0.055911
0 0.459961 0.269968 0.011719 0.022364
0 0.511230 0.250799 0.012695 0.035144
0 0.499023 0.325879 0.021484 0.044728
0 0.524902 0.287540 0.022461 0.047923
0 0.537109 0.352236 0.017578 0.049521
0 0.591309 0.306709 0.028320 0.057508
0 0.583008 0.270767 0.023438 0.043131
0 0.614746 0.261182 0.022461 0.043131
0 0.534180 0.222843 0.013672 0.023962
0 0.585938 0.196486 0.013672 0.035144
0 0.634277 0.179712 0.018555 0.033546
0 0.705078 0.170128 0.015625 0.023962
0 0.716797 0.256390 0.027344 0.049521
0 0.737305 0.293930 0.029297 0.054313
0 0.795898 0.278754 0.027344 0.052716
0 0.753418 0.251597 0.022461 0.036741
0 0.765137 0.214058 0.018555 0.035144
0 0.784668 0.107827 0.018555 0.043131
0 0.835449 0.181310 0.022461 0.043131
0 0.869629 0.133387 0.018555 0.033546
0 0.859863 0.256390 0.028320 0.062300
0 0.969238 0.230032 0.028320 0.070288
0 0.928223 0.158147 0.024414 0.054313
0 0.957031 0.100639 0.021484 0.041534
