0 0.898438 0.375907 0.027344 0.040639
0 0.802734 0.285922 0.013672 0.026125
0 0.785645 0.335994 0.016602 0.030479
0 0.859375 0.288099 0.013672 0.027576
0 0.897461 0.300435 0.013672 0.029028
0 0.340332 0.630624 0.047852 0.085631
0 0.054688 0.541364 0.033203 0.060958
0 0.144531 0.301161 0.011719 0.021771
0 0.088867 0.356313 0.015625 0.036284
0 0.039062 0.287373 0.013672 0.029028
0 0.195312 0.241655 0.013672 0.027576
0 0.350586 0.431060 0.019531 0.040639
0 0.332031 0.489840 0.029297 0.050798
0 0.265625 0.471698 0.025391 0.046444
0 0.278320 0.413643 0.015625 0.034833
0 0.477539 0.886792 0.050781 0.101597
0 0.634766 0.855588 0.050781 0.082729
0 0.808105 0.677794 0.051758 0.069666
0 0.909180 0.677794 0.041016 0.069666
0 0.651367 0.588534 0.033203 0.068215
0 0.616699 0.570392 0.034180 0.060958
0 0.521973 0.494194 0.028320 0.044993
0 0.681152 0.411466 0.018555 0.039187
0 0.732422 0.399129 0.025391 0.046444
0 0.809570 0.389695 0.021484 0.042090
0 0.781738 0.452104 0.016602 0.044993
0 0.838867 0.358491 0.021484 0.037736
0 0.096191 0.751814 0.047852 0.055152
0 0.297363 0.892598 0.055664 0.060958
0 0.709961 0.521771 0.035156 0.053701
0 0.937500 0.251089 0.009766 0.020319
0 0.924805 0.265602 0.007812 0.017417
0 0.908691 0.239478 0.008789 0.020319
0 0.945312 0.322206 0.015625 0.029028
0 0.510254 0.351959 0.022461 0.036284
0 0.617188 0.402032 0.019531 0.034833
0 0.675781 0.384615 0.015625 0.026125
