0 0.844238 0.964861 0.036133 0.070278
0 0.948242 0.800146 0.019531 0.057101
0 0.918945 0.767204 0.013672 0.040996
0 0.932617 0.712299 0.009766 0.024890
0 0.935547 0.680088 0.003906 0.010249
0 0.857910 0.744510 0.010742 0.024890
0 0.823242 0.736457 0.005859 0.011713
0 0.941895 0.663250 0.006836 0.011713
0 0.415527 0.863836 0.010742 0.029283
0 0.449707 0.860176 0.012695 0.019034
0 0.491211 0.854319 0.015625 0.042460
0 0.691895 0.793558 0.010742 0.023426
0 0.793945 0.842606 0.021484 0.045388
0 0.768066 0.806003 0.016602 0.033675
0 0.753906 0.781113 0.009766 0.016105
0 0.814941 0.789898 0.012695 0.024890
0 0.807617 0.765739 0.009766 0.017570
0 0.760254 0.931918 0.014648 0.054173
0 0.054199 0.783309 0.016602 0.043924
0 0.137695 0.855051 0.027344 0.052709
0 0.160645 0.951684 0.020508 0.055637
0 0.213867 0.858712 0.015625 0.033675
0 0.208984 0.801611 0.013672 0.027818
0 0.107910 0.750366 0.010742 0.021962
0 0.048828 0.746706 0.007812 0.020498
0 0.128418 0.798682 0.016602 0.030747
0 0.364746 0.802343 0.006836 0.014641
0 0.294922 0.854319 0.017578 0.045388
