0 0.095703 0.461538 0.009766 0.014793
0 0.142090 0.463018 0.008789 0.017751
0 0.210449 0.461538 0.010742 0.017751
0 0.274414 0.467456 0.007812 0.011834
0 0.331055 0.456361 0.007812 0.016272
0 0.231445 0.497041 0.027344 0.053254
0 0.350098 0.460059 0.016602 0.029586
0 0.369629 0.461538 0.006836 0.011834
0 0.416504 0.453402 0.006836 0.013314
0 0.440430 0.468195 0.021484 0.039941
0 0.482422 0.457101 0.009766 0.017751
0 0.519531 0.553994 0.046875 0.090237
0 0.593750 0.462278 0.009766 0.019231
0 0.644531 0.447485 0.009766 0.016272
0 0.676758 0.473373 0.021484 0.041420
0 0.745117 0.471154 0.015625 0.028107
0 0.768555 0.441568 0.007812 0.013314
0 0.828125 0.451183 0.009766 0.020710
0 0.895996 0.549556 0.049805 0.087278
0 0.914551 0.474852 0.028320 0.044379
0 0.870117 0.448964 0.009766 0.016272
0 0.885742 0.447485 0.007812 0.010355
