0 0.068359 0.560117 0.013672 0.032258
0 0.136719 0.677419 0.005859 0.014663
0 0.155762 0.702346 0.008789 0.017595
0 0.225098 0.685484 0.010742 0.016129
0 0.197754 0.660557 0.008789 0.016129
0 0.166016 0.632698 0.007812 0.013196
0 0.157715 0.642229 0.006836 0.014663
0 0.204590 0.741202 0.008789 0.021994
0 0.232422 0.717009 0.007812 0.020528
0 0.107422 0.608504 0.005859 0.011730
0 0.170410 0.826246 0.016602 0.030792
0 0.204102 0.964076 0.027344 0.054252
0 0.154785 0.983138 0.010742 0.033724
0 0.252441 0.640762 0.004883 0.011730
0 0.203125 0.638563 0.005859 0.010264
0 0.200684 0.618035 0.004883 0.010264
0 0.312500 0.626100 0.005859 0.011730
0 0.270996 0.632698 0.004883 0.013196
0 0.270508 0.648827 0.005859 0.013196
0 0.276367 0.670821 0.005859 0.013196
0 0.310059 0.722141 0.012695 0.013196
0 0.279297 0.784457 0.005859 0.029326
0 0.304688 0.833578 0.011719 0.030792
0 0.282715 0.947214 0.014648 0.043988
0 0.250977 0.967009 0.011719 0.042522
0 0.359375 0.887097 0.013672 0.026393
0 0.414551 0.779326 0.010742 0.024927
0 0.375977 0.712610 0.009766 0.020528
0 0.371582 0.773460 0.008789 0.019062
0 0.485352 0.793255 0.011719 0.026393
0 0.500000 0.793255 0.009766 0.014663
0 0.486328 0.865836 0.011719 0.033724
0 0.429199 0.881232 0.014648 0.029326
0 0.452148 0.915689 0.015625 0.033724
0 0.544922 0.947214 0.011719 0.043988
0 0.569824 0.829179 0.014648 0.030792
0 0.572266 0.809384 0.013672 0.023460
0 0.646973 0.810850 0.014648 0.029326
0 0.651367 0.924487 0.009766 0.033724
0 0.670410 0.883431 0.014648 0.033724
0 0.740234 0.873900 0.013672 0.029326
0 0.842285 0.923754 0.022461 0.046921
0 0.820801 0.931085 0.010742 0.035191
0 0.969727 0.824780 0.011719 0.027859
0 0.967773 0.731672 0.011719 0.017595
0 0.939941 0.732405 0.008789 0.016129
0 0.875977 0.770528 0.015625 0.030792
0 0.996582 0.773460 0.006836 0.021994
0 0.953125 0.682551 0.009766 0.019062
0 0.926758 0.702346 0.011719 0.020528
0 0.896973 0.678886 0.008789 0.014663
0 0.909668 0.661290 0.006836 0.014663
0 0.914062 0.659091 0.007812 0.019062
0 0.930664 0.678886 0.009766 0.017595
0 0.876465 0.663490 0.008789 0.013196
0 0.889160 0.655425 0.006836 0.014663
0 0.875000 0.647361 0.005859 0.013196
0 0.857910 0.672287 0.004883 0.013196
0 0.835449 0.671554 0.006836 0.014663
0 0.822266 0.674487 0.005859 0.011730
0 0.825195 0.687683 0.005859 0.017595
0 0.801270 0.694282 0.008789 0.019062
0 0.779297 0.704545 0.009766 0.016129
0 0.777832 0.731672 0.010742 0.020528
0 0.746582 0.716276 0.010742 0.019062
0 0.761230 0.689883 0.008789 0.013196
0 0.774414 0.666422 0.007812 0.016129
0 0.737793 0.670088 0.006836 0.017595
0 0.750488 0.663490 0.006836 0.013196
0 0.694824 0.710411 0.008789 0.016129
0 0.625977 0.763196 0.007812 0.024927
0 0.615723 0.771261 0.008789 0.020528
0 0.651367 0.722874 0.007812 0.020528
0 0.622559 0.684751 0.008789 0.020528
0 0.645020 0.684751 0.006836 0.017595
0 0.678223 0.672287 0.008789 0.016129
0 0.695312 0.667155 0.007812 0.014663
0 0.638184 0.666422 0.006836 0.016129
0 0.598145 0.711144 0.008789 0.020528
0 0.585449 0.752933 0.008789 0.021994
0 0.536133 0.706745 0.009766 0.020528
0 0.570801 0.697947 0.006836 0.017595
0 0.579590 0.698680 0.006836 0.016129
0 0.566406 0.678152 0.007812 0.013196
0 0.503906 0.693548 0.007812 0.017595
0 0.475098 0.712610 0.008789 0.020528
0 0.500000 0.735337 0.009766 0.021994
0 0.536133 0.745601 0.007812 0.019062
0 0.422852 0.725073 0.007812 0.019062
0 0.406738 0.717009 0.008789 0.014663
0 0.440918 0.701613 0.006836 0.010264
0 0.379395 0.661290 0.004883 0.011730
0 0.414062 0.640762 0.003906 0.011730
0 0.427734 0.671554 0.005859 0.014663
0 0.444824 0.657625 0.006836 0.016129
0 0.411133 0.681085 0.007812 0.013196
0 0.326660 0.628299 0.006836 0.013196
0 0.356445 0.626100 0.005859 0.011730
0 0.413086 0.616569 0.005859 0.010264
0 0.386719 0.626833 0.005859 0.007331
0 0.478027 0.634897 0.006836 0.011730
0 0.482422 0.638563 0.005859 0.010264
0 0.536621 0.660557 0.006836 0.013196
0 0.549805 0.654692 0.005859 0.013196
0 0.540527 0.640762 0.006836 0.011730
0 0.547363 0.620235 0.004883 0.008798
0 0.578613 0.609971 0.004883 0.008798
0 0.592285 0.607771 0.004883 0.010264
0 0.616699 0.625367 0.004883 0.010264
0 0.622559 0.645161 0.006836 0.011730
0 0.589844 0.649560 0.005859 0.008798
0 0.596680 0.648827 0.005859 0.010264
0 0.657227 0.629032 0.007812 0.011730
0 0.677246 0.628299 0.004883 0.010264
0 0.669434 0.615836 0.006836 0.011730
0 0.652832 0.609971 0.004883 0.008798
0 0.630859 0.618768 0.003906 0.008798
0 0.575684 0.631965 0.006836 0.011730
0 0.685059 0.650293 0.006836 0.013196
0 0.686523 0.624633 0.005859 0.008798
0 0.794922 0.631232 0.005859 0.010264
0 0.738770 0.630499 0.008789 0.011730
0 0.745117 0.618035 0.005859 0.010264
0 0.739746 0.612170 0.004883 0.010264
0 0.704590 0.612903 0.006836 0.014663
0 0.849121 0.645161 0.006836 0.017595
0 0.834961 0.629765 0.007812 0.013196
0 0.895996 0.638563 0.008789 0.013196
0 0.951172 0.623900 0.005859 0.010264
0 0.962402 0.625367 0.006836 0.016129
0 0.944336 0.604106 0.005859 0.014663
0 0.927246 0.606305 0.004883 0.010264
0 0.902832 0.597507 0.004883 0.010264
0 0.859375 0.603372 0.005859 0.010264
0 0.875000 0.604106 0.005859 0.008798
0 0.904297 0.622434 0.005859 0.010264
0 0.445801 0.603372 0.004883 0.007331
0 0.455566 0.612903 0.004883 0.008798
0 0.494629 0.593109 0.004883 0.010264
0 0.431641 0.599707 0.003906 0.008798
0 0.428711 0.609971 0.005859 0.008798
0 0.578125 0.587977 0.003906 0.008798
0 0.209961 0.852639 0.015625 0.027859
