0 0.134766 0.529948 0.009766 0.013021
0 0.075195 0.565755 0.011719 0.019531
0 0.219727 0.777344 0.011719 0.023438
0 0.237793 0.694010 0.016602 0.026042
0 0.308594 0.838542 0.019531 0.033854
0 0.518555 0.988281 0.027344 0.023438
0 0.463867 0.650391 0.011719 0.022135
0 0.485352 0.640625 0.013672 0.013021
0 0.510742 0.681641 0.013672 0.014323
0 0.411621 0.598958 0.016602 0.023438
0 0.490723 0.601562 0.010742 0.018229
0 0.552734 0.547526 0.013672 0.016927
0 0.502930 0.510417 0.009766 0.015625
0 0.448730 0.500651 0.010742 0.019531
0 0.415039 0.500651 0.011719 0.019531
0 0.416504 0.473307 0.010742 0.014323
0 0.456055 0.455729 0.009766 0.013021
0 0.492676 0.399740 0.006836 0.010417
0 0.393555 0.435547 0.007812 0.009115
0 0.878418 0.409505 0.008789 0.011719
0 0.823242 0.390625 0.005859 0.007812
0 0.955566 0.375651 0.006836 0.009115
0 0.462891 0.562500 0.007812 0.015625
0 0.525391 0.491536 0.009766 0.016927
0 0.424316 0.561198 0.012695 0.020833
0 0.942871 0.376302 0.006836 0.013021
0 0.986816 0.450521 0.008789 0.013021
0 0.834473 0.378255 0.006836 0.011719
