0 0.065430 0.354319 0.019531 0.040996
0 0.090820 0.327965 0.019531 0.026354
0 0.104004 0.462665 0.030273 0.046852
0 0.354980 0.383602 0.016602 0.040996
0 0.348145 0.318448 0.014648 0.027818
0 0.249512 0.275988 0.016602 0.024890
0 0.229492 0.896779 0.046875 0.127379
0 0.497070 0.570278 0.021484 0.051245
0 0.585449 0.461201 0.020508 0.038067
0 0.499512 0.362372 0.020508 0.039531
0 0.541992 0.354319 0.019531 0.032211
0 0.606445 0.321376 0.017578 0.033675
0 0.672363 0.421669 0.024414 0.032211
0 0.416016 0.873353 0.058594 0.133236
0 0.636230 0.953880 0.038086 0.092240
0 0.812988 0.402635 0.022461 0.040996
0 0.230957 0.483895 0.026367 0.057101
0 0.152832 0.601025 0.047852 0.086384
0 0.019531 0.328697 0.023438 0.045388
