0 0.158691 0.271981 0.018555 0.025791
0 0.209961 0.271981 0.015625 0.025791
0 0.243164 0.054513 0.017578 0.029308
0 0.412598 0.021688 0.016602 0.022274
0 0.505371 0.061547 0.014648 0.022274
0 0.557129 0.196952 0.018555 0.030481
0 0.715332 0.202814 0.018555 0.028136
0 0.804199 0.056858 0.016602 0.026964
0 0.635254 0.101993 0.014648 0.021102
0 0.462402 0.653576 0.022461 0.029308
0 0.684082 0.742087 0.020508 0.028136
0 0.689453 0.597890 0.017578 0.025791
0 0.394531 0.491794 0.017578 0.019930
0 0.966309 0.364596 0.010742 0.018757
0 0.978516 0.364009 0.011719 0.019930
0 0.588867 0.011723 0.015625 0.021102
0 0.727051 0.140680 0.012695 0.018757
