0 0.065918 0.410807 0.010742 0.019531
0 0.273926 0.417969 0.008789 0.013021
0 0.221191 0.378906 0.006836 0.010417
0 0.829102 0.400391 0.005859 0.011719
0 0.163086 0.156250 0.023438 0.033854
0 0.495117 0.129557 0.025391 0.042969
0 0.569336 0.414714 0.009766 0.016927
0 0.591309 0.395182 0.008789 0.014323
0 0.568848 0.376953 0.006836 0.011719
0 0.624512 0.390625 0.008789 0.015625
0 0.771973 0.425130 0.008789 0.014323
0 0.817383 0.415365 0.011719 0.018229
0 0.752930 0.401693 0.009766 0.014323
0 0.776855 0.401693 0.008789 0.014323
0 0.727051 0.398438 0.008789 0.013021
0 0.842773 0.408203 0.009766 0.014323
0 0.046387 0.421224 0.014648 0.027344
0 0.092285 0.404948 0.010742 0.020833
0 0.188477 0.365234 0.005859 0.011719
0 0.169434 0.360026 0.006836 0.011719
0 0.150879 0.364583 0.006836 0.013021
0 0.211426 0.388021 0.008789 0.015625
0 0.239258 0.391927 0.005859 0.010417
0 0.229004 0.365885 0.006836 0.013021
0 0.318848 0.402995 0.008789 0.014323
0 0.377441 0.408854 0.010742 0.015625
0 0.405273 0.401693 0.009766 0.016927
0 0.421387 0.420573 0.008789 0.013021
0 0.446289 0.407552 0.009766 0.018229
0 0.474609 0.408854 0.011719 0.018229
0 0.487305 0.399740 0.009766 0.015625
0 0.533691 0.402995 0.010742 0.016927
0 0.464355 0.398438 0.008789 0.018229
0 0.466309 0.386719 0.006836 0.010417
0 0.677246 0.384115 0.004883 0.007812
0 0.678711 0.399089 0.009766 0.011719
0 0.721680 0.381510 0.005859 0.010417
0 0.718262 0.391927 0.004883 0.007812
0 0.879883 0.407552 0.007812 0.010417
0 0.902344 0.372396 0.007812 0.013021
0 0.850098 0.388672 0.006836 0.011719
