0 0.101562 0.525621 0.011719 0.017081
0 0.143066 0.499224 0.010742 0.020186
0 0.187012 0.554348 0.010742 0.024845
0 0.237793 0.586180 0.012695 0.023292
0 0.090332 0.522516 0.010742 0.020186
0 0.529785 0.573758 0.012695 0.023292
0 0.554688 0.535714 0.013672 0.021739
0 0.855469 0.372671 0.005859 0.012422
0 0.874023 0.380435 0.005859 0.009317
0 0.891113 0.377329 0.006836 0.012422
0 0.938477 0.385870 0.007812 0.013975
0 0.967285 0.396739 0.006836 0.013975
0 0.959473 0.396739 0.006836 0.013975
0 0.994629 0.392857 0.006836 0.015528
0 0.914551 0.460404 0.010742 0.017081
0 0.791992 0.620342 0.015625 0.029503
0 0.962402 0.502329 0.008789 0.017081
0 0.827148 0.651398 0.011719 0.029503
0 0.381348 0.525621 0.010742 0.020186
0 0.381836 0.461957 0.009766 0.020186
0 0.422852 0.447981 0.009766 0.017081
0 0.384277 0.449534 0.008789 0.017081
0 0.542969 0.369565 0.005859 0.012422
0 0.528809 0.367236 0.004883 0.010870
0 0.449219 0.405280 0.007812 0.015528
0 0.437500 0.395186 0.005859 0.010870
0 0.451172 0.350155 0.005859 0.010870
0 0.983887 0.430124 0.010742 0.018634
0 0.914062 0.384317 0.007812 0.013975
0 0.506348 0.367236 0.004883 0.010870
0 0.512207 0.371118 0.004883 0.009317
0 0.473145 0.374224 0.006836 0.012422
0 0.842773 0.527950 0.009766 0.021739
