0 0.133301 0.338558 0.036133 0.062696
0 0.196289 0.350313 0.009766 0.020376
0 0.177246 0.348746 0.006836 0.014107
0 0.311523 0.345611 0.011719 0.023511
0 0.343750 0.358150 0.009766 0.020376
0 0.361816 0.372257 0.008789 0.020376
0 0.481445 0.366771 0.011719 0.025078
0 0.523438 0.368339 0.009766 0.025078
0 0.529297 0.688871 0.031250 0.036050
0 0.647949 0.379310 0.008789 0.021944
0 0.819824 0.376959 0.016602 0.032915
0 0.890625 0.398903 0.011719 0.023511
0 0.919434 0.395768 0.014648 0.032915
0 0.092285 0.347179 0.010742 0.020376
0 0.102051 0.286050 0.004883 0.010972
0 0.302246 0.710031 0.018555 0.021944
