0 0.222168 0.160976 0.010742 0.012195
0 0.306152 0.183537 0.010742 0.013415
0 0.109863 0.107317 0.010742 0.019512
0 0.125977 0.148780 0.011719 0.019512
0 0.070801 0.183537 0.010742 0.020732
0 0.060059 0.147561 0.012695 0.019512
0 0.195312 0.134756 0.011719 0.023171
0 0.166992 0.100610 0.011719 0.018293
0 0.261230 0.171951 0.014648 0.019512
0 0.335449 0.175000 0.014648 0.020732
0 0.340332 0.137195 0.012695 0.020732
0 0.311035 0.100000 0.008789 0.014634
0 0.369629 0.135976 0.014648 0.023171
0 0.393555 0.164024 0.013672 0.020732
0 0.442383 0.151829 0.013672 0.020732
0 0.432617 0.182927 0.013672 0.021951
0 0.468262 0.187805 0.012695 0.024390
0 0.354004 0.042073 0.012695 0.018293
0 0.400391 0.040854 0.015625 0.020732
0 0.486328 0.134756 0.009766 0.020732
0 0.524902 0.142073 0.012695 0.025610
0 0.554688 0.178049 0.015625 0.026829
0 0.600586 0.141463 0.011719 0.019512
0 0.631836 0.131098 0.013672 0.023171
0 0.673340 0.120122 0.012695 0.020732
0 0.670898 0.151220 0.011719 0.021951
0 0.644043 0.182317 0.014648 0.025610
0 0.602051 0.183537 0.014648 0.025610
0 0.657715 0.087805 0.012695 0.021951
0 0.711914 0.114024 0.017578 0.025610
0 0.716797 0.154268 0.017578 0.025610
0 0.763672 0.120122 0.017578 0.030488
0 0.695312 0.079878 0.011719 0.015854
0 0.732910 0.073171 0.012695 0.021951
0 0.683594 0.196951 0.013672 0.023171
0 0.718750 0.189024 0.013672 0.024390
0 0.946777 0.135976 0.014648 0.028049
0 0.966797 0.203049 0.019531 0.037805
0 0.180664 0.068902 0.009766 0.015854
0 0.813965 0.184756 0.016602 0.035366
0 0.860352 0.188415 0.017578 0.032927
0 0.845215 0.125000 0.014648 0.025610
0 0.801758 0.138415 0.013672 0.028049
0 0.912109 0.198780 0.015625 0.031707
0 0.919922 0.065244 0.013672 0.025610
0 0.818359 0.016463 0.013672 0.025610
0 0.378906 0.181098 0.011719 0.020732
0 0.430664 0.114024 0.011719 0.018293
0 0.875977 0.136585 0.013672 0.026829
0 0.861816 0.084756 0.014648 0.028049
