0 0.496094 0.250000 0.048828 0.100610
0 0.660156 0.301829 0.035156 0.097561
0 0.789551 0.256860 0.040039 0.089939
0 0.712891 0.282774 0.039062 0.089939
0 0.566406 0.445122 0.019531 0.045732
0 0.159668 0.118902 0.030273 0.048780
0 0.133301 0.245427 0.026367 0.042683
0 0.057617 0.230183 0.027344 0.045732
0 0.066895 0.164634 0.022461 0.045732
0 0.174316 0.051829 0.020508 0.033537
0 0.270508 0.048018 0.023438 0.044207
0 0.240234 0.128811 0.027344 0.047256
0 0.216309 0.240091 0.024414 0.047256
0 0.316406 0.230183 0.021484 0.033537
0 0.310059 0.128811 0.024414 0.044207
0 0.339355 0.041921 0.022461 0.047256
0 0.379883 0.116616 0.023438 0.050305
0 0.425293 0.048018 0.024414 0.044207
0 0.479004 0.160061 0.024414 0.042683
0 0.578613 0.129573 0.020508 0.042683
0 0.507324 0.035061 0.026367 0.045732
0 0.594238 0.041159 0.022461 0.036585
0 0.632812 0.080030 0.019531 0.047256
0 0.718262 0.116616 0.028320 0.044207
0 0.649414 0.189024 0.027344 0.051829
0 0.670410 0.019055 0.028320 0.038110
0 0.755371 0.039634 0.028320 0.048780
0 0.918457 0.088415 0.024414 0.042683
