0 0.783691 0.387262 0.026367 0.048316
0 0.906250 0.387994 0.023438 0.049780
0 0.833984 0.386530 0.023438 0.049780
0 0.061035 0.396047 0.024414 0.048316
0 0.129883 0.380673 0.023438 0.049780
0 0.193848 0.379209 0.022461 0.049780
0 0.259766 0.388726 0.025391 0.054173
0 0.309570 0.387262 0.023438 0.054173
0 0.360352 0.397511 0.023438 0.051245
0 0.243164 0.547584 0.021484 0.043924
0 0.425293 0.375549 0.022461 0.042460
0 0.468750 0.381406 0.029297 0.042460
0 0.397949 0.560761 0.024414 0.046852
0 0.535156 0.574671 0.027344 0.045388
0 0.670898 0.363836 0.025391 0.051245
0 0.608887 0.373353 0.022461 0.043924
0 0.552246 0.369693 0.024414 0.054173
0 0.687012 0.556369 0.024414 0.046852
0 0.722168 0.382870 0.024414 0.045388
