0 0.815918 0.397665 0.012695 0.026099
0 0.844727 0.378434 0.011719 0.020604
0 0.830078 0.409341 0.013672 0.024725
0 0.595215 0.770604 0.010742 0.030220
0 0.552246 0.784341 0.018555 0.027473
0 0.589355 0.744505 0.012695 0.030220
0 0.558594 0.703297 0.017578 0.027473
0 0.536133 0.837912 0.015625 0.024725
0 0.491211 0.657280 0.011719 0.026099
0 0.716309 0.401099 0.014648 0.030220
0 0.691406 0.407967 0.015625 0.027473
0 0.773926 0.385989 0.014648 0.024725
0 0.725586 0.361951 0.013672 0.028846
0 0.445312 0.075549 0.011719 0.021978
0 0.448242 0.146978 0.009766 0.016484
0 0.459473 0.150412 0.012695 0.026099
0 0.235352 0.835852 0.013672 0.028846
0 0.094727 0.967033 0.015625 0.035714
0 0.147461 0.883929 0.019531 0.039835
0 0.127441 0.864011 0.018555 0.038462
0 0.056152 0.888049 0.016602 0.028846
0 0.111328 0.138049 0.011719 0.023352
0 0.107422 0.168956 0.009766 0.019231
0 0.121582 0.207418 0.012695 0.019231
0 0.091797 0.224588 0.011719 0.017857
0 0.124023 0.361951 0.013672 0.023352
0 0.073730 0.326236 0.012695 0.020604
0 0.099609 0.312500 0.011719 0.020604
0 0.111816 0.242445 0.012695 0.017857
0 0.099609 0.271291 0.011719 0.020604
0 0.054199 0.195055 0.014648 0.024725
0 0.064941 0.185440 0.012695 0.021978
0 0.031738 0.233516 0.010742 0.019231
0 0.062012 0.258242 0.014648 0.021978
0 0.023438 0.297390 0.013672 0.023352
0 0.053711 0.154533 0.011719 0.023352
0 0.012207 0.146978 0.010742 0.021978
0 0.025879 0.052885 0.014648 0.023352
0 0.090820 0.067995 0.017578 0.028846
0 0.100098 0.085852 0.010742 0.015110
0 0.108887 0.028846 0.012695 0.019231
0 0.093750 0.006868 0.009766 0.013736
0 0.131348 0.300137 0.012695 0.017857
0 0.076172 0.127747 0.011719 0.027473
0 0.098633 0.153846 0.011719 0.019231
0 0.664062 0.396978 0.011719 0.021978
0 0.963867 0.655907 0.015625 0.026099
0 0.962891 0.607143 0.011719 0.027473
0 0.936035 0.620879 0.012695 0.024725
0 0.911133 0.623626 0.011719 0.024725
0 0.874023 0.711538 0.013672 0.024725
0 0.827148 0.679258 0.013672 0.028846
0 0.823730 0.741758 0.010742 0.030220
0 0.838379 0.760989 0.012695 0.030220
0 0.802734 0.649038 0.017578 0.031593
0 0.969727 0.499313 0.015625 0.028846
0 0.952637 0.478022 0.014648 0.027473
0 0.925781 0.499313 0.013672 0.026099
0 0.891602 0.486951 0.015625 0.028846
0 0.980469 0.377060 0.011719 0.026099
0 0.967285 0.256868 0.014648 0.027473
0 0.972168 0.150412 0.014648 0.028846
0 0.969238 0.083104 0.010742 0.026099
0 0.944824 0.082418 0.012695 0.024725
0 0.926758 0.151786 0.011719 0.023352
0 0.917969 0.075549 0.011719 0.024725
0 0.904785 0.127747 0.010742 0.019231
0 0.981445 0.043956 0.011719 0.016484
0 0.899414 0.025412 0.011719 0.020604
0 0.937012 0.038462 0.008789 0.019231
0 0.945801 0.040522 0.010742 0.017857
0 0.867188 0.144231 0.007812 0.024725
0 0.858887 0.177885 0.010742 0.023352
0 0.824707 0.169643 0.010742 0.020604
0 0.785156 0.157280 0.011719 0.026099
0 0.871582 0.051511 0.010742 0.020604
0 0.863770 0.072802 0.012695 0.021978
0 0.861816 0.585852 0.014648 0.026099
0 0.774414 0.486264 0.013672 0.030220
0 0.750977 0.565247 0.017578 0.028846
0 0.764160 0.670330 0.010742 0.021978
0 0.720215 0.645604 0.008789 0.027473
0 0.729492 0.611264 0.011719 0.027473
0 0.700684 0.616071 0.010742 0.026099
0 0.704590 0.646978 0.010742 0.021978
0 0.729980 0.698489 0.012695 0.020604
0 0.679688 0.793269 0.015625 0.031593
0 0.628418 0.759615 0.014648 0.030220
0 0.636719 0.731456 0.017578 0.026099
0 0.620117 0.723214 0.011719 0.034341
0 0.645996 0.685440 0.014648 0.032967
0 0.616699 0.664835 0.014648 0.030220
0 0.724609 0.278846 0.013672 0.021978
0 0.726562 0.210852 0.007812 0.020604
0 0.729004 0.246566 0.012695 0.026099
0 0.733887 0.155220 0.010742 0.016484
0 0.708496 0.091346 0.012695 0.023352
0 0.666504 0.104396 0.010742 0.021978
0 0.496582 0.888736 0.012695 0.027473
0 0.477539 0.840659 0.017578 0.035714
0 0.464355 0.795330 0.012695 0.030220
0 0.394043 0.909341 0.014648 0.032967
0 0.415039 0.853022 0.013672 0.035714
0 0.428711 0.786401 0.015625 0.028846
0 0.396973 0.776786 0.018555 0.028846
0 0.379883 0.845467 0.013672 0.028846
0 0.549805 0.682005 0.013672 0.023352
0 0.500000 0.693681 0.015625 0.027473
0 0.479492 0.615385 0.013672 0.030220
0 0.449707 0.574863 0.014648 0.031593
0 0.421875 0.643544 0.017578 0.031593
0 0.319336 0.754121 0.017578 0.024725
0 0.352539 0.785027 0.019531 0.026099
0 0.430664 0.146291 0.009766 0.015110
0 0.380859 0.073489 0.009766 0.015110
0 0.394531 0.177198 0.009766 0.016484
0 0.377441 0.168269 0.012695 0.023352
0 0.352051 0.127060 0.010742 0.015110
0 0.351074 0.078297 0.010742 0.016484
0 0.319824 0.087225 0.010742 0.017857
0 0.298828 0.061813 0.009766 0.019231
0 0.252930 0.060440 0.011719 0.019231
0 0.272461 0.104396 0.007812 0.016484
0 0.285645 0.152473 0.012695 0.016484
0 0.311523 0.230769 0.013672 0.019231
0 0.297363 0.198489 0.012695 0.020604
0 0.311523 0.166896 0.011719 0.023352
0 0.335449 0.166209 0.012695 0.019231
0 0.337891 0.176511 0.011719 0.020604
0 0.332520 0.214286 0.012695 0.019231
0 0.265137 0.173077 0.014648 0.024725
0 0.250000 0.199176 0.011719 0.019231
0 0.235840 0.166209 0.012695 0.021978
0 0.218262 0.090659 0.012695 0.019231
0 0.208496 0.058379 0.010742 0.015110
0 0.159668 0.043956 0.010742 0.019231
0 0.145996 0.142857 0.012695 0.019231
0 0.123535 0.072115 0.010742 0.020604
0 0.201660 0.265797 0.012695 0.023352
0 0.208496 0.211538 0.012695 0.016484
0 0.200195 0.172390 0.009766 0.017857
0 0.177734 0.188874 0.013672 0.023352
0 0.176758 0.165522 0.011719 0.015110
0 0.148438 0.171703 0.013672 0.021978
0 0.144043 0.297390 0.012695 0.020604
0 0.336914 0.817308 0.017578 0.038462
0 0.320312 0.890797 0.013672 0.028846
0 0.114258 0.689560 0.013672 0.027473
0 0.094727 0.695742 0.015625 0.026099
0 0.084473 0.664835 0.014648 0.027473
0 0.054688 0.650412 0.017578 0.031593
0 0.003906 0.640797 0.007812 0.026099
0 0.097168 0.611951 0.012695 0.026099
0 0.048340 0.587225 0.016602 0.026099
0 0.039551 0.567308 0.014648 0.027473
0 0.139648 0.599588 0.015625 0.028846
0 0.143555 0.576236 0.017578 0.037088
0 0.165039 0.534341 0.013672 0.021978
0 0.104004 0.517170 0.012695 0.023352
0 0.066406 0.504808 0.011719 0.023352
0 0.032227 0.497940 0.015625 0.028846
0 0.065918 0.442308 0.014648 0.024725
0 0.057129 0.392857 0.016602 0.024725
0 0.086914 0.368819 0.011719 0.023352
0 0.056152 0.358516 0.012695 0.019231
0 0.012695 0.394918 0.013672 0.020604
0 0.115234 0.436126 0.013672 0.023352
0 0.003906 0.436126 0.007812 0.023352
0 0.468262 0.199863 0.014648 0.020604
0 0.501953 0.236951 0.013672 0.020604
0 0.370117 0.208104 0.011719 0.020604
0 0.627930 0.162775 0.011719 0.023352
0 0.589844 0.136676 0.013672 0.026099
0 0.628418 0.107143 0.012695 0.021978
0 0.623535 0.065934 0.008789 0.024725
0 0.591797 0.109890 0.009766 0.019231
0 0.575684 0.065934 0.010742 0.019231
0 0.565918 0.128434 0.012695 0.023352
0 0.541992 0.108516 0.011719 0.019231
0 0.544434 0.081731 0.010742 0.020604
0 0.552734 0.151099 0.011719 0.019231
0 0.530762 0.131181 0.010742 0.020604
0 0.525879 0.135302 0.008789 0.017857
0 0.520020 0.162775 0.010742 0.017857
0 0.489746 0.171703 0.010742 0.019231
0 0.487793 0.122253 0.010742 0.024725
0 0.513184 0.078297 0.008789 0.019231
0 0.498535 0.072115 0.010742 0.017857
0 0.460938 0.070055 0.013672 0.027473
0 0.460938 0.101648 0.011719 0.019231
0 0.004395 0.389423 0.008789 0.020604
0 0.148438 0.434753 0.013672 0.023352
0 0.124512 0.388049 0.014648 0.020604
0 0.168945 0.436813 0.013672 0.021978
0 0.225098 0.414148 0.014648 0.023352
0 0.179688 0.427885 0.013672 0.023352
0 0.167969 0.373626 0.011719 0.021978
0 0.189941 0.367445 0.012695 0.020604
0 0.210938 0.370879 0.011719 0.019231
0 0.258789 0.368132 0.013672 0.021978
0 0.288574 0.377747 0.012695 0.021978
0 0.271484 0.366758 0.009766 0.013736
0 0.311035 0.366758 0.012695 0.019231
0 0.298828 0.316621 0.011719 0.020604
0 0.307129 0.306319 0.012695 0.021978
0 0.333008 0.292582 0.011719 0.016484
0 0.270508 0.254808 0.011719 0.023352
0 0.373047 0.936813 0.013672 0.027473
0 0.299805 0.920330 0.013672 0.030220
0 0.225098 0.942308 0.016602 0.035714
0 0.275879 0.877060 0.018555 0.034341
0 0.267578 0.826236 0.013672 0.028846
0 0.230957 0.748626 0.012695 0.030220
0 0.377930 0.284341 0.011719 0.024725
0 0.449219 0.243132 0.011719 0.019231
0 0.373047 0.239698 0.011719 0.020604
0 0.412109 0.233516 0.011719 0.019231
0 0.439453 0.224588 0.011719 0.023352
0 0.329590 0.644231 0.014648 0.024725
0 0.369629 0.635989 0.014648 0.030220
0 0.404785 0.649725 0.014648 0.032967
0 0.367676 0.586538 0.016602 0.027473
0 0.331055 0.587225 0.015625 0.028846
0 0.297363 0.561813 0.014648 0.027473
0 0.245117 0.581044 0.013672 0.024725
0 0.197754 0.554258 0.012695 0.028846
0 0.222168 0.628434 0.016602 0.028846
0 0.238770 0.660714 0.012695 0.024725
0 0.298340 0.634615 0.012695 0.027473
0 0.309570 0.605769 0.013672 0.027473
0 0.305664 0.668956 0.015625 0.032967
0 0.268555 0.706731 0.015625 0.028846
0 0.180176 0.690934 0.012695 0.027473
0 0.184570 0.620192 0.011719 0.026099
0 0.225586 0.607143 0.015625 0.024725
0 0.592285 0.374313 0.012695 0.020604
0 0.622070 0.364698 0.013672 0.026099
0 0.564941 0.361264 0.012695 0.024725
0 0.516113 0.367445 0.014648 0.023352
0 0.490234 0.361264 0.013672 0.021978
0 0.160645 0.745192 0.018555 0.031593
0 0.131348 0.730082 0.014648 0.026099
0 0.111816 0.727335 0.014648 0.028846
0 0.056641 0.734203 0.017578 0.031593
0 0.022461 0.734890 0.015625 0.030220
0 0.055664 0.826236 0.017578 0.039835
0 0.121582 0.816621 0.014648 0.026099
0 0.132324 0.782280 0.016602 0.028846
0 0.160156 0.676511 0.011719 0.028846
0 0.888672 0.396291 0.013672 0.026099
0 0.014648 0.776099 0.015625 0.035714
