0 0.903809 0.494143 0.026367 0.057101
0 0.828613 0.517570 0.026367 0.057101
0 0.839355 0.377745 0.026367 0.052709
0 0.784668 0.358712 0.024414 0.049780
0 0.765137 0.430454 0.026367 0.058565
0 0.740234 0.514641 0.025391 0.054173
0 0.710449 0.409224 0.028320 0.054173
0 0.624023 0.502928 0.029297 0.060029
0 0.672852 0.371157 0.027344 0.051245
0 0.635254 0.325037 0.024414 0.052709
0 0.593750 0.336018 0.027344 0.048316
0 0.541992 0.349927 0.025391 0.049780
0 0.556641 0.429722 0.025391 0.054173
0 0.503906 0.427526 0.025391 0.049780
0 0.480469 0.322108 0.023438 0.049780
0 0.428711 0.337482 0.025391 0.057101
0 0.440430 0.505124 0.025391 0.052709
0 0.129883 0.419473 0.033203 0.065886
0 0.197754 0.546852 0.030273 0.065886
0 0.186523 0.303807 0.029297 0.060029
0 0.221680 0.285505 0.031250 0.061493
0 0.250977 0.545388 0.029297 0.060029
0 0.384766 0.504392 0.025391 0.054173
0 0.319336 0.333821 0.027344 0.058565
0 0.393555 0.346999 0.025391 0.052709
0 0.320801 0.472182 0.026367 0.054173
