0 0.493164 0.161062 0.029297 0.060177
0 0.482422 0.223009 0.037109 0.070796
0 0.436523 0.148673 0.037109 0.088496
0 0.185059 0.160177 0.041992 0.093805
0 0.243164 0.131858 0.035156 0.086726
0 0.277832 0.192035 0.036133 0.079646
0 0.306641 0.159292 0.029297 0.063717
0 0.359375 0.187611 0.033203 0.084956
0 0.377930 0.300000 0.041016 0.093805
0 0.065918 0.138053 0.041992 0.113274
0 0.090332 0.312389 0.063477 0.125664
0 0.240234 0.507080 0.052734 0.118584
0 0.764160 0.126549 0.038086 0.079646
0 0.806152 0.146018 0.047852 0.083186
0 0.903320 0.127434 0.042969 0.088496
0 0.674805 0.159292 0.042969 0.095575
0 0.641602 0.186726 0.039062 0.090265
0 0.392578 0.172566 0.029297 0.076106
0 0.567383 0.181416 0.039062 0.097345
0 0.537598 0.164602 0.030273 0.077876
