0 0.234863 0.242839 0.047852 0.100260
0 0.122070 0.654948 0.044922 0.106771
0 0.570312 0.174479 0.029297 0.049479
0 0.468750 0.158203 0.027344 0.048177
0 0.451172 0.088542 0.029297 0.052083
0 0.369141 0.106120 0.025391 0.037760
0 0.118652 0.136719 0.026367 0.049479
0 0.242188 0.081380 0.029297 0.050781
0 0.955078 0.069661 0.021484 0.042969
0 0.649902 0.052734 0.024414 0.042969
0 0.616699 0.110026 0.022461 0.040365
0 0.271973 0.043620 0.018555 0.042969
0 0.350098 0.040365 0.026367 0.041667
0 0.066406 0.024089 0.031250 0.048177
0 0.011719 0.134766 0.023438 0.048177
0 0.020020 0.085286 0.028320 0.048177
