0 0.123047 0.401111 0.048828 0.062222
0 0.262207 0.391667 0.041992 0.065556
0 0.259277 0.565000 0.045898 0.072222
0 0.131836 0.578333 0.048828 0.065556
0 0.335449 0.275000 0.041992 0.070000
0 0.371582 0.395000 0.043945 0.065556
0 0.496582 0.390556 0.043945 0.061111
0 0.375488 0.589444 0.045898 0.065556
0 0.473145 0.589444 0.045898 0.070000
0 0.694336 0.280556 0.046875 0.081111
0 0.616211 0.395556 0.042969 0.060000
0 0.774902 0.388333 0.049805 0.076667
0 0.590820 0.600000 0.046875 0.071111
0 0.715332 0.590556 0.043945 0.061111
0 0.901855 0.363889 0.047852 0.063333
0 0.859375 0.580556 0.044922 0.070000
