0 0.847168 0.199726 0.043945 0.065663
0 0.623047 0.303010 0.048828 0.083447
0 0.519043 0.168263 0.036133 0.065663
0 0.389648 0.398769 0.021484 0.034200
0 0.267578 0.362517 0.048828 0.090287
0 0.079590 0.411765 0.020508 0.049248
0 0.138184 0.409029 0.020508 0.043776
0 0.296387 0.208618 0.024414 0.042408
0 0.244629 0.211354 0.020508 0.034200
0 0.214355 0.202462 0.020508 0.038304
0 0.100098 0.192886 0.024414 0.049248
0 0.121094 0.170315 0.021484 0.039672
0 0.018555 0.196306 0.025391 0.039672
0 0.888672 0.222298 0.013672 0.025992
