0 0.134766 0.236417 0.039062 0.076358
0 0.234375 0.248164 0.033203 0.061674
0 0.273926 0.428781 0.032227 0.064611
0 0.160645 0.582232 0.032227 0.066079
0 0.191406 0.501468 0.035156 0.069016
0 0.319824 0.591777 0.038086 0.073421
0 0.339844 0.491189 0.033203 0.069016
0 0.354492 0.255507 0.033203 0.061674
0 0.470215 0.263583 0.034180 0.063142
0 0.392090 0.421439 0.030273 0.061674
0 0.439941 0.515419 0.032227 0.070485
0 0.499023 0.426579 0.033203 0.063142
0 0.540039 0.500734 0.033203 0.061674
0 0.460938 0.593979 0.033203 0.066079
0 0.512695 0.701909 0.041016 0.070485
0 0.615234 0.601322 0.033203 0.066079
0 0.788086 0.273128 0.037109 0.064611
0 0.687012 0.268722 0.036133 0.061674
0 0.716797 0.449339 0.029297 0.064611
0 0.748047 0.543319 0.037109 0.052863
0 0.733887 0.610132 0.036133 0.066079
0 0.662109 0.523495 0.031250 0.063142
0 0.606445 0.419971 0.033203 0.064611
0 0.579102 0.245228 0.033203 0.061674
