0 0.812500 0.165365 0.052734 0.039062
0 0.973633 0.119792 0.042969 0.029948
0 0.882324 0.051758 0.036133 0.031901
0 0.463379 0.109049 0.114258 0.085286
0 0.208008 0.101237 0.126953 0.074870
0 0.022949 0.074870 0.022461 0.018229
0 0.668945 0.166016 0.046875 0.039062
0 0.556641 0.155273 0.037109 0.030599
0 0.706543 0.095703 0.028320 0.026042
0 0.788086 0.063151 0.009766 0.009115
0 0.752930 0.059570 0.007812 0.007161
0 0.717773 0.059896 0.007812 0.007812
0 0.692383 0.056966 0.009766 0.007161
0 0.633301 0.055339 0.006836 0.007812
0 0.610840 0.058919 0.006836 0.007161
0 0.647949 0.054688 0.008789 0.006510
0 0.792480 0.129557 0.040039 0.035156
0 0.340820 0.181966 0.029297 0.027995
0 0.753906 0.159831 0.046875 0.039714
0 0.658691 0.124023 0.049805 0.034505
0 0.363281 0.166016 0.037109 0.027344
0 0.975586 0.203776 0.046875 0.036458
