0 0.509766 0.226928 0.082031 0.056890
0 0.270996 0.429836 0.040039 0.035398
0 0.352051 0.454488 0.038086 0.034134
0 0.111816 0.375158 0.038086 0.025917
0 0.114746 0.342604 0.026367 0.022756
0 0.026367 0.360619 0.033203 0.024652
0 0.068359 0.412137 0.041016 0.034134
0 0.258789 0.396334 0.035156 0.027813
0 0.674805 0.448167 0.042969 0.032870
0 0.811523 0.418458 0.037109 0.027813
0 0.917480 0.421618 0.041992 0.031606
0 0.798340 0.355247 0.030273 0.025284
0 0.675293 0.408660 0.038086 0.029709
0 0.667480 0.356511 0.028320 0.024020
0 0.982910 0.401075 0.026367 0.023388
0 0.948242 0.362832 0.023438 0.021492
0 0.106934 0.438053 0.028320 0.031606
0 0.574707 0.297724 0.024414 0.026549
