0 0.138672 0.406901 0.027344 0.058594
0 0.535156 0.539714 0.009766 0.014323
0 0.544434 0.532552 0.008789 0.015625
0 0.552246 0.526042 0.010742 0.018229
0 0.563965 0.535156 0.008789 0.015625
0 0.610352 0.523438 0.015625 0.023438
0 0.659668 0.522786 0.012695 0.024740
0 0.691406 0.500651 0.015625 0.032552
0 0.719727 0.507812 0.019531 0.033854
0 0.781250 0.505859 0.015625 0.027344
0 0.854492 0.482422 0.019531 0.037760
0 0.968262 0.508464 0.012695 0.019531
0 0.985352 0.473307 0.017578 0.035156
0 0.309082 0.421875 0.010742 0.023438
0 0.680176 0.485026 0.008789 0.014323
