0 0.199219 0.289790 0.042969 0.090090
0 0.829590 0.429429 0.038086 0.090090
0 0.384766 0.635135 0.037109 0.075075
0 0.424316 0.623123 0.034180 0.057057
0 0.474609 0.626877 0.025391 0.055556
0 0.631836 0.614865 0.031250 0.061562
0 0.770996 0.632883 0.034180 0.070571
0 0.720215 0.625375 0.038086 0.079580
0 0.600586 0.614114 0.023438 0.054054
0 0.640137 0.398649 0.022461 0.037538
0 0.545410 0.361111 0.018555 0.046547
0 0.670410 0.566066 0.016602 0.039039
0 0.963867 0.457207 0.021484 0.043544
0 0.973145 0.602102 0.030273 0.060060
0 0.094238 0.661411 0.026367 0.055556
0 0.018066 0.658408 0.028320 0.064565
0 0.030762 0.494745 0.026367 0.055556
0 0.536133 0.630631 0.029297 0.054054
0 0.403809 0.501502 0.022461 0.042042
0 0.595215 0.506757 0.022461 0.043544
0 0.498535 0.475976 0.022461 0.036036
0 0.525879 0.526276 0.014648 0.028529
0 0.815918 0.474474 0.016602 0.042042
