0 0.661621 0.770958 0.061523 0.116766
0 0.845215 0.635479 0.043945 0.094311
0 0.970703 0.631737 0.033203 0.062874
0 0.450684 0.639222 0.047852 0.083832
0 0.324707 0.679641 0.049805 0.095808
0 0.221191 0.889970 0.104492 0.217066
0 0.150879 0.695359 0.059570 0.127246
0 0.716309 0.580838 0.014648 0.053892
0 0.648438 0.623503 0.015625 0.052395
0 0.790527 0.389970 0.024414 0.046407
0 0.875977 0.342814 0.023438 0.050898
0 0.591797 0.278443 0.007812 0.011976
0 0.289062 0.393713 0.041016 0.077844
0 0.151855 0.390719 0.034180 0.071856
0 0.336426 0.181138 0.024414 0.047904
0 0.422852 0.365269 0.035156 0.071856
0 0.536133 0.592814 0.011719 0.029940
0 0.401367 0.299401 0.017578 0.041916
