0 0.927734 0.501456 0.029297 0.071325
0 0.946777 0.332606 0.010742 0.045124
0 0.138672 0.415575 0.033203 0.094614
0 0.140625 0.292576 0.025391 0.066958
0 0.214844 0.404658 0.058594 0.122271
0 0.399414 0.176128 0.035156 0.069869
0 0.513672 0.175400 0.031250 0.065502
0 0.589844 0.222707 0.023438 0.064047
0 0.458496 0.410480 0.063477 0.183406
0 0.510742 0.412664 0.068359 0.138282
0 0.549316 0.458515 0.036133 0.075691
0 0.687012 0.467977 0.077148 0.161572
0 0.770020 0.494905 0.051758 0.104803
0 0.688965 0.284571 0.022461 0.053857
0 0.760254 0.251092 0.028320 0.065502
0 0.877441 0.291849 0.026367 0.053857
0 0.699219 0.489811 0.064453 0.132460
