0 0.437012 0.434980 0.008789 0.016905
0 0.524414 0.469441 0.031250 0.054616
0 0.570801 0.426528 0.006836 0.013004
0 0.373535 0.468140 0.006836 0.018205
0 0.572754 0.301040 0.030273 0.074122
0 0.779297 0.444733 0.007812 0.013004
0 0.799316 0.433680 0.008789 0.014304
0 0.839844 0.438882 0.007812 0.014304
0 0.968262 0.429779 0.008789 0.016905
0 0.981934 0.418726 0.006836 0.013004
0 0.936523 0.427178 0.007812 0.014304
0 0.924805 0.420676 0.007812 0.014304
0 0.088379 0.430429 0.008789 0.015605
0 0.056641 0.502601 0.009766 0.019506
0 0.104492 0.480494 0.011719 0.016905
0 0.135742 0.468791 0.007812 0.014304
0 0.167969 0.497399 0.011719 0.019506
0 0.186035 0.470741 0.006836 0.013004
0 0.223633 0.447334 0.005859 0.010403
0 0.272461 0.425878 0.005859 0.011704
0 0.311523 0.478544 0.007812 0.013004
0 0.244629 0.513004 0.022461 0.042913
0 0.252930 0.429129 0.005859 0.010403
0 0.486816 0.436281 0.006836 0.014304
