0 0.573730 0.379064 0.032227 0.061118
0 0.124023 0.213264 0.019531 0.033810
0 0.026855 0.214564 0.008789 0.020806
0 0.053711 0.188557 0.015625 0.023407
0 0.055176 0.309493 0.018555 0.033810
0 0.097168 0.309493 0.020508 0.031209
0 0.150879 0.311443 0.024414 0.037711
0 0.154785 0.373212 0.026367 0.031209
0 0.237305 0.366060 0.021484 0.035111
0 0.145996 0.201560 0.016602 0.028609
0 0.212402 0.211964 0.012695 0.028609
0 0.271484 0.207412 0.023438 0.035111
0 0.318848 0.213914 0.014648 0.029909
0 0.340332 0.222367 0.018555 0.028609
0 0.247070 0.213914 0.005859 0.011704
0 0.224121 0.249675 0.008789 0.010403
0 0.034668 0.333550 0.026367 0.040312
0 0.358398 0.207412 0.015625 0.024707
0 0.390137 0.215865 0.016602 0.028609
0 0.482910 0.179454 0.032227 0.059818
0 0.587402 0.201560 0.022461 0.031209
0 0.603516 0.244473 0.023438 0.036411
0 0.638184 0.255527 0.022461 0.024707
0 0.653809 0.195059 0.010742 0.031209
0 0.691895 0.209363 0.010742 0.031209
0 0.438965 0.215215 0.006836 0.019506
0 0.756348 0.278934 0.014648 0.022107
0 0.828613 0.259428 0.036133 0.058518
0 0.922852 0.208062 0.033203 0.059818
