0 0.106934 0.244131 0.020508 0.037559
0 0.044434 0.188576 0.045898 0.104851
0 0.195312 0.156495 0.052734 0.075117
0 0.299805 0.241002 0.076172 0.093897
0 0.307129 0.103286 0.047852 0.081377
0 0.407715 0.165102 0.040039 0.079812
0 0.443359 0.194836 0.017578 0.029734
0 0.498535 0.151017 0.014648 0.035994
0 0.536621 0.165884 0.055664 0.093897
0 0.585938 0.129890 0.023438 0.053208
0 0.609375 0.118153 0.015625 0.035994
0 0.667480 0.190923 0.057617 0.071987
0 0.722168 0.155712 0.020508 0.039124
0 0.750488 0.160407 0.045898 0.092332
0 0.813477 0.156495 0.021484 0.053208
0 0.856445 0.110329 0.027344 0.054773
0 0.873047 0.115023 0.009766 0.026604
0 0.899414 0.105634 0.009766 0.026604
0 0.891113 0.164319 0.026367 0.053208
0 0.844727 0.122848 0.009766 0.026604
0 0.951172 0.151800 0.041016 0.097027
0 0.951660 0.083725 0.018555 0.035994
0 0.008301 0.212833 0.016602 0.040689
