0 0.150391 0.430962 0.019531 0.050209
0 0.155762 0.387029 0.020508 0.033473
0 0.187988 0.446653 0.024414 0.064854
0 0.227539 0.446653 0.015625 0.048117
0 0.218262 0.460251 0.016602 0.050209
0 0.273438 0.428870 0.019531 0.058577
0 0.309082 0.456067 0.010742 0.029289
0 0.329102 0.492678 0.015625 0.031381
0 0.341309 0.450837 0.018555 0.052301
0 0.452637 0.465481 0.020508 0.052301
0 0.473145 0.487448 0.014648 0.033473
0 0.488281 0.491632 0.011719 0.037657
0 0.501953 0.495816 0.017578 0.058577
0 0.524414 0.495816 0.017578 0.041841
0 0.526855 0.525105 0.012695 0.046025
0 0.577637 0.538703 0.012695 0.043933
0 0.626465 0.507322 0.008789 0.018828
0 0.639160 0.497908 0.010742 0.025105
0 0.632324 0.532427 0.014648 0.035565
0 0.642578 0.517782 0.011719 0.048117
0 0.628418 0.542887 0.010742 0.031381
0 0.674805 0.580544 0.011719 0.039749
0 0.672852 0.538703 0.011719 0.023013
0 0.693359 0.518828 0.013672 0.050209
0 0.733887 0.578452 0.016602 0.043933
0 0.744629 0.535565 0.010742 0.033473
0 0.679688 0.554393 0.011719 0.033473
0 0.736816 0.470711 0.006836 0.020921
0 0.781250 0.555439 0.011719 0.023013
0 0.800293 0.561715 0.010742 0.027197
0 0.770020 0.541841 0.008789 0.016736
0 0.754883 0.457113 0.007812 0.018828
0 0.754395 0.480126 0.008789 0.023013
0 0.727051 0.537657 0.008789 0.020921
0 0.734375 0.520921 0.007812 0.020921
0 0.888184 0.554393 0.006836 0.016736
0 0.886230 0.509414 0.008789 0.018828
0 0.921387 0.542887 0.008789 0.023013
0 0.894531 0.468619 0.007812 0.025105
0 0.906738 0.475941 0.006836 0.018828
0 0.971191 0.520921 0.010742 0.020921
0 0.966309 0.498954 0.008789 0.018828
0 0.978027 0.462343 0.008789 0.020921
0 0.994629 0.484310 0.006836 0.027197
0 0.931152 0.465481 0.008789 0.018828
0 0.950195 0.471757 0.007812 0.018828
0 0.941406 0.519874 0.007812 0.018828
0 0.928711 0.490586 0.005859 0.014644
0 0.934570 0.583682 0.005859 0.020921
0 0.890625 0.520921 0.007812 0.025105
0 0.897949 0.497908 0.006836 0.016736
0 0.898926 0.520921 0.006836 0.016736
0 0.895508 0.541841 0.007812 0.025105
0 0.920898 0.491632 0.005859 0.016736
0 0.912598 0.503138 0.006836 0.010460
0 0.907227 0.528243 0.005859 0.014644
0 0.723145 0.413180 0.008789 0.014644
0 0.740723 0.415272 0.008789 0.018828
0 0.699707 0.383891 0.006836 0.014644
0 0.679688 0.383891 0.007812 0.014644
0 0.650391 0.470711 0.007812 0.016736
0 0.671875 0.427824 0.007812 0.018828
0 0.643066 0.383891 0.006836 0.014644
0 0.672363 0.473849 0.006836 0.014644
0 0.638672 0.445607 0.007812 0.016736
0 0.657715 0.424686 0.006836 0.025105
0 0.634277 0.379707 0.006836 0.010460
0 0.622070 0.460251 0.009766 0.025105
0 0.601562 0.466527 0.007812 0.020921
0 0.626953 0.380753 0.005859 0.012552
0 0.601562 0.355649 0.007812 0.016736
0 0.582031 0.359833 0.007812 0.016736
0 0.575195 0.415272 0.007812 0.018828
0 0.552246 0.366109 0.004883 0.012552
0 0.554199 0.410042 0.010742 0.016736
0 0.516113 0.331590 0.006836 0.014644
0 0.530273 0.303347 0.005859 0.012552
0 0.494629 0.327406 0.004883 0.014644
0 0.502930 0.428870 0.007812 0.016736
0 0.467285 0.312762 0.006836 0.018828
0 0.478516 0.314854 0.005859 0.018828
0 0.447754 0.296025 0.006836 0.014644
0 0.440918 0.287657 0.004883 0.014644
0 0.435547 0.285565 0.005859 0.010460
0 0.432129 0.321130 0.004883 0.014644
0 0.493652 0.293933 0.004883 0.010460
0 0.411621 0.273013 0.004883 0.010460
0 0.388184 0.281381 0.008789 0.018828
0 0.405762 0.307531 0.008789 0.016736
0 0.385742 0.246862 0.005859 0.020921
0 0.402832 0.264644 0.006836 0.018828
0 0.348633 0.275105 0.007812 0.018828
0 0.366211 0.311715 0.007812 0.020921
0 0.402832 0.376569 0.006836 0.016736
0 0.347168 0.237448 0.006836 0.014644
0 0.362793 0.233264 0.006836 0.010460
0 0.338867 0.234310 0.007812 0.020921
0 0.320312 0.189331 0.007812 0.018828
0 0.304199 0.200837 0.006836 0.016736
0 0.312988 0.195607 0.006836 0.018828
0 0.293457 0.222803 0.006836 0.014644
0 0.287598 0.180962 0.006836 0.010460
0 0.274414 0.166318 0.009766 0.018828
0 0.262695 0.220711 0.007812 0.018828
0 0.256348 0.172594 0.006836 0.014644
0 0.236328 0.183054 0.007812 0.018828
0 0.248047 0.207113 0.005859 0.016736
0 0.223633 0.156904 0.007812 0.016736
0 0.204590 0.158996 0.006836 0.020921
0 0.192871 0.152720 0.006836 0.012552
0 0.173340 0.151674 0.006836 0.010460
0 0.169434 0.194561 0.006836 0.016736
0 0.175781 0.174686 0.007812 0.014644
0 0.183105 0.171548 0.006836 0.012552
0 0.178223 0.196653 0.006836 0.020921
0 0.138184 0.143305 0.004883 0.018828
0 0.149902 0.167364 0.006836 0.012552
0 0.263184 0.244770 0.008789 0.016736
0 0.833496 0.350418 0.028320 0.089958
