0 0.070312 0.524740 0.037109 0.062500
0 0.191895 0.522786 0.034180 0.063802
0 0.219727 0.501302 0.013672 0.028646
0 0.320312 0.510417 0.019531 0.036458
0 0.353027 0.509766 0.014648 0.024740
0 0.390137 0.515625 0.012695 0.020833
0 0.417480 0.503255 0.010742 0.019531
0 0.447266 0.524740 0.015625 0.028646
0 0.461426 0.495443 0.008789 0.016927
0 0.454102 0.502604 0.007812 0.013021
0 0.484863 0.503255 0.008789 0.011719
0 0.508301 0.503255 0.008789 0.022135
0 0.520020 0.498698 0.008789 0.015625
0 0.536133 0.513021 0.015625 0.020833
0 0.546387 0.501302 0.010742 0.020833
0 0.565918 0.501953 0.008789 0.014323
0 0.585449 0.507161 0.008789 0.014323
0 0.613281 0.500651 0.009766 0.016927
