0 0.207031 0.198113 0.031250 0.062409
0 0.267090 0.185051 0.026367 0.053701
0 0.344727 0.166183 0.031250 0.059507
0 0.430664 0.185051 0.035156 0.071118
0 0.103027 0.239478 0.041992 0.055152
0 0.058594 0.317852 0.042969 0.052250
0 0.081543 0.396226 0.036133 0.058055
0 0.151367 0.444848 0.037109 0.071118
0 0.249023 0.457910 0.033203 0.068215
0 0.346191 0.457184 0.034180 0.072569
0 0.422852 0.461538 0.039062 0.072569
0 0.499023 0.100145 0.027344 0.058055
0 0.559082 0.247460 0.030273 0.071118
0 0.963379 0.512337 0.038086 0.060958
0 0.948730 0.388244 0.034180 0.065312
0 0.935547 0.283745 0.037109 0.065312
0 0.847168 0.272134 0.034180 0.062409
0 0.764160 0.268505 0.036133 0.066763
0 0.698730 0.323657 0.036133 0.069666
0 0.620605 0.363570 0.034180 0.074020
0 0.501953 0.788099 0.027344 0.058055
