0 0.011719 0.135443 0.017578 0.055696
0 0.071289 0.208861 0.035156 0.070886
0 0.120117 0.124051 0.029297 0.060759
0 0.222656 0.118354 0.027344 0.054430
0 0.337891 0.124051 0.031250 0.060759
0 0.180176 0.198101 0.038086 0.064557
0 0.307129 0.209494 0.036133 0.067089
0 0.429199 0.204430 0.034180 0.067089
0 0.017578 0.324684 0.035156 0.084810
0 0.166016 0.332278 0.042969 0.074684
0 0.293945 0.341139 0.042969 0.079747
0 0.434082 0.132911 0.028320 0.045570
0 0.536621 0.120253 0.030273 0.058228
0 0.554199 0.208228 0.038086 0.072152
0 0.648926 0.109494 0.030273 0.059494
0 0.023926 0.484177 0.041992 0.092405
0 0.178711 0.513291 0.048828 0.079747
0 0.350586 0.522152 0.050781 0.077215
0 0.526367 0.520886 0.050781 0.082278
0 0.718262 0.515823 0.049805 0.087342
0 0.901855 0.518987 0.053711 0.093671
0 0.439941 0.330380 0.043945 0.078481
0 0.586426 0.328481 0.041992 0.079747
0 0.713379 0.339873 0.040039 0.074684
0 0.851562 0.348101 0.042969 0.073418
0 0.760254 0.103165 0.032227 0.056962
0 0.805664 0.209494 0.037109 0.067089
0 0.876953 0.125316 0.033203 0.058228
0 0.947754 0.211392 0.040039 0.063291
0 0.680664 0.206329 0.035156 0.063291
