0 0.153809 0.417742 0.059570 0.148387
0 0.204590 0.350806 0.049805 0.104839
0 0.281250 0.454839 0.058594 0.132258
0 0.333984 0.387097 0.048828 0.109677
0 0.381836 0.360484 0.044922 0.101613
0 0.387695 0.574194 0.060547 0.138710
0 0.444336 0.443548 0.052734 0.106452
0 0.457031 0.556452 0.058594 0.132258
0 0.486328 0.380645 0.041016 0.096774
0 0.581055 0.514516 0.054688 0.132258
0 0.576172 0.356452 0.041016 0.096774
0 0.656250 0.406452 0.050781 0.112903
0 0.711914 0.576613 0.050781 0.111290
0 0.846191 0.438710 0.055664 0.112903
