0 0.866211 0.426913 0.025391 0.045082
0 0.833008 0.322404 0.027344 0.049180
0 0.776855 0.411885 0.022461 0.034153
0 0.806641 0.483607 0.023438 0.032787
0 0.710938 0.423497 0.023438 0.038251
0 0.700684 0.314208 0.022461 0.038251
0 0.593750 0.304645 0.023438 0.040984
0 0.582031 0.521175 0.025391 0.047814
0 0.526367 0.298497 0.023438 0.039617
0 0.461426 0.280738 0.024414 0.042350
0 0.412109 0.254781 0.025391 0.039617
0 0.378906 0.395492 0.023438 0.039617
0 0.422363 0.468579 0.022461 0.038251
0 0.343750 0.536885 0.025391 0.040984
0 0.271973 0.476776 0.020508 0.030055
0 0.249512 0.415984 0.028320 0.045082
0 0.283691 0.234290 0.028320 0.047814
0 0.188965 0.265710 0.026367 0.047814
0 0.188965 0.558060 0.030273 0.047814
0 0.154785 0.455601 0.030273 0.045082
0 0.092285 0.489754 0.034180 0.050546
