0 0.356445 0.629474 0.017578 0.042105
0 0.267578 0.483158 0.019531 0.048421
0 0.221680 0.429474 0.019531 0.050526
0 0.179199 0.492632 0.018555 0.046316
0 0.070312 0.460000 0.019531 0.056842
0 0.119629 0.506316 0.016602 0.044211
0 0.034668 0.373684 0.018555 0.044211
0 0.077148 0.372632 0.013672 0.037895
0 0.105957 0.360000 0.016602 0.042105
0 0.146484 0.317895 0.017578 0.037895
0 0.183594 0.256842 0.017578 0.046316
0 0.252441 0.296842 0.018555 0.042105
0 0.264160 0.248421 0.012695 0.037895
0 0.310547 0.270526 0.017578 0.044211
0 0.335938 0.277895 0.015625 0.037895
0 0.370605 0.277895 0.014648 0.037895
0 0.400879 0.290526 0.014648 0.037895
0 0.420898 0.290526 0.017578 0.037895
0 0.454590 0.287368 0.010742 0.027368
0 0.473145 0.276842 0.016602 0.044211
0 0.514160 0.276842 0.016602 0.040000
0 0.541504 0.305263 0.016602 0.042105
0 0.570801 0.288421 0.018555 0.046316
0 0.593262 0.295789 0.016602 0.044211
0 0.631836 0.258947 0.017578 0.042105
0 0.674805 0.244211 0.019531 0.046316
0 0.717285 0.289474 0.018555 0.044211
0 0.746582 0.278947 0.018555 0.048421
0 0.774902 0.282105 0.020508 0.046316
0 0.816406 0.271579 0.017578 0.050526
0 0.853027 0.343158 0.016602 0.042105
0 0.880371 0.312632 0.016602 0.044211
0 0.903809 0.375789 0.018555 0.048421
0 0.932129 0.380000 0.018555 0.048421
0 0.964355 0.425263 0.020508 0.042105
0 0.973145 0.490526 0.020508 0.050526
0 0.898926 0.483158 0.018555 0.040000
0 0.866211 0.461053 0.017578 0.046316
0 0.806641 0.471579 0.015625 0.046316
0 0.785645 0.465263 0.018555 0.050526
0 0.747559 0.478947 0.020508 0.044211
0 0.685059 0.494737 0.018555 0.046316
0 0.659180 0.444211 0.017578 0.050526
0 0.622559 0.489474 0.018555 0.048421
0 0.581055 0.490526 0.017578 0.046316
0 0.549316 0.504211 0.018555 0.048421
0 0.572754 0.708421 0.022461 0.052632
0 0.606934 0.723158 0.016602 0.044211
0 0.678223 0.722105 0.020508 0.054737
0 0.863770 0.727368 0.018555 0.048421
0 0.504395 0.513684 0.018555 0.046316
0 0.470703 0.477895 0.019531 0.050526
0 0.424316 0.498947 0.018555 0.046316
0 0.390625 0.483158 0.019531 0.048421
0 0.363770 0.506316 0.020508 0.052632
0 0.321289 0.453684 0.019531 0.048421
0 0.401855 0.391579 0.012695 0.029474
0 0.357910 0.332632 0.016602 0.042105
