0 0.186523 0.208759 0.044922 0.072993
0 0.262207 0.229927 0.034180 0.056934
0 0.317871 0.240876 0.038086 0.064234
0 0.382324 0.292701 0.040039 0.071533
0 0.412598 0.194891 0.032227 0.059854
0 0.499512 0.173723 0.026367 0.058394
0 0.552734 0.222628 0.027344 0.054015
0 0.524902 0.267883 0.028320 0.051095
0 0.625000 0.192701 0.033203 0.052555
0 0.669922 0.208759 0.037109 0.072993
0 0.500977 0.359124 0.039062 0.070073
0 0.475098 0.448175 0.040039 0.070073
0 0.591797 0.470803 0.042969 0.059854
0 0.708008 0.466423 0.044922 0.071533
0 0.717773 0.152555 0.025391 0.054015
0 0.764648 0.221168 0.035156 0.062774
0 0.824219 0.255474 0.033203 0.064234
0 0.904297 0.261314 0.033203 0.052555
