0 0.095703 0.569648 0.019531 0.030792
0 0.115234 0.591642 0.017578 0.030792
0 0.121582 0.493402 0.016602 0.030792
0 0.156250 0.510264 0.015625 0.032258
0 0.188477 0.512463 0.017578 0.027859
0 0.229980 0.494135 0.016602 0.029326
0 0.207520 0.560117 0.016602 0.032258
0 0.238281 0.576979 0.013672 0.027859
0 0.302734 0.568182 0.017578 0.030792
0 0.257812 0.417889 0.011719 0.020528
0 0.301758 0.718475 0.013672 0.026393
0 0.367188 0.708211 0.017578 0.026393
0 0.412109 0.713343 0.017578 0.024927
0 0.479004 0.706745 0.014648 0.026393
0 0.272949 0.362903 0.008789 0.021994
0 0.294922 0.415689 0.007812 0.019062
0 0.296387 0.361437 0.010742 0.021994
0 0.327148 0.413490 0.009766 0.017595
0 0.370117 0.475806 0.015625 0.027859
0 0.315918 0.494135 0.016602 0.029326
0 0.436523 0.357038 0.011719 0.021994
0 0.380371 0.415689 0.008789 0.019062
0 0.395996 0.420088 0.010742 0.019062
0 0.479004 0.399560 0.012695 0.016129
0 0.499023 0.379765 0.011719 0.020528
0 0.477051 0.352639 0.010742 0.019062
0 0.514160 0.341642 0.010742 0.020528
0 0.565918 0.348240 0.010742 0.019062
0 0.606934 0.346774 0.010742 0.019062
0 0.550293 0.392962 0.012695 0.020528
0 0.586914 0.387097 0.013672 0.023460
0 0.562988 0.461877 0.018555 0.029326
0 0.547363 0.479472 0.014648 0.029326
0 0.453125 0.458944 0.021484 0.032258
0 0.472168 0.481672 0.010742 0.021994
0 0.354004 0.549120 0.016602 0.033724
0 0.411621 0.573314 0.016602 0.029326
0 0.459961 0.574780 0.015625 0.026393
0 0.812012 0.475073 0.014648 0.029326
0 0.759277 0.464076 0.012695 0.024927
0 0.856445 0.468475 0.015625 0.030792
0 0.889160 0.453079 0.018555 0.035191
0 0.912109 0.528592 0.017578 0.036657
0 0.848145 0.566716 0.016602 0.030792
0 0.323242 0.360704 0.007812 0.017595
0 0.389648 0.350440 0.011719 0.020528
0 0.524414 0.704545 0.015625 0.027859
0 0.568848 0.538123 0.012695 0.035191
0 0.572754 0.549853 0.010742 0.023460
0 0.644043 0.546921 0.016602 0.026393
0 0.663086 0.547654 0.017578 0.030792
0 0.759277 0.546921 0.016602 0.026393
0 0.794434 0.537390 0.016602 0.033724
0 0.603027 0.717742 0.016602 0.024927
0 0.643066 0.716276 0.016602 0.027859
0 0.680664 0.721408 0.013672 0.020528
0 0.722168 0.719208 0.014648 0.019062
0 0.770508 0.683284 0.015625 0.029326
0 0.842773 0.712610 0.017578 0.026393
0 0.669922 0.357038 0.009766 0.021994
0 0.691895 0.355572 0.010742 0.019062
0 0.689453 0.407625 0.011719 0.020528
0 0.630371 0.466276 0.010742 0.017595
0 0.671387 0.475806 0.016602 0.027859
0 0.696289 0.478006 0.015625 0.026393
0 0.748535 0.464076 0.012695 0.024927
