0 0.493652 0.404412 0.028320 0.044118
0 0.733398 0.364973 0.029297 0.042781
0 0.656738 0.369652 0.026367 0.041444
0 0.608887 0.290775 0.022461 0.038770
0 0.567383 0.356952 0.027344 0.037433
0 0.522461 0.264706 0.025391 0.037433
0 0.864746 0.197193 0.028320 0.038770
0 0.807617 0.213235 0.027344 0.044118
0 0.750488 0.166444 0.026367 0.041444
0 0.719238 0.221925 0.028320 0.040107
0 0.631348 0.201872 0.028320 0.042781
0 0.604980 0.145722 0.026367 0.037433
0 0.520508 0.112968 0.023438 0.038770
0 0.529785 0.195856 0.024414 0.044118
0 0.494141 0.179144 0.025391 0.037433
0 0.481445 0.361631 0.021484 0.036096
0 0.451172 0.319519 0.023438 0.037433
0 0.434082 0.197193 0.022461 0.038770
0 0.403320 0.152406 0.023438 0.037433
0 0.344727 0.171123 0.027344 0.042781
0 0.416504 0.358289 0.024414 0.037433
0 0.419922 0.419786 0.025391 0.037433
0 0.352539 0.357620 0.023438 0.041444
0 0.319336 0.396390 0.027344 0.044118
0 0.262695 0.350936 0.025391 0.041444
0 0.473145 0.747326 0.030273 0.048128
0 0.479004 0.621658 0.032227 0.048128
0 0.413574 0.710561 0.026367 0.044118
0 0.410156 0.633690 0.029297 0.048128
0 0.349609 0.569519 0.029297 0.045455
0 0.424805 0.550134 0.025391 0.038770
0 0.343262 0.710561 0.026367 0.044118
0 0.300293 0.703877 0.028320 0.041444
0 0.246582 0.736631 0.026367 0.042781
0 0.271973 0.583556 0.030273 0.044118
0 0.213867 0.600936 0.029297 0.041444
0 0.176758 0.715909 0.025391 0.041444
0 0.119629 0.735963 0.026367 0.038770
0 0.041992 0.717246 0.027344 0.038770
0 0.102051 0.580214 0.026367 0.037433
0 0.029785 0.598930 0.026367 0.040107
0 0.275391 0.167112 0.023438 0.034759
0 0.240234 0.135695 0.025391 0.036096
0 0.148926 0.092246 0.024414 0.034759
0 0.192871 0.184492 0.022461 0.040107
0 0.108398 0.162433 0.025391 0.036096
0 0.221680 0.316845 0.021484 0.032086
0 0.234863 0.404412 0.026367 0.041444
0 0.145996 0.412433 0.026367 0.036096
0 0.173828 0.331551 0.023438 0.037433
0 0.133301 0.317513 0.024414 0.033422
0 0.099609 0.347594 0.025391 0.037433
0 0.055664 0.482620 0.025391 0.032086
0 0.010742 0.419118 0.021484 0.041444
0 0.023438 0.342246 0.027344 0.048128
0 0.062500 0.311497 0.023438 0.037433
0 0.066895 0.173797 0.022461 0.032086
0 0.019043 0.182487 0.022461 0.036096
0 0.040039 0.056150 0.025391 0.032086
0 0.854492 0.776738 0.035156 0.058824
0 0.760742 0.816845 0.029297 0.048128
0 0.709961 0.797460 0.031250 0.046791
0 0.787598 0.707219 0.028320 0.040107
0 0.862793 0.597594 0.034180 0.042781
0 0.764648 0.597594 0.031250 0.050802
0 0.685059 0.717914 0.032227 0.048128
0 0.625488 0.705214 0.032227 0.046791
0 0.562500 0.741310 0.035156 0.052139
0 0.670410 0.604278 0.030273 0.048128
0 0.579102 0.582888 0.029297 0.045455
0 0.927246 0.414439 0.028320 0.042781
0 0.842285 0.417112 0.028320 0.042781
0 0.755371 0.407754 0.028320 0.040107
0 0.682129 0.435829 0.028320 0.040107
0 0.594727 0.401738 0.027344 0.044118
0 0.384277 0.332219 0.024414 0.038770
