0 0.119629 0.310673 0.043945 0.062865
0 0.234863 0.301170 0.049805 0.084795
0 0.297363 0.382310 0.051758 0.095029
0 0.400879 0.358187 0.045898 0.073099
0 0.521484 0.366959 0.046875 0.084795
0 0.633789 0.297515 0.046875 0.074561
0 0.718262 0.266813 0.040039 0.062865
0 0.728027 0.392544 0.049805 0.080409
0 0.498047 0.638889 0.044922 0.064327
0 0.609863 0.486842 0.049805 0.078947
0 0.689941 0.586988 0.043945 0.068713
0 0.771484 0.627924 0.046875 0.071637
0 0.213379 0.462719 0.036133 0.059942
0 0.315430 0.623538 0.044922 0.068713
