0 0.838379 0.489552 0.018555 0.035821
0 0.808105 0.511194 0.018555 0.034328
0 0.767090 0.466418 0.020508 0.040299
0 0.732910 0.497761 0.020508 0.037313
0 0.685059 0.476866 0.020508 0.037313
0 0.620117 0.483582 0.021484 0.038806
0 0.663086 0.593284 0.019531 0.031343
0 0.563965 0.542537 0.020508 0.031343
0 0.567383 0.438060 0.023438 0.040299
0 0.494629 0.441045 0.024414 0.040299
0 0.450195 0.471642 0.021484 0.038806
0 0.394531 0.463433 0.019531 0.034328
0 0.400879 0.571642 0.018555 0.026866
0 0.342773 0.509701 0.019531 0.037313
0 0.288086 0.531343 0.019531 0.035821
0 0.253906 0.486567 0.019531 0.038806
0 0.208984 0.405970 0.019531 0.035821
0 0.164551 0.511194 0.018555 0.034328
0 0.133789 0.447015 0.019531 0.034328
0 0.325195 0.423134 0.023438 0.037313
0 0.615723 0.632090 0.018555 0.028358
