0 0.094238 0.268018 0.026367 0.076577
0 0.145020 0.145270 0.020508 0.065315
0 0.187500 0.147523 0.023438 0.060811
0 0.260742 0.194820 0.021484 0.056306
0 0.302734 0.103604 0.025391 0.072072
0 0.376953 0.120495 0.023438 0.060811
0 0.428711 0.180180 0.025391 0.063063
0 0.498535 0.174550 0.022461 0.056306
0 0.558594 0.131757 0.025391 0.065315
0 0.522949 0.462838 0.026367 0.065315
0 0.439941 0.471847 0.024414 0.065315
0 0.311035 0.309685 0.028320 0.074324
0 0.180664 0.378378 0.027344 0.067568
0 0.233398 0.612613 0.025391 0.058559
0 0.533203 0.682432 0.025391 0.072072
0 0.625000 0.168919 0.023438 0.058559
0 0.699219 0.172297 0.023438 0.056306
0 0.781738 0.163288 0.026367 0.069820
0 0.834961 0.280405 0.027344 0.078829
0 0.897461 0.220721 0.025391 0.063063
0 0.761230 0.411036 0.026367 0.069820
0 0.785645 0.504505 0.020508 0.049550
0 0.813965 0.658784 0.026367 0.069820
0 0.607422 0.447072 0.025391 0.060811
0 0.662598 0.689189 0.024414 0.054054
0 0.714355 0.675676 0.024414 0.067568
0 0.646973 0.264640 0.024414 0.060811
