0 0.515625 0.146589 0.023438 0.037736
0 0.497070 0.198839 0.025391 0.046444
0 0.473145 0.137155 0.020508 0.030479
0 0.467773 0.238752 0.027344 0.050798
0 0.456055 0.190131 0.021484 0.037736
0 0.641602 0.581277 0.029297 0.047896
0 0.263184 0.286647 0.026367 0.044993
0 0.184570 0.281567 0.027344 0.043541
0 0.167480 0.221335 0.024414 0.042090
0 0.165527 0.338171 0.028320 0.046444
0 0.115723 0.503628 0.030273 0.052250
0 0.126465 0.370827 0.032227 0.059507
0 0.071777 0.521045 0.034180 0.058055
0 0.056152 0.607402 0.032227 0.044993
0 0.108887 0.714078 0.024414 0.046444
0 0.551270 0.559507 0.030273 0.044993
0 0.503418 0.469521 0.030273 0.050798
0 0.470215 0.370102 0.028320 0.043541
0 0.408203 0.493469 0.029297 0.049347
0 0.388184 0.558055 0.028320 0.053701
0 0.317871 0.418723 0.030273 0.053701
0 0.354980 0.373730 0.026367 0.044993
0 0.243652 0.528302 0.030273 0.049347
0 0.221191 0.402032 0.036133 0.063861
0 0.254395 0.344702 0.028320 0.053701
0 0.293945 0.329463 0.027344 0.049347
0 0.443848 0.321480 0.028320 0.044993
0 0.809570 0.257620 0.025391 0.042090
0 0.827148 0.232946 0.021484 0.036284
0 0.804688 0.157475 0.021484 0.033382
0 0.792480 0.124093 0.022461 0.036284
0 0.776367 0.192308 0.027344 0.042090
0 0.733398 0.166183 0.021484 0.039187
0 0.741211 0.224238 0.021484 0.039187
0 0.713867 0.195210 0.021484 0.036284
0 0.718750 0.271408 0.021484 0.037736
0 0.673828 0.291001 0.025391 0.047896
0 0.675781 0.221335 0.023438 0.042090
0 0.663086 0.164006 0.017578 0.034833
0 0.637207 0.167634 0.024414 0.042090
0 0.650391 0.111030 0.021484 0.036284
0 0.763184 0.121190 0.020508 0.033382
0 0.722168 0.126270 0.018555 0.029028
0 0.415527 0.133527 0.018555 0.034833
0 0.395020 0.122642 0.020508 0.039187
0 0.397461 0.182874 0.023438 0.040639
0 0.364258 0.184325 0.025391 0.043541
0 0.370117 0.277939 0.025391 0.042090
0 0.538086 0.271408 0.029297 0.049347
0 0.457520 0.048621 0.018555 0.036284
0 0.345215 0.100145 0.020508 0.029028
0 0.299805 0.086357 0.019531 0.036284
0 0.279297 0.126270 0.019531 0.031930
0 0.324219 0.186502 0.019531 0.036284
0 0.299316 0.243832 0.022461 0.037736
0 0.270508 0.219158 0.023438 0.040639
0 0.240723 0.170537 0.020508 0.039187
0 0.203613 0.158200 0.024414 0.043541
0 0.224609 0.238026 0.025391 0.046444
0 0.924805 0.536284 0.029297 0.053701
0 0.939941 0.441945 0.032227 0.053701
0 0.852539 0.446299 0.029297 0.053701
0 0.855469 0.604499 0.027344 0.050798
0 0.770020 0.462264 0.030273 0.047896
0 0.816895 0.402758 0.028320 0.047896
0 0.714844 0.382438 0.029297 0.050798
0 0.760742 0.381713 0.027344 0.052250
0 0.745605 0.294630 0.026367 0.043541
0 0.685059 0.447025 0.028320 0.049347
0 0.577148 0.447025 0.031250 0.052250
0 0.587891 0.350508 0.029297 0.047896
0 0.622559 0.263425 0.032227 0.050798
0 0.578125 0.208999 0.027344 0.049347
0 0.601074 0.162554 0.020508 0.037736
0 0.584961 0.141509 0.017578 0.030479
0 0.547852 0.164006 0.025391 0.046444
0 0.561035 0.123367 0.020508 0.037736
0 0.511719 0.086357 0.021484 0.042090
