0 0.887695 0.281633 0.031250 0.051701
0 0.779785 0.289116 0.032227 0.044898
0 0.705566 0.279592 0.032227 0.050340
0 0.740234 0.282993 0.031250 0.048980
0 0.602539 0.277551 0.033203 0.054422
0 0.696289 0.389116 0.029297 0.051701
0 0.563477 0.268707 0.035156 0.050340
0 0.511719 0.476871 0.041016 0.066667
0 0.417480 0.334694 0.034180 0.057143
0 0.398926 0.271429 0.036133 0.055782
0 0.300781 0.244898 0.041016 0.057143
0 0.295410 0.379592 0.038086 0.057143
0 0.349609 0.362585 0.035156 0.050340
0 0.233398 0.280952 0.037109 0.055782
0 0.132324 0.254422 0.041992 0.073469
0 0.500977 0.277551 0.035156 0.057143
