0 0.031250 0.183673 0.035156 0.069971
0 0.041016 0.123907 0.027344 0.058309
0 0.116211 0.284257 0.035156 0.075802
0 0.151367 0.193878 0.033203 0.058309
0 0.162109 0.130466 0.033203 0.059767
0 0.272949 0.148688 0.036133 0.072886
0 0.340820 0.188776 0.042969 0.077259
0 0.368652 0.227405 0.032227 0.067055
0 0.421387 0.134111 0.034180 0.061224
0 0.584473 0.231778 0.040039 0.064140
0 0.655273 0.230321 0.039062 0.061224
0 0.852051 0.209184 0.041992 0.068513
0 0.554688 0.158163 0.031250 0.056851
0 0.908203 0.303207 0.029297 0.055394
0 0.535645 0.147959 0.030273 0.051020
