0 0.200684 0.467139 0.040039 0.044489
0 0.703125 0.193124 0.046875 0.050556
0 0.375977 0.156724 0.066406 0.086957
0 0.445801 0.205763 0.040039 0.055612
0 0.569336 0.181496 0.019531 0.023256
0 0.623535 0.206269 0.018555 0.020222
0 0.658203 0.184530 0.015625 0.021234
0 0.583984 0.181496 0.007812 0.011122
0 0.077148 0.191608 0.011719 0.015167
0 0.271484 0.194135 0.007812 0.016178
0 0.643555 0.180991 0.013672 0.018200
0 0.759766 0.188574 0.009766 0.017189
0 0.740723 0.186047 0.012695 0.012133
0 0.476562 0.081901 0.009766 0.014156
0 0.485840 0.078868 0.008789 0.012133
0 0.492188 0.106673 0.011719 0.011122
0 0.769531 0.195147 0.007812 0.008089
0 0.703613 0.546512 0.028320 0.031345
