0 0.040039 0.307438 0.029297 0.066116
0 0.126465 0.329752 0.032227 0.061157
0 0.216309 0.347934 0.026367 0.061157
0 0.231445 0.526446 0.029297 0.054545
0 0.322754 0.340496 0.028320 0.056198
0 0.377930 0.473554 0.027344 0.051240
0 0.422852 0.338843 0.033203 0.056198
0 0.509766 0.305785 0.031250 0.052893
0 0.480957 0.238017 0.028320 0.049587
0 0.585938 0.303306 0.029297 0.057851
0 0.656738 0.336364 0.032227 0.057851
0 0.658691 0.247107 0.030273 0.051240
0 0.770996 0.352893 0.034180 0.067769
0 0.819824 0.304132 0.034180 0.059504
0 0.881836 0.349587 0.033203 0.064463
0 0.915039 0.304132 0.033203 0.072727
