0 0.310059 0.640625 0.036133 0.100000
0 0.433594 0.573438 0.025391 0.065625
0 0.480469 0.421875 0.011719 0.043750
0 0.535645 0.459375 0.012695 0.050000
0 0.567383 0.521875 0.015625 0.062500
0 0.602539 0.639062 0.031250 0.096875
0 0.665039 0.518750 0.015625 0.062500
0 0.724609 0.604688 0.019531 0.090625
0 0.464355 0.467187 0.016602 0.071875
0 0.368652 0.459375 0.010742 0.056250
0 0.288086 0.448437 0.011719 0.053125
0 0.355469 0.757812 0.031250 0.128125
0 0.737305 0.518750 0.017578 0.062500
0 0.785156 0.512500 0.013672 0.056250
0 0.086426 0.490625 0.016602 0.050000
