0 0.066406 0.399089 0.029297 0.042969
0 0.117188 0.355469 0.031250 0.046875
0 0.179199 0.354167 0.026367 0.046875
0 0.229492 0.306641 0.029297 0.045573
0 0.309570 0.349609 0.025391 0.042969
0 0.403809 0.388021 0.026367 0.039062
0 0.461914 0.371094 0.027344 0.041667
0 0.533203 0.332682 0.029297 0.045573
0 0.610352 0.367839 0.023438 0.040365
0 0.105957 0.527344 0.028320 0.039062
0 0.146484 0.517578 0.031250 0.042969
0 0.236328 0.471354 0.029297 0.046875
0 0.274902 0.605469 0.032227 0.041667
0 0.319824 0.577474 0.032227 0.050781
0 0.408203 0.622396 0.029297 0.046875
0 0.443848 0.555339 0.038086 0.061198
0 0.531738 0.630208 0.028320 0.044271
0 0.557129 0.571615 0.032227 0.057292
0 0.495605 0.430990 0.026367 0.046875
0 0.568848 0.438802 0.028320 0.041667
0 0.658203 0.428385 0.025391 0.041667
0 0.737793 0.474609 0.020508 0.032552
0 0.784668 0.425130 0.028320 0.045573
0 0.703125 0.388021 0.027344 0.041667
0 0.820312 0.345703 0.027344 0.045573
0 0.872070 0.397135 0.027344 0.044271
0 0.810547 0.544271 0.023438 0.044271
0 0.696289 0.647135 0.027344 0.041667
0 0.636719 0.610677 0.029297 0.041667
0 0.591309 0.653646 0.022461 0.036458
0 0.908203 0.504557 0.035156 0.055990
