0 0.096191 0.064788 0.055664 0.051977
0 0.187500 0.082723 0.048828 0.045388
0 0.377441 0.107980 0.065430 0.056369
0 0.514648 0.079063 0.087891 0.064422
0 0.739258 0.074305 0.076172 0.065154
0 0.884277 0.053807 0.081055 0.069546
0 0.911621 0.252928 0.094727 0.071010
0 0.738281 0.195095 0.068359 0.056369
0 0.568359 0.207174 0.083984 0.071742
0 0.401855 0.240117 0.071289 0.058565
0 0.270020 0.176428 0.055664 0.051245
0 0.092773 0.230966 0.056641 0.051977
0 0.311523 0.366764 0.066406 0.051245
0 0.466309 0.354319 0.036133 0.027818
0 0.583008 0.338580 0.033203 0.030015
0 0.875977 0.476208 0.095703 0.087116
0 0.752441 0.452782 0.096680 0.088580
0 0.633789 0.432284 0.041016 0.037335
0 0.511719 0.417277 0.037109 0.033675
0 0.392578 0.424963 0.037109 0.032943
0 0.247559 0.492679 0.071289 0.067350
0 0.135254 0.508785 0.063477 0.057101
0 0.268066 0.633236 0.088867 0.065886
0 0.460938 0.618228 0.078125 0.065154
0 0.641113 0.605783 0.073242 0.065154
0 0.810547 0.652635 0.054688 0.049048
0 0.928711 0.641654 0.056641 0.050512
0 0.093750 0.638726 0.087891 0.078331
0 0.824707 0.769034 0.047852 0.043192
0 0.952148 0.867130 0.052734 0.047584
0 0.781250 0.878843 0.052734 0.050512
0 0.601074 0.901537 0.071289 0.049048
0 0.446289 0.890556 0.064453 0.051977
0 0.283203 0.882138 0.076172 0.061493
0 0.077637 0.926061 0.069336 0.064422
0 0.100098 0.800146 0.057617 0.048316
0 0.254395 0.766471 0.055664 0.046852
0 0.108887 0.365666 0.065430 0.053441
0 0.458008 0.729868 0.083984 0.065886
0 0.702637 0.806369 0.041992 0.040264
