0 0.153320 0.453010 0.027344 0.042584
0 0.206055 0.397944 0.027344 0.055800
0 0.284180 0.403084 0.025391 0.051395
0 0.355957 0.406021 0.026367 0.054332
0 0.476074 0.466960 0.026367 0.049927
0 0.510254 0.444934 0.028320 0.049927
0 0.551758 0.534508 0.025391 0.044053
0 0.574219 0.436123 0.025391 0.044053
0 0.650879 0.428781 0.024414 0.046990
0 0.720215 0.416300 0.028320 0.054332
0 0.800293 0.407489 0.028320 0.051395
0 0.727539 0.610132 0.025391 0.042584
0 0.664062 0.674743 0.021484 0.030837
0 0.520508 0.693098 0.027344 0.049927
0 0.429688 0.511747 0.025391 0.045521
0 0.365234 0.589574 0.025391 0.045521
0 0.291016 0.585903 0.025391 0.046990
0 0.218262 0.537445 0.024414 0.044053
0 0.647461 0.588840 0.027344 0.049927
