0 0.094727 0.339286 0.031250 0.055195
0 0.124512 0.280844 0.032227 0.055195
0 0.181641 0.340909 0.031250 0.058442
0 0.208496 0.288961 0.026367 0.051948
0 0.243164 0.306006 0.025391 0.037338
0 0.279297 0.334416 0.025391 0.051948
0 0.317383 0.283279 0.027344 0.056818
0 0.375000 0.325487 0.023438 0.047078
0 0.412109 0.293831 0.025391 0.055195
0 0.387695 0.442370 0.033203 0.066558
0 0.335449 0.410714 0.022461 0.048701
0 0.357422 0.478896 0.021484 0.038961
0 0.246582 0.523539 0.026367 0.043831
0 0.306641 0.443994 0.023438 0.047078
0 0.213867 0.474026 0.033203 0.064935
0 0.459961 0.311688 0.025391 0.055195
0 0.494629 0.260552 0.028320 0.063312
0 0.534668 0.312500 0.024414 0.050325
0 0.573730 0.245942 0.028320 0.053571
0 0.648438 0.262987 0.029297 0.055195
0 0.695801 0.303571 0.026367 0.048701
0 0.766602 0.278409 0.029297 0.056818
0 0.809082 0.309253 0.024414 0.053571
0 0.841309 0.364448 0.028320 0.056818
0 0.892090 0.306818 0.026367 0.058442
0 0.790527 0.464286 0.026367 0.058442
0 0.748535 0.431818 0.028320 0.055195
0 0.708984 0.447240 0.025391 0.047078
0 0.675293 0.481331 0.024414 0.050325
0 0.630859 0.482143 0.025391 0.051948
0 0.646484 0.370942 0.025391 0.050325
0 0.590820 0.333604 0.023438 0.047078
0 0.571289 0.450487 0.023438 0.043831
0 0.558105 0.395292 0.024414 0.040584
0 0.515625 0.512987 0.021484 0.038961
0 0.480469 0.443182 0.025391 0.051948
0 0.462891 0.505682 0.021484 0.040584
0 0.241211 0.364448 0.021484 0.040584
