0 0.919434 0.285714 0.024414 0.026578
0 0.893066 0.279900 0.020508 0.019934
0 0.819336 0.288621 0.021484 0.022425
0 0.801270 0.269103 0.022461 0.021595
0 0.388184 0.267857 0.008789 0.010797
0 0.373047 0.258306 0.011719 0.011628
0 0.474609 0.251661 0.015625 0.016611
0 0.423340 0.458472 0.049805 0.053156
0 0.863770 0.370017 0.051758 0.050664
0 0.112793 0.210133 0.073242 0.061462
0 0.043457 0.252907 0.010742 0.009136
0 0.019531 0.294435 0.011719 0.009136
0 0.604004 0.407392 0.063477 0.073920
0 0.623535 0.219269 0.063477 0.068106
