0 0.296875 0.210835 0.023438 0.043924
0 0.522461 0.376281 0.033203 0.079063
0 0.720703 0.250366 0.025391 0.064422
0 0.344727 0.382138 0.068359 0.137628
0 0.497070 0.548316 0.083984 0.142020
0 0.797363 0.369693 0.065430 0.144949
0 0.293457 0.489751 0.041992 0.180088
0 0.358398 0.252562 0.052734 0.095168
0 0.663086 0.437775 0.062500 0.131772
0 0.623047 0.240117 0.031250 0.064422
0 0.444824 0.276720 0.041992 0.064422
0 0.463379 0.251830 0.040039 0.076135
0 0.390137 0.210102 0.026367 0.057101
0 0.874023 0.355783 0.044922 0.114202
0 0.939941 0.367496 0.030273 0.067350
0 0.489746 0.376281 0.047852 0.117130
0 0.389160 0.367496 0.045898 0.122987
0 0.503906 0.249634 0.023438 0.060029
0 0.497070 0.182284 0.023438 0.039531
