0 0.024414 0.222548 0.011719 0.020498
0 0.112305 0.114934 0.015625 0.027818
0 0.164551 0.127379 0.012695 0.023426
0 0.145508 0.095900 0.003906 0.007321
0 0.173828 0.181552 0.007812 0.017570
0 0.947754 0.143485 0.010742 0.032211
0 0.253906 0.513909 0.021484 0.061493
0 0.280762 0.541728 0.034180 0.038067
0 0.508789 0.467057 0.029297 0.061493
0 0.786621 0.415813 0.034180 0.067350
0 0.339355 0.021962 0.010742 0.026354
0 0.401855 0.074671 0.014648 0.026354
0 0.461426 0.075403 0.016602 0.030747
0 0.500488 0.043192 0.014648 0.033675
0 0.547363 0.087848 0.016602 0.029283
0 0.217285 0.094436 0.010742 0.013177
0 0.270020 0.207174 0.014648 0.019034
0 0.287598 0.089312 0.008789 0.011713
0 0.755859 0.151537 0.015625 0.024890
0 0.813477 0.168375 0.009766 0.029283
