0 0.777832 0.813510 0.051758 0.108664
0 0.892090 0.618209 0.040039 0.111601
0 0.747559 0.335536 0.036133 0.066079
0 0.876465 0.124082 0.028320 0.054332
0 0.562012 0.135095 0.028320 0.052863
0 0.547852 0.055800 0.023438 0.041116
0 0.424805 0.246696 0.025391 0.049927
0 0.352051 0.308370 0.030273 0.058737
0 0.120605 0.390602 0.034180 0.058737
0 0.106934 0.505140 0.028320 0.064611
0 0.099609 0.850220 0.033203 0.088106
0 0.326660 0.631424 0.030273 0.082232
0 0.593262 0.514684 0.028320 0.057269
0 0.541016 0.402349 0.035156 0.070485
0 0.459961 0.023495 0.017578 0.032305
0 0.375000 0.183554 0.027344 0.049927
