0 0.296387 0.423828 0.034180 0.042969
0 0.488770 0.544922 0.018555 0.027344
0 0.619629 0.570312 0.016602 0.028646
0 0.676270 0.560547 0.018555 0.029948
0 0.832031 0.501953 0.017578 0.024740
0 0.789551 0.490885 0.020508 0.023438
0 0.630859 0.514974 0.017578 0.024740
0 0.984863 0.494792 0.016602 0.028646
0 0.724609 0.468750 0.013672 0.020833
0 0.505371 0.459635 0.012695 0.023438
0 0.653809 0.457031 0.016602 0.028646
0 0.534180 0.434245 0.015625 0.022135
0 0.478027 0.439453 0.016602 0.032552
0 0.562012 0.580729 0.018555 0.028646
0 0.703613 0.556641 0.018555 0.027344
0 0.688965 0.507161 0.020508 0.029948
0 0.613281 0.471354 0.015625 0.028646
0 0.114258 0.527344 0.017578 0.031250
0 0.048340 0.516927 0.016602 0.028646
0 0.576660 0.509115 0.020508 0.033854
0 0.563477 0.460938 0.019531 0.031250
0 0.565430 0.417969 0.015625 0.031250
0 0.603027 0.417318 0.020508 0.032552
0 0.942871 0.418620 0.012695 0.022135
0 0.962891 0.417318 0.015625 0.027344
0 0.695801 0.412109 0.014648 0.024740
0 0.939453 0.518880 0.015625 0.027344
0 0.659668 0.559896 0.014648 0.028646
0 0.842285 0.548177 0.028320 0.031250
0 0.219238 0.488281 0.032227 0.049479
0 0.835449 0.439453 0.010742 0.019531
