0 0.564453 0.282776 0.035156 0.046272
0 0.450195 0.301414 0.035156 0.047558
0 0.156250 0.312982 0.037109 0.050129
0 0.234863 0.248715 0.028320 0.044987
0 0.280762 0.197301 0.022461 0.044987
0 0.320801 0.182519 0.024414 0.035990
0 0.377930 0.169666 0.027344 0.041131
0 0.819824 0.062339 0.020508 0.026992
0 0.691895 0.048843 0.024414 0.038560
0 0.662598 0.148458 0.020508 0.039846
0 0.737305 0.145244 0.017578 0.028278
0 0.807617 0.130463 0.013672 0.026992
0 0.895508 0.135604 0.019531 0.029563
0 0.906250 0.201799 0.023438 0.043702
0 0.476074 0.181877 0.026367 0.034704
0 0.534180 0.113753 0.021484 0.034704
0 0.561523 0.076478 0.021484 0.034704
0 0.493164 0.049486 0.025391 0.042416
0 0.208496 0.188946 0.032227 0.048843
0 0.128418 0.263496 0.028320 0.038560
0 0.072754 0.199229 0.034180 0.046272
0 0.047363 0.304627 0.030273 0.051414
0 0.044922 0.498072 0.037109 0.052699
0 0.062500 0.133033 0.021484 0.032134
0 0.099121 0.133676 0.016602 0.033419
0 0.126465 0.156170 0.020508 0.034704
0 0.155273 0.089332 0.019531 0.039846
0 0.648438 0.080334 0.023438 0.037275
0 0.622559 0.028278 0.018555 0.030848
0 0.446289 0.699871 0.033203 0.088689
0 0.388184 0.814267 0.071289 0.124679
0 0.102539 0.875964 0.091797 0.096401
0 0.561035 0.900386 0.045898 0.052699
0 0.430664 0.165167 0.025391 0.050129
0 0.342285 0.151028 0.020508 0.034704
0 0.373047 0.054627 0.023438 0.039846
0 0.833496 0.025707 0.020508 0.030848
0 0.723633 0.052057 0.021484 0.032134
0 0.472656 0.089974 0.019531 0.043702
0 0.948242 0.058483 0.025391 0.037275
