0 0.959961 0.472005 0.011719 0.022135
0 0.986816 0.465495 0.006836 0.011719
0 0.940430 0.451823 0.005859 0.010417
0 0.943848 0.444010 0.004883 0.007812
0 0.921387 0.453125 0.010742 0.020833
0 0.900391 0.468750 0.011719 0.023438
0 0.916992 0.496745 0.009766 0.019531
0 0.909180 0.576823 0.007812 0.020833
0 0.904785 0.546875 0.008789 0.020833
0 0.842773 0.689453 0.027344 0.050781
0 0.953613 0.696615 0.012695 0.046875
0 0.776855 0.613281 0.012695 0.036458
0 0.855957 0.585938 0.010742 0.023438
0 0.676758 0.498047 0.007812 0.019531
0 0.612793 0.527344 0.006836 0.015625
0 0.639648 0.535156 0.011719 0.020833
0 0.598633 0.511719 0.011719 0.015625
0 0.561523 0.521484 0.005859 0.019531
0 0.609375 0.610677 0.011719 0.023438
0 0.748047 0.533854 0.009766 0.020833
0 0.719727 0.505859 0.007812 0.016927
0 0.852051 0.555990 0.008789 0.023438
0 0.802246 0.542969 0.010742 0.020833
0 0.795410 0.527995 0.008789 0.019531
0 0.809570 0.574219 0.009766 0.023438
0 0.839844 0.650391 0.011719 0.029948
0 0.827148 0.635417 0.013672 0.026042
0 0.762207 0.585286 0.010742 0.019531
0 0.809570 0.451172 0.005859 0.009115
0 0.594727 0.415365 0.005859 0.007812
0 0.578613 0.421224 0.006836 0.009115
0 0.501953 0.509766 0.015625 0.016927
0 0.509277 0.599609 0.008789 0.027344
0 0.581055 0.554036 0.009766 0.022135
0 0.448242 0.417969 0.003906 0.007812
0 0.450195 0.509766 0.009766 0.019531
0 0.407715 0.510417 0.008789 0.015625
0 0.338867 0.507812 0.011719 0.020833
0 0.292480 0.474609 0.006836 0.009115
0 0.355957 0.395182 0.006836 0.011719
0 0.251953 0.422526 0.005859 0.006510
0 0.268555 0.401693 0.003906 0.006510
0 0.236328 0.427083 0.005859 0.007812
0 0.061523 0.438151 0.005859 0.003906
0 0.056641 0.480469 0.011719 0.018229
0 0.051270 0.516276 0.008789 0.016927
0 0.061035 0.544271 0.008789 0.023438
0 0.091797 0.518880 0.009766 0.022135
0 0.101562 0.511068 0.009766 0.019531
0 0.126953 0.511719 0.009766 0.018229
0 0.123535 0.533854 0.012695 0.018229
0 0.145020 0.602214 0.010742 0.019531
0 0.099609 0.652344 0.015625 0.026042
0 0.173340 0.523438 0.008789 0.018229
0 0.176270 0.503906 0.008789 0.015625
0 0.200195 0.513021 0.007812 0.015625
0 0.213867 0.521484 0.009766 0.016927
0 0.236816 0.518880 0.008789 0.016927
0 0.246094 0.499349 0.007812 0.016927
0 0.260254 0.511068 0.008789 0.016927
0 0.251465 0.526693 0.008789 0.016927
0 0.261719 0.497396 0.007812 0.015625
0 0.284180 0.514974 0.011719 0.019531
0 0.294434 0.512370 0.008789 0.016927
0 0.343262 0.575521 0.008789 0.028646
0 0.031250 0.522786 0.009766 0.016927
0 0.017578 0.540365 0.007812 0.023438
0 0.142090 0.513672 0.006836 0.016927
0 0.543457 0.533854 0.008789 0.020833
0 0.862793 0.418620 0.008789 0.014323
0 0.648438 0.524089 0.011719 0.019531
0 0.257812 0.572266 0.013672 0.027344
0 0.252441 0.679688 0.012695 0.036458
0 0.298828 0.483073 0.005859 0.010417
