0 0.755371 0.499302 0.006836 0.012570
0 0.732910 0.497207 0.006836 0.011173
0 0.852051 0.502095 0.004883 0.015363
0 0.861328 0.508380 0.005859 0.013966
0 0.910156 0.515363 0.007812 0.011173
0 0.892090 0.513966 0.004883 0.011173
0 0.874023 0.502793 0.007812 0.011173
0 0.945312 0.516061 0.005859 0.015363
0 0.920410 0.515363 0.002930 0.011173
0 0.798828 0.511173 0.007812 0.011173
0 0.693359 0.505587 0.005859 0.013966
0 0.630371 0.469274 0.016602 0.033520
0 0.550781 0.449721 0.019531 0.033520
0 0.475586 0.278631 0.005859 0.012570
0 0.535156 0.287709 0.007812 0.011173
0 0.502930 0.287011 0.005859 0.009777
0 0.560059 0.292598 0.004883 0.009777
0 0.570312 0.291899 0.005859 0.013966
0 0.619629 0.284916 0.004883 0.013966
0 0.653809 0.295391 0.006836 0.012570
0 0.625977 0.294693 0.005859 0.011173
0 0.076660 0.447626 0.020508 0.029330
0 0.138184 0.457402 0.016602 0.026536
0 0.189453 0.455307 0.015625 0.033520
0 0.214355 0.434358 0.018555 0.030726
0 0.280762 0.455307 0.018555 0.036313
0 0.313965 0.483240 0.004883 0.013966
0 0.320801 0.423883 0.004883 0.012570
0 0.341797 0.398743 0.005859 0.012570
0 0.264160 0.395251 0.004883 0.011173
0 0.276367 0.383380 0.005859 0.012570
0 0.289551 0.379888 0.004883 0.013966
0 0.302734 0.379190 0.005859 0.009777
0 0.310059 0.385475 0.004883 0.008380
0 0.318848 0.377095 0.006836 0.013966
0 0.345215 0.367318 0.006836 0.011173
0 0.303711 0.479050 0.007812 0.016760
0 0.289551 0.414804 0.006836 0.011173
0 0.265137 0.381983 0.004883 0.009777
0 0.384277 0.479749 0.018555 0.032123
0 0.385742 0.371508 0.005859 0.011173
0 0.362305 0.371508 0.007812 0.011173
0 0.330078 0.367318 0.007812 0.011173
0 0.719238 0.283520 0.006836 0.011173
0 0.701660 0.281425 0.006836 0.012570
0 0.683105 0.278631 0.006836 0.012570
0 0.760254 0.280028 0.004883 0.012570
0 0.785156 0.280726 0.007812 0.011173
0 0.768066 0.278631 0.006836 0.012570
0 0.805664 0.287011 0.005859 0.012570
0 0.829590 0.289804 0.006836 0.012570
0 0.484863 0.485335 0.010742 0.020950
0 0.507812 0.494413 0.009766 0.013966
0 0.840820 0.520251 0.007812 0.018156
0 0.775879 0.502095 0.012695 0.012570
0 0.866211 0.278631 0.007812 0.012570
0 0.896973 0.287709 0.006836 0.011173
0 0.930664 0.280726 0.007812 0.013966
0 0.952148 0.282821 0.007812 0.015363
0 0.964844 0.288408 0.005859 0.012570
0 0.881836 0.280028 0.007812 0.012570
0 0.914551 0.289106 0.006836 0.013966
0 0.847656 0.283520 0.007812 0.013966
0 0.432617 0.325419 0.005859 0.008380
0 0.491699 0.283520 0.006836 0.013966
0 0.583496 0.284916 0.008789 0.011173
0 0.639160 0.293296 0.006836 0.011173
0 0.975098 0.284218 0.006836 0.009777
0 0.986816 0.289804 0.006836 0.009777
