0 0.088379 0.342606 0.010742 0.023426
0 0.122070 0.319912 0.011719 0.021962
0 0.141602 0.367496 0.009766 0.023426
0 0.079102 0.372621 0.011719 0.030747
0 0.064453 0.431918 0.015625 0.029283
0 0.044434 0.421669 0.016602 0.032211
0 0.203125 0.406296 0.013672 0.027818
0 0.245605 0.425329 0.010742 0.024890
0 0.311523 0.423133 0.013672 0.035139
0 0.402344 0.417277 0.009766 0.029283
0 0.425781 0.411420 0.009766 0.032211
0 0.282227 0.409956 0.011719 0.023426
0 0.284180 0.370425 0.009766 0.029283
0 0.246582 0.377745 0.010742 0.020498
0 0.252441 0.412884 0.012695 0.029283
0 0.042480 0.374817 0.004883 0.011713
0 0.047852 0.362372 0.005859 0.010249
0 0.350098 0.388726 0.006836 0.016105
0 0.397461 0.387262 0.009766 0.024890
0 0.434082 0.382138 0.008789 0.023426
0 0.453125 0.378477 0.007812 0.016105
0 0.304199 0.382138 0.010742 0.020498
0 0.296875 0.366032 0.007812 0.014641
0 0.198730 0.382870 0.010742 0.019034
0 0.328613 0.405564 0.010742 0.026354
0 0.331055 0.370425 0.007812 0.020498
0 0.319336 0.389458 0.009766 0.017570
0 0.524414 0.372621 0.013672 0.036603
0 0.666992 0.425329 0.013672 0.030747
0 0.706055 0.465593 0.011719 0.023426
0 0.750488 0.426061 0.010742 0.032211
0 0.740234 0.465593 0.009766 0.029283
0 0.555176 0.428258 0.008789 0.019034
0 0.479492 0.381406 0.007812 0.016105
0 0.465332 0.377745 0.006836 0.017570
0 0.577637 0.426794 0.010742 0.021962
0 0.586914 0.423133 0.007812 0.020498
0 0.594727 0.390190 0.009766 0.016105
0 0.857422 0.455344 0.015625 0.035139
0 0.901367 0.437775 0.009766 0.017570
0 0.874512 0.415813 0.006836 0.014641
0 0.791016 0.434846 0.007812 0.020498
0 0.643066 0.428258 0.012695 0.024890
0 0.732422 0.412152 0.009766 0.024890
0 0.556641 0.393119 0.007812 0.016105
0 0.943848 0.429722 0.006836 0.016105
0 0.197266 0.349927 0.011719 0.020498
0 0.812012 0.428258 0.010742 0.024890
0 0.152832 0.368960 0.010742 0.017570
0 0.010742 0.352855 0.015625 0.035139
