0 0.250977 0.216619 0.015625 0.026989
0 0.614746 0.134943 0.053711 0.102273
0 0.745117 0.191051 0.037109 0.063920
0 0.826172 0.140625 0.023438 0.039773
0 0.576660 0.257812 0.024414 0.035511
0 0.759766 0.142045 0.017578 0.028409
0 0.855957 0.160511 0.034180 0.059659
0 0.812500 0.188210 0.027344 0.052557
0 0.074707 0.275568 0.032227 0.065341
0 0.225586 0.028409 0.011719 0.025568
0 0.301758 0.229403 0.027344 0.046875
0 0.430664 0.246449 0.021484 0.052557
0 0.448730 0.218750 0.026367 0.039773
0 0.489258 0.205966 0.011719 0.031250
0 0.436523 0.175426 0.011719 0.024148
0 0.251953 0.286222 0.025391 0.052557
0 0.348633 0.257812 0.027344 0.049716
0 0.465332 0.233665 0.012695 0.032670
0 0.506348 0.181108 0.012695 0.024148
0 0.192383 0.275568 0.019531 0.039773
0 0.831543 0.120028 0.018555 0.032670
