0 0.597168 0.274697 0.045898 0.112652
0 0.834961 0.390815 0.025391 0.071057
0 0.920410 0.385615 0.014648 0.029463
0 0.955566 0.395147 0.012695 0.031196
0 0.771484 0.425477 0.007812 0.019064
0 0.070801 0.343154 0.010742 0.024263
0 0.053711 0.357019 0.007812 0.020797
0 0.104980 0.361352 0.008789 0.019064
0 0.121582 0.367418 0.008789 0.020797
0 0.699219 0.409879 0.007812 0.019064
0 0.724121 0.407279 0.008789 0.017331
0 0.768066 0.398614 0.008789 0.017331
0 0.979980 0.408146 0.010742 0.019064
0 0.009277 0.344021 0.008789 0.022530
0 0.041504 0.396014 0.010742 0.029463
0 0.153320 0.380416 0.009766 0.022530
0 0.180664 0.379549 0.007812 0.017331
0 0.220703 0.383882 0.007812 0.022530
