0 0.037598 0.479167 0.014648 0.052083
0 0.050781 0.514757 0.021484 0.043403
0 0.073242 0.512153 0.013672 0.027778
0 0.089355 0.483507 0.010742 0.019097
0 0.764160 0.489583 0.014648 0.027778
0 0.831055 0.494792 0.021484 0.045139
0 0.850098 0.484375 0.012695 0.034722
0 0.859375 0.488715 0.015625 0.026042
0 0.889160 0.484375 0.018555 0.045139
0 0.354004 0.507812 0.018555 0.039931
0 0.388672 0.485243 0.015625 0.036458
0 0.408203 0.475694 0.013672 0.031250
0 0.429199 0.473090 0.012695 0.029514
0 0.454590 0.535590 0.016602 0.039931
0 0.463379 0.488715 0.010742 0.029514
0 0.484863 0.510417 0.012695 0.027778
0 0.511230 0.488715 0.010742 0.022569
0 0.519043 0.528646 0.016602 0.036458
0 0.532227 0.578993 0.017578 0.032986
0 0.564941 0.472222 0.012695 0.038194
0 0.284180 0.752604 0.027344 0.067708
0 0.462402 0.784722 0.022461 0.062500
0 0.629883 0.399306 0.042969 0.121528
0 0.707520 0.519965 0.018555 0.039931
0 0.923340 0.494792 0.022461 0.041667
0 0.948242 0.473958 0.029297 0.062500
0 0.146973 0.517361 0.010742 0.027778
0 0.254395 0.526910 0.014648 0.039931
0 0.135254 0.500000 0.006836 0.027778
0 0.166016 0.524306 0.009766 0.020833
0 0.193848 0.500000 0.008789 0.017361
0 0.153809 0.500000 0.006836 0.020833
0 0.183105 0.518229 0.006836 0.012153
0 0.209473 0.526042 0.022461 0.045139
0 0.227539 0.500868 0.009766 0.022569
0 0.274414 0.532118 0.017578 0.043403
0 0.305664 0.509549 0.011719 0.026042
0 0.325684 0.513021 0.008789 0.022569
0 0.327637 0.492188 0.008789 0.015625
0 0.790039 0.492188 0.013672 0.032986
0 0.768555 0.648438 0.021484 0.039931
