0 0.509277 0.073486 0.090820 0.062012
0 0.621582 0.099365 0.071289 0.034668
0 0.189941 0.243408 0.041992 0.024902
0 0.844727 0.068604 0.070312 0.049316
0 0.720215 0.289795 0.153320 0.088379
0 0.159668 0.750244 0.022461 0.008301
0 0.166016 0.743408 0.027344 0.014160
0 0.337402 0.713623 0.038086 0.026855
0 0.397949 0.696289 0.045898 0.032227
0 0.203125 0.864502 0.048828 0.034668
0 0.103516 0.902832 0.052734 0.027344
0 0.353027 0.870605 0.047852 0.030273
0 0.414551 0.894287 0.077148 0.055176
0 0.100098 0.853760 0.020508 0.011230
0 0.145508 0.854248 0.017578 0.011230
0 0.151855 0.847168 0.018555 0.012695
0 0.182129 0.836182 0.012695 0.007324
0 0.287109 0.880127 0.048828 0.031738
0 0.188477 0.936768 0.048828 0.050293
0 0.507812 0.520508 0.029297 0.024414
0 0.649902 0.550537 0.045898 0.031738
0 0.693848 0.551758 0.034180 0.025391
0 0.749023 0.568604 0.050781 0.030762
0 0.822754 0.558594 0.041992 0.029297
0 0.856934 0.560791 0.034180 0.025879
0 0.831543 0.577148 0.053711 0.037109
0 0.902832 0.583496 0.049805 0.030273
0 0.596680 0.726074 0.021484 0.013672
0 0.610840 0.727539 0.018555 0.011719
0 0.662598 0.715820 0.018555 0.011719
0 0.729004 0.692383 0.041992 0.034180
0 0.791992 0.711182 0.021484 0.014160
0 0.829590 0.695801 0.026367 0.016602
0 0.817871 0.671631 0.022461 0.009277
0 0.864258 0.694336 0.021484 0.015625
0 0.883301 0.692871 0.012695 0.007812
0 0.915527 0.681885 0.026367 0.017090
0 0.959961 0.680420 0.007812 0.016113
0 0.895020 0.911621 0.008789 0.006836
0 0.912109 0.909912 0.007812 0.007324
0 0.609863 0.864014 0.024414 0.017090
0 0.626953 0.860840 0.029297 0.022461
0 0.118164 0.852295 0.013672 0.010254
0 0.261719 0.457275 0.003906 0.003418
0 0.201660 0.411865 0.004883 0.003418
0 0.262207 0.417725 0.002930 0.002441
0 0.235840 0.405518 0.004883 0.003418
0 0.105957 0.521973 0.012695 0.010742
0 0.877930 0.569580 0.029297 0.017090
0 0.930664 0.688477 0.017578 0.009766
0 0.157715 0.557129 0.010742 0.008789
0 0.040039 0.536133 0.015625 0.008789
0 0.452637 0.550049 0.008789 0.005371
