0 0.030273 0.396694 0.033203 0.055096
0 0.244141 0.342287 0.029297 0.042700
0 0.214355 0.438705 0.032227 0.039945
0 0.501953 0.241736 0.025391 0.037190
0 0.720215 0.414601 0.026367 0.049587
0 0.644531 0.401515 0.027344 0.050964
0 0.671875 0.365702 0.025391 0.053719
0 0.959961 0.358127 0.029297 0.052342
0 0.368652 0.287879 0.014648 0.022039
0 0.436035 0.256198 0.014648 0.024793
0 0.525879 0.477961 0.026367 0.052342
0 0.246094 0.590220 0.056641 0.056474
0 0.423828 0.661157 0.037109 0.035813
0 0.690918 0.414601 0.030273 0.035813
