0 0.496582 0.332111 0.026367 0.045455
0 0.821289 0.521994 0.007812 0.014663
0 0.919922 0.521994 0.005859 0.011730
0 0.939453 0.520528 0.005859 0.011730
0 0.966309 0.551320 0.004883 0.011730
0 0.991699 0.557918 0.006836 0.013196
0 0.042480 0.563050 0.008789 0.023460
0 0.064453 0.563783 0.009766 0.019062
0 0.897461 0.568915 0.005859 0.014663
0 0.915527 0.576979 0.004883 0.010264
0 0.859863 0.516862 0.006836 0.010264
0 0.874023 0.565249 0.005859 0.010264
0 0.877930 0.560117 0.005859 0.011730
0 0.984375 0.513930 0.005859 0.010264
0 0.985352 0.543255 0.003906 0.010264
0 0.905762 0.519062 0.004883 0.008798
