0 0.155762 0.210938 0.022461 0.203125
0 0.185059 0.265625 0.008789 0.054688
0 0.248047 0.167969 0.021484 0.117188
0 0.356934 0.283203 0.008789 0.042969
0 0.367188 0.267578 0.005859 0.042969
0 0.396484 0.244141 0.013672 0.082031
0 0.419922 0.214844 0.013672 0.093750
0 0.474121 0.281250 0.014648 0.093750
0 0.483398 0.308594 0.013672 0.085938
0 0.531738 0.160156 0.020508 0.109375
0 0.436523 0.205078 0.015625 0.074219
0 0.639160 0.273438 0.032227 0.148438
0 0.714844 0.253906 0.027344 0.164062
0 0.454102 0.226562 0.015625 0.070312
0 0.590332 0.224609 0.024414 0.113281
