0 0.185547 0.511472 0.021484 0.066922
0 0.226074 0.477055 0.016602 0.051625
0 0.279297 0.494264 0.017578 0.043977
0 0.314453 0.445507 0.013672 0.038241
0 0.345215 0.499044 0.016602 0.049713
0 0.413086 0.445507 0.017578 0.045889
0 0.443359 0.496176 0.017578 0.059273
0 0.569336 0.512428 0.021484 0.068834
0 0.613281 0.480880 0.017578 0.051625
0 0.666504 0.497132 0.016602 0.049713
0 0.704102 0.450287 0.015625 0.040153
0 0.801758 0.450287 0.015625 0.047801
0 0.830078 0.503824 0.019531 0.059273
0 0.732422 0.501912 0.017578 0.051625
