0 0.144043 0.414348 0.008789 0.014641
0 0.085938 0.409956 0.007812 0.017570
0 0.104980 0.446559 0.010742 0.020498
0 0.120605 0.456076 0.010742 0.016105
0 0.056641 0.464129 0.009766 0.020498
0 0.163574 0.470717 0.012695 0.021962
0 0.062012 0.501464 0.014648 0.030747
0 0.126465 0.494876 0.010742 0.023426
0 0.104004 0.724012 0.040039 0.068814
0 0.301270 0.544656 0.018555 0.032211
0 0.301270 0.497072 0.010742 0.027818
0 0.331055 0.486091 0.011719 0.029283
0 0.384277 0.535871 0.014648 0.029283
0 0.199219 0.481698 0.009766 0.020498
0 0.045898 0.453880 0.013672 0.023426
0 0.369629 0.498536 0.010742 0.027818
0 0.485840 0.493411 0.020508 0.040996
0 0.526855 0.552709 0.016602 0.036603
0 0.541504 0.499268 0.008789 0.023426
0 0.556152 0.531479 0.014648 0.029283
0 0.520020 0.510249 0.014648 0.021962
0 0.635254 0.483163 0.022461 0.055637
0 0.731934 0.474378 0.018555 0.049780
0 0.761230 0.524158 0.014648 0.026354
0 0.919922 0.584919 0.011719 0.027818
0 0.010742 0.439971 0.013672 0.021962
0 0.072754 0.462665 0.008789 0.017570
0 0.285156 0.469985 0.009766 0.023426
0 0.264160 0.483895 0.010742 0.024890
