0 0.023926 0.718750 0.047852 0.088542
0 0.442871 0.642578 0.102539 0.152344
0 0.515137 0.528646 0.055664 0.096354
0 0.520508 0.380859 0.041016 0.074219
0 0.453613 0.316406 0.043945 0.065104
0 0.529785 0.273438 0.036133 0.062500
0 0.407227 0.257161 0.031250 0.050781
0 0.357910 0.212240 0.028320 0.039062
0 0.252930 0.182943 0.021484 0.032552
0 0.303223 0.166016 0.020508 0.029948
0 0.356934 0.156250 0.016602 0.028646
0 0.158203 0.225911 0.017578 0.032552
0 0.258301 0.287760 0.040039 0.067708
0 0.492188 0.154297 0.015625 0.027344
0 0.052246 0.186198 0.018555 0.031250
0 0.060059 0.245443 0.018555 0.035156
0 0.585938 0.205078 0.021484 0.037760
0 0.639648 0.143229 0.013672 0.026042
0 0.548340 0.135417 0.012695 0.018229
0 0.512695 0.133464 0.013672 0.022135
0 0.738770 0.126302 0.014648 0.020833
0 0.858398 0.462240 0.050781 0.075521
0 0.838379 0.785156 0.116211 0.197917
0 0.883789 0.284505 0.039062 0.063802
0 0.872070 0.151693 0.033203 0.061198
0 0.848633 0.246745 0.023438 0.032552
0 0.815430 0.159505 0.017578 0.019531
0 0.947266 0.173828 0.019531 0.035156
0 0.625488 0.210938 0.020508 0.036458
