0 0.449219 0.450521 0.046875 0.070312
0 0.190430 0.340495 0.070312 0.126302
0 0.069824 0.287109 0.022461 0.032552
0 0.028809 0.309896 0.016602 0.026042
0 0.014160 0.279948 0.014648 0.023438
0 0.266602 0.325521 0.033203 0.044271
0 0.684570 0.372396 0.041016 0.067708
0 0.554688 0.403646 0.021484 0.036458
0 0.455566 0.317708 0.026367 0.046875
0 0.413086 0.326823 0.015625 0.023438
0 0.313477 0.339844 0.015625 0.023438
0 0.303223 0.374349 0.018555 0.029948
0 0.359375 0.287760 0.015625 0.023438
0 0.317383 0.283203 0.011719 0.016927
0 0.493164 0.291016 0.019531 0.032552
0 0.549805 0.345052 0.009766 0.018229
0 0.589844 0.287109 0.017578 0.027344
0 0.405273 0.277344 0.015625 0.026042
0 0.532227 0.285156 0.011719 0.020833
0 0.790527 0.599609 0.028320 0.061198
0 0.830566 0.563802 0.036133 0.052083
0 0.895020 0.351562 0.018555 0.031250
0 0.815430 0.298828 0.021484 0.042969
0 0.716797 0.307943 0.015625 0.032552
0 0.743164 0.294922 0.013672 0.022135
0 0.614746 0.288411 0.010742 0.019531
0 0.958984 0.317708 0.017578 0.028646
0 0.843750 0.304036 0.017578 0.027344
0 0.897949 0.283854 0.010742 0.015625
0 0.833984 0.264974 0.007812 0.014323
0 0.782227 0.253255 0.007812 0.011719
0 0.731445 0.270182 0.007812 0.011719
