0 0.561523 0.075624 0.074219 0.057269
0 0.655762 0.803231 0.024414 0.041116
0 0.555664 0.811307 0.021484 0.036711
0 0.443848 0.765786 0.022461 0.030837
0 0.365723 0.798825 0.022461 0.038179
0 0.490723 0.694567 0.024414 0.038179
0 0.407715 0.682819 0.022461 0.038179
0 0.364258 0.747430 0.021484 0.029369
0 0.281738 0.689427 0.024414 0.042584
0 0.279297 0.753304 0.021484 0.044053
0 0.083984 0.741557 0.023438 0.038179
0 0.074219 0.602056 0.021484 0.038179
0 0.013184 0.668869 0.022461 0.045521
0 0.532715 0.540382 0.020508 0.044053
0 0.493164 0.558737 0.027344 0.036711
0 0.375000 0.535977 0.023438 0.044053
0 0.057129 0.473568 0.020508 0.039648
0 0.218262 0.325257 0.020508 0.036711
0 0.295410 0.310573 0.020508 0.033774
0 0.159180 0.315712 0.019531 0.029369
0 0.131836 0.248164 0.017578 0.026432
0 0.183105 0.200441 0.018555 0.039648
0 0.130371 0.135095 0.016602 0.032305
0 0.056641 0.124816 0.017578 0.026432
0 0.163086 0.090308 0.015625 0.027900
0 0.228516 0.085169 0.013672 0.026432
0 0.263672 0.187225 0.017578 0.033774
0 0.286133 0.141703 0.013672 0.027900
0 0.378418 0.323789 0.016602 0.045521
0 0.409668 0.055066 0.016602 0.030837
0 0.230469 0.254038 0.019531 0.038179
0 0.908203 0.685756 0.021484 0.038179
0 0.861328 0.635095 0.017578 0.027900
0 0.867188 0.538913 0.015625 0.032305
0 0.932129 0.547724 0.020508 0.038179
0 0.971191 0.491924 0.020508 0.032305
0 0.944336 0.331131 0.017578 0.030837
0 0.902344 0.473568 0.023438 0.033774
0 0.335938 0.198972 0.019531 0.036711
0 0.701172 0.076358 0.015625 0.035242
0 0.724609 0.074890 0.017578 0.026432
0 0.717285 0.027900 0.018555 0.026432
0 0.652832 0.023495 0.016602 0.029369
0 0.197754 0.726872 0.018555 0.035242
0 0.775391 0.757709 0.015625 0.038179
0 0.885742 0.782673 0.025391 0.041116
