0 0.100098 0.385582 0.034180 0.059524
0 0.191895 0.378307 0.034180 0.050265
0 0.202637 0.335317 0.030273 0.041005
0 0.276855 0.371032 0.028320 0.046296
0 0.296387 0.335979 0.024414 0.042328
0 0.353516 0.386905 0.027344 0.043651
0 0.360840 0.339286 0.024414 0.041005
0 0.437500 0.346561 0.027344 0.050265
0 0.510742 0.353175 0.027344 0.044974
0 0.541504 0.302910 0.028320 0.047619
0 0.594727 0.357143 0.029297 0.047619
0 0.630371 0.318122 0.030273 0.046296
0 0.699707 0.317460 0.032227 0.050265
0 0.791016 0.328042 0.033203 0.052910
0 0.873047 0.310847 0.041016 0.063492
