0 0.177734 0.352092 0.039062 0.054834
0 0.550293 0.441558 0.041992 0.051948
0 0.389648 0.545455 0.056641 0.046176
0 0.391602 0.875180 0.039062 0.041847
0 0.917969 0.359307 0.046875 0.057720
0 0.555176 0.266234 0.014648 0.033189
0 0.606445 0.261183 0.017578 0.031746
0 0.654297 0.339827 0.019531 0.033189
0 0.649414 0.434343 0.023438 0.040404
0 0.722656 0.251082 0.015625 0.031746
0 0.725586 0.409091 0.019531 0.033189
0 0.739746 0.463203 0.020508 0.034632
0 0.779297 0.253968 0.017578 0.031746
0 0.833496 0.284271 0.014648 0.025974
0 0.893555 0.254690 0.017578 0.033189
0 0.974121 0.243867 0.016602 0.031746
0 0.977051 0.397547 0.018555 0.041847
0 0.415039 0.424964 0.017578 0.036075
0 0.007812 0.282107 0.015625 0.027417
0 0.911133 0.327561 0.017578 0.031746
