0 0.952148 0.263177 0.007812 0.009517
0 0.916504 0.270498 0.008789 0.009517
0 0.510742 0.168009 0.044922 0.041728
0 0.266602 0.398975 0.048828 0.040996
0 0.357422 0.389458 0.042969 0.040996
0 0.666016 0.378477 0.042969 0.040996
0 0.731445 0.407028 0.046875 0.042460
0 0.594238 0.506223 0.049805 0.043192
0 0.501465 0.510981 0.051758 0.040996
0 0.403320 0.509517 0.048828 0.043924
0 0.226074 0.596633 0.055664 0.046852
0 0.379883 0.590776 0.058594 0.051245
0 0.524414 0.706076 0.058594 0.054905
0 0.659668 0.609444 0.057617 0.051977
0 0.754395 0.616032 0.057617 0.047584
