0 0.206055 0.214076 0.013672 0.020528
0 0.411621 0.056452 0.018555 0.036657
0 0.458008 0.046921 0.017578 0.032258
0 0.439453 0.156158 0.015625 0.027859
0 0.523438 0.065249 0.015625 0.024927
0 0.571289 0.137097 0.015625 0.030792
0 0.564941 0.063783 0.014648 0.021994
0 0.583008 0.030792 0.015625 0.023460
0 0.591797 0.069648 0.013672 0.019062
0 0.659180 0.059384 0.013672 0.024927
0 0.683105 0.080645 0.014648 0.023460
0 0.729492 0.074047 0.015625 0.019062
0 0.764160 0.170088 0.016602 0.026393
0 0.458984 0.090176 0.013672 0.027859
0 0.488281 0.123167 0.013672 0.026393
0 0.895020 0.046188 0.014648 0.027859
0 0.957520 0.062317 0.012695 0.024927
0 0.021973 0.433284 0.028320 0.045455
0 0.884277 0.531525 0.043945 0.077713
0 0.725586 0.501466 0.041016 0.079179
0 0.583984 0.512463 0.044922 0.074780
0 0.398926 0.505865 0.041992 0.073314
0 0.260254 0.527126 0.041992 0.071848
0 0.116211 0.543255 0.044922 0.074780
0 0.988770 0.489003 0.022461 0.045455
0 0.931641 0.497067 0.023438 0.041056
0 0.813965 0.540323 0.020508 0.036657
0 0.765137 0.511730 0.020508 0.026393
0 0.931152 0.453079 0.020508 0.035191
0 0.919922 0.314516 0.019531 0.033724
0 0.771973 0.324780 0.018555 0.036657
0 0.755371 0.271261 0.016602 0.032258
0 0.864746 0.249267 0.016602 0.032258
0 0.782227 0.204545 0.021484 0.027859
0 0.729980 0.240469 0.018555 0.029326
0 0.706543 0.374633 0.016602 0.030792
0 0.651367 0.283724 0.019531 0.036657
0 0.695312 0.435484 0.019531 0.029326
0 0.615723 0.418622 0.018555 0.036657
0 0.551270 0.428152 0.018555 0.032258
0 0.785645 0.034457 0.022461 0.033724
0 0.160645 0.254399 0.018555 0.036657
0 0.331543 0.580645 0.018555 0.032258
0 0.335938 0.531525 0.023438 0.045455
0 0.417480 0.453079 0.018555 0.032258
0 0.205078 0.513196 0.023438 0.046921
0 0.234863 0.442815 0.022461 0.043988
0 0.189453 0.459677 0.025391 0.045455
0 0.118164 0.465543 0.019531 0.033724
0 0.088867 0.480205 0.023438 0.036657
0 0.091309 0.358504 0.016602 0.036657
0 0.177246 0.336510 0.020508 0.036657
0 0.065918 0.298387 0.018555 0.033724
0 0.155762 0.442082 0.016602 0.036657
0 0.315918 0.424487 0.018555 0.036657
0 0.339844 0.271994 0.019531 0.027859
0 0.237305 0.327713 0.019531 0.036657
0 0.107910 0.229472 0.018555 0.042522
0 0.069336 0.056452 0.017578 0.030792
0 0.127441 0.039589 0.012695 0.023460
0 0.191406 0.062317 0.015625 0.021994
0 0.233398 0.045455 0.013672 0.023460
0 0.256836 0.035924 0.017578 0.024927
0 0.315430 0.030792 0.015625 0.029326
0 0.291504 0.212610 0.018555 0.035191
0 0.476074 0.497801 0.016602 0.033724
0 0.513672 0.538856 0.019531 0.039589
0 0.674805 0.516129 0.017578 0.032258
0 0.656250 0.565982 0.019531 0.038123
0 0.457520 0.370968 0.016602 0.032258
0 0.446777 0.324047 0.018555 0.029326
0 0.460449 0.297654 0.016602 0.026393
0 0.397949 0.313050 0.016602 0.030792
0 0.434570 0.263930 0.013672 0.032258
0 0.452637 0.245601 0.016602 0.027859
