0 0.414062 0.467041 0.031250 0.053296
0 0.402832 0.396914 0.028320 0.042076
0 0.416504 0.356942 0.024414 0.040673
0 0.471680 0.380785 0.025391 0.040673
0 0.441895 0.302244 0.022461 0.032258
0 0.394531 0.279804 0.025391 0.043478
0 0.393555 0.184432 0.019531 0.032258
0 0.392090 0.117111 0.022461 0.037868
0 0.456055 0.102384 0.021484 0.039271
0 0.528320 0.091164 0.021484 0.042076
0 0.595215 0.092567 0.020508 0.039271
0 0.676270 0.082048 0.024414 0.043478
0 0.750977 0.090463 0.023438 0.037868
0 0.500977 0.276999 0.025391 0.040673
0 0.425781 0.183731 0.019531 0.039271
0 0.541016 0.230715 0.025391 0.040673
0 0.602539 0.276999 0.025391 0.043478
0 0.629395 0.245442 0.020508 0.039271
0 0.538086 0.334502 0.027344 0.040673
0 0.517578 0.408135 0.025391 0.042076
0 0.546387 0.447405 0.026367 0.044881
0 0.583984 0.408836 0.023438 0.043478
0 0.616211 0.420056 0.027344 0.040673
0 0.601562 0.514025 0.031250 0.046283
0 0.662598 0.441795 0.030273 0.047686
0 0.667480 0.322581 0.024414 0.042076
0 0.711914 0.455820 0.035156 0.061711
0 0.740723 0.324684 0.028320 0.046283
0 0.164062 0.415849 0.031250 0.046283
0 0.210449 0.528050 0.034180 0.057504
0 0.237793 0.357644 0.024414 0.042076
0 0.253906 0.284011 0.025391 0.037868
0 0.291504 0.274895 0.024414 0.039271
0 0.331543 0.266480 0.026367 0.036466
0 0.304688 0.191445 0.021484 0.032258
0 0.314941 0.366059 0.022461 0.036466
0 0.328613 0.483170 0.034180 0.049088
0 0.657227 0.593268 0.044922 0.070126
0 0.831543 0.536466 0.020508 0.040673
0 0.850586 0.313464 0.029297 0.046283
0 0.936523 0.326788 0.029297 0.044881
0 0.885742 0.456522 0.029297 0.046283
0 0.730957 0.286816 0.026367 0.043478
0 0.826660 0.059607 0.026367 0.046283
0 0.674316 0.250351 0.026367 0.046283
