0 0.162598 0.421669 0.028320 0.049780
0 0.247559 0.405564 0.028320 0.052709
0 0.321777 0.374817 0.028320 0.061493
0 0.421875 0.350659 0.027344 0.054173
0 0.520996 0.358712 0.030273 0.055637
0 0.608887 0.391654 0.030273 0.057101
0 0.680664 0.421669 0.029297 0.052709
0 0.758301 0.425329 0.028320 0.051245
0 0.833496 0.437042 0.026367 0.054173
0 0.217773 0.601757 0.031250 0.052709
0 0.298340 0.583455 0.026367 0.042460
0 0.357910 0.587116 0.028320 0.049780
0 0.446777 0.581259 0.030273 0.052709
0 0.527832 0.579795 0.030273 0.055637
0 0.599609 0.584187 0.029297 0.055637
0 0.685547 0.602489 0.027344 0.051245
0 0.776855 0.605417 0.028320 0.051245
