0 0.548340 0.761347 0.014648 0.032211
0 0.540527 0.685944 0.010742 0.024890
0 0.549805 0.638360 0.011719 0.020498
0 0.305176 0.639092 0.010742 0.019034
0 0.656738 0.767204 0.014648 0.020498
0 0.688965 0.762811 0.012695 0.023426
0 0.719727 0.765007 0.011719 0.021962
0 0.987793 0.638360 0.012695 0.020498
0 0.981445 0.616398 0.011719 0.017570
0 0.996582 0.732064 0.006836 0.032211
0 0.992676 0.487555 0.010742 0.023426
0 0.209473 0.761347 0.006836 0.017570
0 0.849609 0.754026 0.013672 0.026354
0 0.705566 0.491947 0.008789 0.020498
0 0.725586 0.502196 0.009766 0.020498
0 0.731934 0.541728 0.012695 0.023426
0 0.744141 0.576135 0.009766 0.016105
0 0.852539 0.425329 0.007812 0.019034
0 0.881348 0.725476 0.012695 0.027818
0 0.916016 0.693997 0.013672 0.026354
0 0.930176 0.725476 0.014648 0.027818
0 0.910645 0.761347 0.014648 0.023426
0 0.956055 0.765007 0.015625 0.024890
0 0.977051 0.727672 0.012695 0.023426
0 0.953125 0.689605 0.011719 0.023426
0 0.937988 0.658126 0.012695 0.027818
0 0.908691 0.663982 0.012695 0.021962
0 0.897949 0.588580 0.012695 0.023426
0 0.919922 0.583455 0.011719 0.021962
0 0.926270 0.549048 0.010742 0.014641
0 0.954102 0.532943 0.013672 0.023426
0 0.922363 0.483895 0.010742 0.016105
0 0.964844 0.631040 0.011719 0.026354
0 0.754395 0.458272 0.010742 0.011713
0 0.715332 0.448755 0.012695 0.016105
0 0.800781 0.571742 0.009766 0.019034
0 0.405273 0.647877 0.017578 0.039531
0 0.359375 0.385066 0.039062 0.070278
0 0.476074 0.341874 0.043945 0.077599
0 0.586426 0.351391 0.040039 0.073206
0 0.047852 0.622255 0.009766 0.017570
0 0.115723 0.634700 0.008789 0.016105
0 0.151367 0.638360 0.005859 0.014641
0 0.014160 0.652269 0.008789 0.019034
0 0.700684 0.614202 0.010742 0.019034
0 0.682617 0.535139 0.011719 0.019034
0 0.663574 0.495608 0.010742 0.021962
0 0.058594 0.655930 0.011719 0.017570
0 0.088379 0.668375 0.008789 0.016105
0 0.113770 0.666911 0.006836 0.010249
0 0.124023 0.683748 0.009766 0.014641
0 0.146484 0.684480 0.009766 0.019034
0 0.183594 0.666179 0.011719 0.020498
0 0.106445 0.707906 0.011719 0.021962
0 0.217285 0.639092 0.010742 0.021962
0 0.229980 0.693265 0.010742 0.021962
0 0.270020 0.645681 0.010742 0.014641
0 0.197266 0.661054 0.009766 0.019034
0 0.006836 0.734261 0.007812 0.016105
0 0.028809 0.718887 0.014648 0.029283
0 0.068848 0.707174 0.010742 0.020498
0 0.149414 0.713031 0.011719 0.017570
0 0.286621 0.705710 0.014648 0.026354
0 0.278320 0.688873 0.009766 0.021962
0 0.316895 0.695461 0.010742 0.020498
0 0.428711 0.710835 0.013672 0.030747
0 0.523926 0.766471 0.010742 0.024890
