0 0.159180 0.703608 0.044922 0.048454
0 0.240723 0.704124 0.043945 0.049485
0 0.370117 0.691237 0.041016 0.052577
0 0.492188 0.695876 0.041016 0.049485
0 0.604004 0.681959 0.045898 0.046392
0 0.715820 0.667010 0.042969 0.047423
0 0.848145 0.658247 0.040039 0.044330
0 0.115723 0.435052 0.043945 0.051546
0 0.223145 0.443299 0.045898 0.049485
0 0.333008 0.419072 0.044922 0.054639
0 0.421875 0.438660 0.044922 0.058763
0 0.513672 0.425773 0.039062 0.047423
0 0.604492 0.398454 0.042969 0.046392
0 0.708496 0.413402 0.043945 0.055670
0 0.784668 0.414433 0.041992 0.049485
0 0.176758 0.351031 0.037109 0.042268
0 0.239746 0.322680 0.032227 0.043299
0 0.324219 0.333505 0.039062 0.044330
0 0.375488 0.340206 0.038086 0.047423
0 0.425293 0.321649 0.038086 0.047423
0 0.510254 0.341237 0.032227 0.039175
0 0.559082 0.314433 0.036133 0.049485
0 0.617676 0.312887 0.034180 0.044330
0 0.676270 0.331959 0.036133 0.051546
0 0.750488 0.305670 0.036133 0.048454
0 0.284668 0.242268 0.034180 0.037113
0 0.352051 0.232474 0.036133 0.044330
0 0.417480 0.222165 0.032227 0.040206
0 0.498535 0.225258 0.034180 0.044330
0 0.577148 0.230928 0.033203 0.039175
0 0.658203 0.218557 0.035156 0.043299
0 0.739746 0.245876 0.034180 0.042268
