0 0.063477 0.573830 0.027344 0.051170
0 0.104980 0.668129 0.030273 0.055556
0 0.166504 0.600877 0.022461 0.049708
0 0.020996 0.777778 0.022461 0.049708
0 0.119629 0.779971 0.028320 0.048246
0 0.216797 0.766813 0.033203 0.048246
0 0.045898 0.371345 0.025391 0.040936
0 0.144043 0.383041 0.022461 0.038012
0 0.229980 0.372807 0.024414 0.043860
0 0.317383 0.368421 0.023438 0.040936
0 0.429199 0.366959 0.024414 0.043860
0 0.402344 0.444444 0.019531 0.035088
0 0.759277 0.395468 0.018555 0.030702
0 0.684082 0.384503 0.022461 0.040936
0 0.587402 0.385234 0.024414 0.039474
0 0.496094 0.191520 0.037109 0.073099
0 0.502930 0.600146 0.025391 0.045322
0 0.577148 0.603801 0.023438 0.040936
0 0.565430 0.769737 0.025391 0.045322
0 0.607422 0.886696 0.025391 0.045322
0 0.649902 0.875731 0.028320 0.052632
0 0.627930 0.829678 0.023438 0.036550
0 0.704590 0.896930 0.026367 0.045322
0 0.728516 0.785819 0.025391 0.045322
0 0.801270 0.846491 0.032227 0.061404
0 0.850098 0.886696 0.024414 0.042398
0 0.754883 0.663743 0.025391 0.052632
0 0.821289 0.744152 0.025391 0.052632
0 0.868652 0.669591 0.032227 0.055556
0 0.930664 0.744152 0.021484 0.038012
0 0.007812 0.713450 0.015625 0.032164
0 0.679199 0.461257 0.020508 0.039474
