0 0.189453 0.366364 0.013672 0.034545
0 0.356445 0.326364 0.015625 0.041818
0 0.453125 0.365455 0.019531 0.047273
0 0.493164 0.421818 0.025391 0.061818
0 0.459473 0.482727 0.028320 0.074545
0 0.374023 0.512727 0.029297 0.069091
0 0.323730 0.447273 0.022461 0.058182
0 0.307129 0.360000 0.014648 0.036364
0 0.380859 0.371818 0.013672 0.041818
0 0.587402 0.388182 0.020508 0.049091
0 0.852539 0.304545 0.011719 0.034545
0 0.021973 0.338182 0.012695 0.036364
0 0.074707 0.374545 0.014648 0.043636
0 0.873535 0.753636 0.075195 0.194545
0 0.257324 0.592727 0.043945 0.094545
0 0.286621 0.542727 0.034180 0.089091
0 0.269531 0.481818 0.025391 0.069091
0 0.291016 0.470000 0.023438 0.056364
0 0.169922 0.490909 0.023438 0.058182
0 0.648438 0.328182 0.007812 0.023636
0 0.694336 0.304545 0.007812 0.023636
0 0.021973 0.302727 0.012695 0.030909
0 0.167480 0.540909 0.028320 0.074545
0 0.137695 0.454545 0.019531 0.061818
0 0.196289 0.467273 0.023438 0.054545
0 0.245605 0.689091 0.053711 0.141818
0 0.328125 0.660000 0.041016 0.112727
0 0.083008 0.636364 0.044922 0.123636
0 0.038086 0.665455 0.066406 0.203636
0 0.031250 0.461818 0.021484 0.065455
0 0.494629 0.553636 0.040039 0.085455
0 0.554199 0.367273 0.014648 0.040000
0 0.510254 0.421818 0.016602 0.050909
0 0.499512 0.366364 0.016602 0.038182
0 0.564453 0.418182 0.021484 0.058182
0 0.610352 0.355455 0.021484 0.049091
0 0.666016 0.400909 0.019531 0.049091
0 0.609375 0.474545 0.027344 0.065455
0 0.632812 0.453636 0.027344 0.063636
0 0.695312 0.552727 0.050781 0.145455
0 0.733887 0.580909 0.034180 0.100000
0 0.829590 0.460000 0.055664 0.120000
0 0.756348 0.328182 0.012695 0.030909
0 0.787598 0.307273 0.014648 0.040000
0 0.711914 0.320000 0.013672 0.032727
0 0.580566 0.615455 0.043945 0.110909
0 0.865234 0.320909 0.017578 0.052727
0 0.905273 0.307273 0.013672 0.032727
0 0.944824 0.327273 0.016602 0.043636
0 0.444336 0.776364 0.070312 0.152727
0 0.808105 0.290000 0.008789 0.023636
0 0.773926 0.295455 0.012695 0.027273
0 0.780273 0.270000 0.009766 0.027273
0 0.964355 0.871818 0.071289 0.230909
0 0.154785 0.370000 0.018555 0.041818
