0 0.328613 0.667318 0.018555 0.042969
0 0.389160 0.585938 0.020508 0.049479
0 0.400879 0.641276 0.012695 0.029948
0 0.399902 0.249349 0.010742 0.029948
0 0.332520 0.270182 0.016602 0.027344
0 0.377441 0.235026 0.012695 0.029948
0 0.421387 0.251953 0.016602 0.027344
0 0.453125 0.294922 0.015625 0.027344
0 0.470215 0.302734 0.014648 0.024740
0 0.324219 0.108724 0.011719 0.022135
0 0.392578 0.101562 0.013672 0.023438
0 0.407715 0.115885 0.010742 0.018229
0 0.422363 0.114583 0.006836 0.018229
0 0.986816 0.602214 0.026367 0.058594
