0 0.232422 0.232877 0.005859 0.019925
0 0.229004 0.220423 0.012695 0.019925
0 0.270996 0.239103 0.010742 0.019925
0 0.303223 0.252179 0.010742 0.021171
0 0.298340 0.242217 0.008789 0.016189
0 0.279297 0.219178 0.007812 0.014944
0 0.362793 0.281445 0.014648 0.029888
0 0.381348 0.218555 0.006836 0.018680
0 0.399902 0.195517 0.020508 0.042341
0 0.087402 0.396638 0.051758 0.075965
0 0.238770 0.472603 0.090820 0.168120
0 0.576172 0.264010 0.029297 0.044832
0 0.598145 0.327522 0.036133 0.067248
0 0.649902 0.331880 0.057617 0.093400
0 0.432617 0.270859 0.033203 0.041096
0 0.482910 0.272727 0.022461 0.034869
0 0.404297 0.261519 0.013672 0.017435
0 0.780762 0.486924 0.081055 0.109589
0 0.896484 0.364259 0.056641 0.068493
0 0.704102 0.292653 0.019531 0.037360
0 0.759277 0.300125 0.028320 0.054795
0 0.882324 0.270237 0.018555 0.034869
0 0.910645 0.295143 0.026367 0.044832
