0 0.120605 0.178385 0.012695 0.020833
0 0.207031 0.198568 0.017578 0.029948
0 0.201172 0.231120 0.023438 0.040365
0 0.156738 0.199219 0.040039 0.067708
0 0.273438 0.252604 0.015625 0.054688
0 0.342773 0.212891 0.023438 0.045573
0 0.457031 0.235677 0.023438 0.041667
0 0.571777 0.179688 0.020508 0.033854
0 0.671387 0.277995 0.022461 0.045573
0 0.733887 0.261068 0.022461 0.053385
0 0.759277 0.326823 0.020508 0.046875
0 0.770508 0.313802 0.023438 0.052083
0 0.822266 0.295573 0.029297 0.096354
0 0.924805 0.307943 0.029297 0.063802
0 0.762695 0.664714 0.119141 0.201823
0 0.833496 0.514974 0.040039 0.113281
0 0.966309 0.522786 0.067383 0.160156
