0 0.416504 0.502193 0.006836 0.013158
0 0.386719 0.505117 0.007812 0.016082
0 0.382812 0.526316 0.009766 0.014620
0 0.338867 0.516082 0.007812 0.014620
0 0.314453 0.494152 0.007812 0.020468
0 0.446289 0.452485 0.007812 0.019006
0 0.493164 0.633772 0.017578 0.036550
0 0.125977 0.558480 0.013672 0.029240
0 0.236328 0.510234 0.007812 0.017544
0 0.043945 0.573830 0.013672 0.027778
0 0.032715 0.701023 0.034180 0.074561
0 0.551270 0.480263 0.006836 0.010234
0 0.543457 0.534357 0.018555 0.039474
0 0.577637 0.529240 0.010742 0.020468
0 0.586426 0.593567 0.020508 0.040936
0 0.721680 0.526316 0.011719 0.020468
0 0.783691 0.584795 0.010742 0.026316
0 0.825684 0.511696 0.008789 0.017544
0 0.916016 0.554825 0.011719 0.024854
0 0.973633 0.538743 0.013672 0.027778
0 0.986328 0.551170 0.013672 0.026316
