0 0.960449 0.283101 0.026367 0.064460
0 0.895508 0.308362 0.027344 0.062718
0 0.835449 0.310105 0.026367 0.062718
0 0.792480 0.362369 0.024414 0.062718
0 0.755371 0.401568 0.026367 0.043554
0 0.623535 0.325784 0.032227 0.048780
0 0.530762 0.302265 0.032227 0.074913
0 0.485352 0.350174 0.029297 0.066202
0 0.406738 0.358014 0.026367 0.064460
0 0.330566 0.322300 0.030273 0.066202
0 0.257812 0.343206 0.027344 0.073171
0 0.177734 0.333624 0.027344 0.071429
0 0.106934 0.341463 0.028320 0.066202
0 0.054688 0.358014 0.021484 0.060976
0 0.145020 0.127178 0.014648 0.031359
0 0.284668 0.311847 0.020508 0.045296
