0 0.885254 0.132504 0.024414 0.042460
0 0.957520 0.126647 0.032227 0.057101
0 0.991699 0.080527 0.016602 0.040996
0 0.966309 0.281113 0.028320 0.055637
0 0.940430 0.210835 0.025391 0.055637
0 0.886719 0.263543 0.027344 0.055637
0 0.844727 0.180088 0.031250 0.070278
0 0.846191 0.071010 0.026367 0.045388
0 0.788086 0.112006 0.027344 0.048316
0 0.761230 0.060029 0.024414 0.046852
0 0.730469 0.141288 0.027344 0.060029
0 0.707031 0.092240 0.029297 0.049780
0 0.664551 0.255490 0.026367 0.036603
0 0.720215 0.315520 0.036133 0.065886
0 0.784180 0.226940 0.025391 0.035139
0 0.628906 0.136896 0.031250 0.045388
0 0.532715 0.293558 0.030273 0.060029
0 0.572266 0.222548 0.029297 0.040996
0 0.465820 0.297950 0.050781 0.089312
0 0.228027 0.315520 0.041992 0.071742
0 0.271973 0.208638 0.024414 0.048316
0 0.195801 0.202782 0.024414 0.045388
0 0.399414 0.125915 0.025391 0.052709
0 0.008301 0.062958 0.016602 0.055637
