0 0.592773 0.186765 0.019531 0.038235
0 0.470703 0.360294 0.046875 0.070588
0 0.520508 0.204412 0.011719 0.017647
0 0.479492 0.208824 0.013672 0.017647
0 0.443848 0.201471 0.012695 0.020588
0 0.288086 0.191176 0.009766 0.020588
0 0.195312 0.179412 0.011719 0.023529
0 0.227539 0.152941 0.011719 0.023529
0 0.140625 0.144118 0.011719 0.023529
0 0.106445 0.183824 0.013672 0.017647
0 0.250977 0.122059 0.011719 0.020588
0 0.258301 0.181618 0.010742 0.019118
0 0.274414 0.155882 0.009766 0.020588
0 0.211914 0.127206 0.009766 0.016176
0 0.170898 0.072794 0.009766 0.019118
0 0.210938 0.075000 0.009766 0.014706
0 0.061035 0.085294 0.010742 0.023529
0 0.073730 0.198529 0.010742 0.017647
0 0.341309 0.029412 0.012695 0.020588
0 0.189941 0.038235 0.010742 0.023529
0 0.156738 0.033824 0.012695 0.023529
0 0.437988 0.137500 0.010742 0.022059
0 0.509277 0.147794 0.010742 0.022059
0 0.478516 0.140441 0.011719 0.019118
0 0.490723 0.110294 0.010742 0.017647
0 0.555176 0.208824 0.012695 0.020588
0 0.438965 0.076471 0.012695 0.020588
0 0.448730 0.040441 0.010742 0.019118
0 0.416504 0.043382 0.010742 0.016176
0 0.548828 0.141176 0.011719 0.020588
0 0.628906 0.098529 0.005859 0.014706
0 0.805176 0.131618 0.010742 0.019118
0 0.884766 0.200000 0.009766 0.020588
0 0.872070 0.248529 0.009766 0.014706
0 0.893555 0.152206 0.011719 0.022059
0 0.674316 0.061029 0.008789 0.019118
0 0.729492 0.095588 0.009766 0.017647
0 0.942871 0.180147 0.012695 0.025000
0 0.993652 0.238235 0.010742 0.023529
0 0.872559 0.105147 0.012695 0.025000
0 0.658691 0.211029 0.010742 0.016176
0 0.566895 0.166912 0.008789 0.016176
0 0.559082 0.105147 0.010742 0.019118
0 0.526855 0.096324 0.008789 0.013235
0 0.427734 0.210294 0.009766 0.017647
0 0.403809 0.141176 0.008789 0.020588
