0 0.672363 0.287701 0.041992 0.080527
0 0.789062 0.122255 0.035156 0.057101
0 0.753906 0.062225 0.029297 0.039531
0 0.689941 0.068814 0.024414 0.040996
0 0.497070 0.239385 0.048828 0.071742
0 0.438477 0.105417 0.031250 0.055637
0 0.496094 0.039531 0.031250 0.052709
0 0.618164 0.038799 0.023438 0.039531
0 0.522461 0.070278 0.027344 0.055637
0 0.266113 0.142020 0.036133 0.079063
0 0.273926 0.049780 0.036133 0.073206
0 0.384766 0.015373 0.031250 0.027818
0 0.313965 0.221083 0.034180 0.061493
0 0.216797 0.182284 0.037109 0.057101
0 0.118652 0.205710 0.034180 0.057101
0 0.083008 0.141288 0.039062 0.071742
0 0.012695 0.153734 0.023438 0.067350
0 0.742676 0.166911 0.026367 0.046852
0 0.838379 0.062225 0.020508 0.036603
0 0.862305 0.114934 0.019531 0.039531
0 0.563965 0.183016 0.022461 0.046852
0 0.145996 0.040996 0.030273 0.058565
0 0.230469 0.046120 0.021484 0.045388
0 0.582031 0.199854 0.019531 0.036603
0 0.554199 0.034407 0.024414 0.045388
0 0.660156 0.021962 0.027344 0.032211
0 0.694824 0.110542 0.022461 0.036603
0 0.957520 0.223280 0.024414 0.042460
