0 0.780762 0.363304 0.041992 0.062865
0 0.705566 0.278509 0.047852 0.086257
0 0.614258 0.241959 0.041016 0.071637
0 0.515137 0.224415 0.036133 0.080409
0 0.400879 0.383041 0.041992 0.067251
0 0.319336 0.388158 0.046875 0.092105
0 0.320312 0.174708 0.017578 0.033626
0 0.478027 0.179094 0.024414 0.036550
0 0.868164 0.278509 0.023438 0.048246
0 0.811035 0.199561 0.028320 0.054094
0 0.839844 0.160819 0.019531 0.026316
0 0.751953 0.168129 0.019531 0.029240
0 0.751465 0.248538 0.018555 0.055556
0 0.949707 0.211988 0.034180 0.049708
0 0.993652 0.163012 0.008789 0.030702
0 0.937500 0.105994 0.011719 0.021930
0 0.971680 0.081871 0.009766 0.020468
0 0.936035 0.076023 0.008789 0.017544
0 0.799316 0.138158 0.014648 0.024854
0 0.833984 0.101608 0.007812 0.019006
0 0.882812 0.119152 0.009766 0.019006
0 0.886230 0.097953 0.008789 0.011696
0 0.753906 0.120614 0.011719 0.019006
0 0.760254 0.102339 0.010742 0.023392
0 0.770996 0.094298 0.008789 0.013158
0 0.738281 0.112573 0.007812 0.014620
0 0.708008 0.104532 0.007812 0.016082
0 0.676270 0.115497 0.016602 0.026316
0 0.654297 0.100877 0.009766 0.017544
0 0.644043 0.099415 0.006836 0.020468
0 0.373047 0.142544 0.019531 0.036550
0 0.392578 0.122807 0.013672 0.026316
0 0.405762 0.143275 0.016602 0.029240
0 0.458496 0.169591 0.014648 0.029240
0 0.505859 0.099415 0.007812 0.011696
0 0.411133 0.110380 0.011719 0.019006
0 0.375488 0.097222 0.010742 0.016082
0 0.345703 0.105994 0.011719 0.021930
0 0.246094 0.106725 0.009766 0.017544
0 0.215332 0.172515 0.012695 0.032164
0 0.166992 0.213450 0.027344 0.049708
0 0.136719 0.222953 0.037109 0.062865
0 0.082520 0.244883 0.032227 0.048246
0 0.059570 0.176170 0.015625 0.033626
0 0.036621 0.127924 0.006836 0.021930
0 0.097168 0.108187 0.006836 0.014620
0 0.144531 0.103801 0.009766 0.017544
0 0.154297 0.116228 0.007812 0.019006
0 0.432617 0.119883 0.013672 0.026316
0 0.617676 0.096491 0.008789 0.017544
0 0.626953 0.100877 0.007812 0.014620
0 0.689941 0.099415 0.008789 0.020468
0 0.746094 0.084795 0.007812 0.014620
