0 0.858887 0.604268 0.030273 0.045122
0 0.749023 0.604268 0.027344 0.042683
0 0.634766 0.607317 0.029297 0.031707
0 0.531250 0.668902 0.035156 0.057317
0 0.437012 0.641463 0.030273 0.043902
0 0.353516 0.649390 0.031250 0.047561
0 0.261719 0.653659 0.031250 0.051220
0 0.912109 0.473171 0.027344 0.043902
0 0.812500 0.469512 0.027344 0.046341
0 0.723633 0.459146 0.027344 0.047561
0 0.627441 0.470122 0.026367 0.037805
0 0.528809 0.459756 0.026367 0.048780
0 0.412109 0.469512 0.027344 0.041463
0 0.315430 0.464634 0.027344 0.041463
0 0.250000 0.475000 0.027344 0.040244
0 0.168457 0.456098 0.028320 0.046341
0 0.085938 0.471951 0.031250 0.051220
