0 0.272461 0.215227 0.042969 0.090776
0 0.338379 0.153001 0.032227 0.060029
0 0.257324 0.040996 0.024414 0.049780
0 0.104492 0.061493 0.025391 0.046852
0 0.057617 0.260615 0.035156 0.061493
0 0.006836 0.253294 0.011719 0.067350
0 0.459961 0.163250 0.029297 0.051245
0 0.405762 0.161054 0.024414 0.046852
0 0.371094 0.060029 0.023438 0.064422
0 0.466797 0.044656 0.027344 0.042460
0 0.570801 0.188141 0.022461 0.045388
0 0.796387 0.060761 0.028320 0.054173
0 0.864258 0.126647 0.035156 0.048316
0 0.964355 0.117130 0.022461 0.032211
0 0.887695 0.027818 0.021484 0.035139
0 0.963867 0.034407 0.021484 0.036603
0 0.752441 0.110542 0.020508 0.027818
0 0.855957 0.345534 0.047852 0.073206
0 0.912109 0.233529 0.017578 0.036603
0 0.986328 0.289898 0.025391 0.035139
0 0.739258 0.260615 0.025391 0.040996
0 0.773926 0.158126 0.018555 0.029283
0 0.774414 0.279649 0.023438 0.029283
0 0.494629 0.171303 0.020508 0.035139
