0 0.965820 0.112554 0.068359 0.216450
0 0.860352 0.100289 0.013672 0.033189
0 0.872559 0.025974 0.012695 0.023088
0 0.834473 0.036797 0.012695 0.024531
0 0.852051 0.084416 0.016602 0.024531
0 0.860352 0.195527 0.017578 0.033189
0 0.884277 0.167388 0.016602 0.023088
0 0.905762 0.212843 0.014648 0.027417
0 0.921387 0.177489 0.012695 0.023088
0 0.900391 0.137807 0.011719 0.027417
0 0.812012 0.230159 0.014648 0.021645
0 0.836426 0.255411 0.014648 0.028860
0 0.772949 0.215729 0.014648 0.033189
0 0.756348 0.113997 0.012695 0.025974
0 0.748535 0.052670 0.012695 0.018759
0 0.779297 0.078644 0.011719 0.018759
0 0.789551 0.063492 0.008789 0.020202
0 0.791016 0.018038 0.015625 0.021645
0 0.743164 0.204906 0.011719 0.023088
0 0.729980 0.168110 0.012695 0.021645
0 0.773438 0.125541 0.015625 0.031746
0 0.822266 0.068543 0.013672 0.021645
0 0.786621 0.162338 0.012695 0.024531
0 0.812012 0.158009 0.012695 0.027417
0 0.830566 0.162338 0.010742 0.024531
0 0.751953 0.251082 0.013672 0.028860
0 0.707520 0.209957 0.010742 0.021645
0 0.683594 0.268398 0.011719 0.028860
0 0.655273 0.276335 0.041016 0.082251
0 0.660156 0.181818 0.013672 0.025974
0 0.699219 0.148629 0.015625 0.023088
0 0.692871 0.097403 0.012695 0.024531
0 0.679199 0.057720 0.010742 0.023088
0 0.706055 0.063492 0.009766 0.020202
0 0.606445 0.138528 0.013672 0.023088
0 0.582031 0.154401 0.011719 0.028860
0 0.577148 0.121934 0.011719 0.021645
0 0.611816 0.108947 0.010742 0.021645
0 0.543945 0.170996 0.013672 0.024531
0 0.594238 0.283550 0.014648 0.036075
0 0.572266 0.259019 0.015625 0.027417
0 0.562012 0.195527 0.012695 0.024531
0 0.589844 0.192641 0.015625 0.027417
0 0.619629 0.175325 0.010742 0.024531
0 0.539551 0.261183 0.012695 0.034632
0 0.621094 0.223665 0.013672 0.028860
0 0.692383 0.305195 0.013672 0.024531
0 0.802734 0.292929 0.013672 0.023088
0 0.509277 0.185426 0.010742 0.024531
0 0.475098 0.279221 0.032227 0.062049
0 0.507812 0.307359 0.013672 0.028860
0 0.499512 0.084416 0.010742 0.021645
0 0.492188 0.111111 0.009766 0.017316
0 0.485352 0.093795 0.009766 0.017316
0 0.427246 0.240981 0.010742 0.023088
0 0.377930 0.253968 0.011719 0.023088
0 0.355957 0.298701 0.026367 0.051948
0 0.448242 0.286436 0.023438 0.047619
0 0.405762 0.111833 0.012695 0.021645
0 0.490723 0.031746 0.008789 0.017316
0 0.574219 0.090909 0.009766 0.020202
0 0.480469 0.173882 0.011719 0.024531
0 0.387695 0.205628 0.009766 0.018759
0 0.389160 0.165224 0.010742 0.024531
0 0.403320 0.142857 0.011719 0.023088
0 0.438477 0.081530 0.011719 0.024531
0 0.445312 0.047619 0.007812 0.020202
0 0.347656 0.126263 0.009766 0.018759
0 0.365234 0.108225 0.007812 0.017316
0 0.386719 0.084416 0.009766 0.018759
0 0.403320 0.070707 0.009766 0.014430
0 0.396973 0.036075 0.008789 0.020202
0 0.515137 0.055556 0.010742 0.015873
0 0.424805 0.200577 0.011719 0.017316
0 0.337891 0.207792 0.011719 0.025974
0 0.417480 0.277778 0.012695 0.027417
0 0.396973 0.273449 0.010742 0.021645
0 0.608398 0.316739 0.011719 0.027417
0 0.585449 0.028139 0.008789 0.015873
0 0.489258 0.057720 0.011719 0.017316
0 0.849121 0.031746 0.008789 0.020202
0 0.729492 0.253968 0.011719 0.025974
0 0.276855 0.338384 0.024414 0.041847
0 0.184570 0.336941 0.019531 0.036075
0 0.131836 0.331169 0.017578 0.033189
0 0.080078 0.312410 0.019531 0.033189
0 0.207031 0.313131 0.009766 0.025974
0 0.267578 0.279221 0.007812 0.021645
0 0.261719 0.311688 0.007812 0.025974
0 0.302246 0.277056 0.008789 0.023088
0 0.311523 0.303030 0.011719 0.023088
0 0.305664 0.197691 0.011719 0.017316
0 0.329102 0.160173 0.009766 0.017316
0 0.226562 0.243867 0.011719 0.023088
0 0.185059 0.222944 0.014648 0.024531
0 0.187500 0.199856 0.009766 0.018759
0 0.204102 0.159452 0.009766 0.012987
0 0.251953 0.217893 0.009766 0.020202
0 0.252441 0.202020 0.008789 0.017316
0 0.301270 0.252525 0.008789 0.020202
0 0.297363 0.159452 0.008789 0.021645
0 0.258301 0.252525 0.010742 0.017316
0 0.479980 0.196248 0.010742 0.023088
0 0.492188 0.202020 0.011719 0.020202
0 0.610352 0.253968 0.011719 0.020202
0 0.639648 0.098846 0.009766 0.018759
0 0.155273 0.258297 0.009766 0.020202
0 0.036621 0.265512 0.010742 0.020202
0 0.050293 0.245310 0.008789 0.017316
0 0.063965 0.217893 0.010742 0.017316
0 0.077148 0.217893 0.013672 0.014430
0 0.105469 0.212121 0.009766 0.017316
0 0.090820 0.196248 0.009766 0.014430
0 0.072754 0.180375 0.008789 0.020202
0 0.118652 0.168110 0.008789 0.015873
0 0.140625 0.176768 0.009766 0.018759
0 0.160156 0.176046 0.011719 0.017316
0 0.252930 0.137807 0.009766 0.015873
0 0.284180 0.206349 0.013672 0.028860
0 0.015137 0.168831 0.008789 0.017316
0 0.010742 0.152958 0.009766 0.017316
0 0.029297 0.153680 0.009766 0.015873
0 0.045410 0.160173 0.008789 0.017316
0 0.047852 0.222222 0.009766 0.023088
0 0.050293 0.191919 0.006836 0.014430
0 0.085449 0.177489 0.008789 0.014430
0 0.317383 0.145022 0.009766 0.021645
0 0.269043 0.130592 0.008789 0.018759
0 0.266113 0.059163 0.006836 0.017316
0 0.218750 0.123377 0.009766 0.015873
0 0.170898 0.132035 0.009766 0.018759
0 0.175293 0.064935 0.008789 0.014430
0 0.307617 0.069986 0.007812 0.015873
0 0.325684 0.052670 0.008789 0.015873
0 0.333984 0.085137 0.009766 0.014430
0 0.262695 0.018759 0.007812 0.014430
0 0.209961 0.075758 0.007812 0.012987
0 0.327637 0.024531 0.010742 0.017316
0 0.339844 0.038240 0.007812 0.015873
0 0.358398 0.068543 0.011719 0.018759
0 0.363281 0.036797 0.009766 0.012987
0 0.373535 0.023088 0.006836 0.014430
0 0.393066 0.017316 0.008789 0.014430
0 0.280762 0.077201 0.008789 0.015873
0 0.086426 0.126263 0.006836 0.012987
0 0.054199 0.132756 0.008789 0.011544
0 0.113281 0.035354 0.007812 0.012987
0 0.128906 0.101732 0.007812 0.015873
0 0.499512 0.010101 0.010742 0.017316
0 0.550293 0.074315 0.010742 0.018759
0 0.654785 0.015152 0.012695 0.021645
0 0.413574 0.018038 0.010742 0.018759
0 0.710449 0.080087 0.010742 0.021645
0 0.254883 0.033189 0.009766 0.020202
0 0.223633 0.200577 0.011719 0.020202
0 0.057617 0.323954 0.007812 0.021645
0 0.125488 0.279221 0.008789 0.015873
0 0.623535 0.195527 0.012695 0.027417
0 0.308105 0.105339 0.012695 0.020202
0 0.249512 0.102453 0.008789 0.020202
