0 0.697754 0.267254 0.040039 0.070485
0 0.646973 0.218796 0.020508 0.035242
0 0.572266 0.182819 0.046875 0.077827
0 0.429199 0.265051 0.022461 0.042584
0 0.404297 0.264317 0.015625 0.032305
0 0.842773 0.279736 0.023438 0.054332
0 0.861328 0.190162 0.029297 0.051395
0 0.937988 0.152717 0.022461 0.046990
0 0.856934 0.151248 0.022461 0.023495
0 0.993164 0.311307 0.013672 0.064611
0 0.957520 0.115272 0.018555 0.027900
0 0.120605 0.123348 0.008789 0.014684
0 0.111816 0.101322 0.008789 0.014684
0 0.160645 0.071953 0.008789 0.014684
0 0.185547 0.140969 0.007812 0.014684
0 0.153809 0.142438 0.008789 0.014684
0 0.070312 0.125551 0.007812 0.016153
0 0.037109 0.151248 0.009766 0.020558
0 0.030273 0.048458 0.009766 0.017621
0 0.148438 0.246696 0.011719 0.017621
0 0.112305 0.224670 0.009766 0.017621
0 0.086914 0.248899 0.009766 0.016153
0 0.025879 0.220999 0.010742 0.016153
0 0.035156 0.253304 0.009766 0.013216
0 0.157227 0.270925 0.011719 0.016153
0 0.145996 0.220999 0.010742 0.013216
0 0.106934 0.198972 0.008789 0.013216
0 0.102051 0.122614 0.008789 0.013216
0 0.092285 0.098385 0.008789 0.014684
0 0.095215 0.073421 0.006836 0.011747
0 0.113281 0.055066 0.007812 0.016153
0 0.191406 0.041850 0.009766 0.016153
0 0.134277 0.048458 0.008789 0.014684
0 0.140137 0.070485 0.008789 0.014684
0 0.171387 0.090308 0.008789 0.016153
0 0.191406 0.069750 0.009766 0.013216
0 0.275391 0.132159 0.009766 0.017621
0 0.289551 0.070485 0.006836 0.017621
0 0.119629 0.031571 0.008789 0.013216
0 0.141602 0.166667 0.011719 0.019090
0 0.207520 0.093979 0.010742 0.017621
0 0.079590 0.052129 0.008789 0.013216
0 0.071777 0.363436 0.010742 0.019090
0 0.077148 0.339941 0.011719 0.019090
0 0.118652 0.301028 0.010742 0.017621
0 0.096680 0.301028 0.009766 0.014684
0 0.172852 0.358297 0.015625 0.023495
0 0.037109 0.338473 0.009766 0.016153
0 0.034180 0.364170 0.009766 0.017621
0 0.034180 0.397944 0.011719 0.017621
0 0.027344 0.309104 0.009766 0.016153
0 0.026367 0.287078 0.007812 0.016153
0 0.055176 0.228341 0.010742 0.016153
0 0.210938 0.129956 0.013672 0.019090
0 0.241211 0.117474 0.009766 0.020558
0 0.437500 0.204846 0.009766 0.016153
0 0.353027 0.266520 0.010742 0.022026
0 0.367676 0.208517 0.008789 0.017621
0 0.199219 0.218062 0.009766 0.016153
0 0.440918 0.102056 0.008789 0.016153
0 0.437012 0.080029 0.008789 0.013216
0 0.459473 0.077827 0.006836 0.014684
0 0.481934 0.100587 0.008789 0.016153
0 0.503906 0.074156 0.009766 0.016153
0 0.519043 0.052129 0.008789 0.016153
0 0.530273 0.066079 0.007812 0.017621
0 0.550293 0.069016 0.008789 0.017621
0 0.568359 0.080029 0.007812 0.013216
0 0.536621 0.018355 0.008789 0.016153
0 0.565918 0.046256 0.006836 0.016153
0 0.476562 0.180617 0.011719 0.017621
0 0.484375 0.148311 0.007812 0.017621
0 0.441406 0.157122 0.009766 0.017621
0 0.413574 0.127019 0.010742 0.016153
0 0.386719 0.109398 0.007812 0.013216
0 0.410156 0.084435 0.007812 0.016153
0 0.382324 0.085169 0.008789 0.014684
0 0.358398 0.108664 0.007812 0.014684
0 0.375977 0.058003 0.007812 0.016153
0 0.354492 0.060940 0.007812 0.013216
0 0.339355 0.081498 0.010742 0.013216
0 0.328125 0.040382 0.009766 0.013216
0 0.324707 0.017621 0.008789 0.014684
0 0.355469 0.157122 0.009766 0.014684
0 0.426758 0.029369 0.009766 0.017621
0 0.449219 0.052129 0.009766 0.016153
0 0.402344 0.058737 0.009766 0.017621
0 0.373047 0.038913 0.009766 0.013216
0 0.520508 0.022761 0.009766 0.016153
0 0.299805 0.046990 0.007812 0.020558
0 0.443848 0.033040 0.008789 0.016153
0 0.404785 0.033040 0.008789 0.013216
0 0.475098 0.033040 0.008789 0.016153
0 0.494629 0.036711 0.008789 0.017621
0 0.476562 0.052863 0.009766 0.014684
0 0.495605 0.058003 0.008789 0.016153
0 0.488281 0.077827 0.007812 0.011747
0 0.608887 0.040382 0.010742 0.019090
0 0.612305 0.013216 0.009766 0.014684
0 0.580078 0.042584 0.007812 0.011747
0 0.581543 0.023495 0.008789 0.011747
0 0.909668 0.089574 0.008789 0.020558
0 0.288086 0.096182 0.009766 0.016153
0 0.446289 0.259912 0.009766 0.029369
0 0.512207 0.204846 0.010742 0.019090
0 0.376465 0.246696 0.008789 0.014684
0 0.415039 0.160059 0.007812 0.017621
0 0.450684 0.182819 0.008789 0.019090
0 0.460938 0.121145 0.007812 0.016153
0 0.476074 0.127753 0.008789 0.017621
0 0.314941 0.113069 0.008789 0.017621
0 0.313477 0.087372 0.007812 0.016153
0 0.294434 0.134361 0.010742 0.019090
0 0.507324 0.102790 0.008789 0.017621
0 0.035156 0.124082 0.007812 0.016153
0 0.012207 0.127019 0.008789 0.016153
0 0.038574 0.099853 0.008789 0.017621
0 0.166992 0.027166 0.007812 0.013216
0 0.140137 0.023495 0.006836 0.014684
0 0.308594 0.065345 0.007812 0.016153
0 0.391113 0.124082 0.008789 0.016153
0 0.115234 0.140969 0.007812 0.014684
0 0.068848 0.310573 0.008789 0.016153
0 0.639160 0.113803 0.006836 0.016153
0 0.580566 0.061674 0.006836 0.014684
0 0.555176 0.019090 0.006836 0.014684
0 0.396973 0.023495 0.004883 0.014684
0 0.382812 0.015419 0.005859 0.013216
0 0.631836 0.133627 0.007812 0.017621
0 0.003418 0.252570 0.006836 0.014684
0 0.150879 0.121145 0.008789 0.013216
0 0.269043 0.165198 0.006836 0.013216
0 0.249023 0.156388 0.007812 0.013216
0 0.222168 0.143906 0.010742 0.014684
