0 0.894043 0.406901 0.032227 0.048177
0 0.829102 0.419271 0.027344 0.039062
0 0.836426 0.530599 0.032227 0.053385
0 0.756348 0.396484 0.026367 0.042969
0 0.702637 0.414062 0.024414 0.041667
0 0.728027 0.527995 0.032227 0.053385
0 0.642578 0.542969 0.031250 0.049479
0 0.621094 0.401042 0.029297 0.044271
0 0.537598 0.395182 0.026367 0.050781
0 0.512207 0.396484 0.026367 0.042969
0 0.509766 0.551432 0.029297 0.050781
0 0.464844 0.391276 0.027344 0.050781
0 0.432617 0.384766 0.029297 0.045573
0 0.394043 0.412109 0.026367 0.045573
0 0.414551 0.545573 0.028320 0.046875
0 0.316895 0.537109 0.030273 0.050781
0 0.334961 0.399089 0.027344 0.042969
0 0.292969 0.393880 0.027344 0.042969
0 0.267578 0.417318 0.027344 0.035156
0 0.229004 0.436849 0.026367 0.045573
0 0.182617 0.397786 0.029297 0.042969
0 0.153320 0.407552 0.029297 0.049479
0 0.198730 0.525391 0.030273 0.053385
