0 0.886719 0.429722 0.037109 0.074671
0 0.754395 0.422401 0.036133 0.074671
0 0.642090 0.422401 0.036133 0.071742
0 0.518555 0.425329 0.035156 0.071742
0 0.799805 0.271596 0.035156 0.065886
0 0.694824 0.281113 0.034180 0.058565
0 0.579102 0.276720 0.037109 0.067350
0 0.471680 0.269400 0.037109 0.064422
0 0.371582 0.254026 0.032227 0.065886
0 0.288086 0.281845 0.031250 0.062958
0 0.366699 0.439239 0.038086 0.081991
0 0.239746 0.437042 0.034180 0.071742
0 0.194336 0.296486 0.035156 0.068814
0 0.143555 0.439971 0.039062 0.074671
0 0.586426 0.092972 0.016602 0.036603
0 0.560059 0.090044 0.012695 0.030747
0 0.616699 0.108346 0.010742 0.020498
0 0.599609 0.093704 0.009766 0.023426
0 0.646973 0.117130 0.014648 0.023426
0 0.716797 0.133968 0.013672 0.019034
0 0.871094 0.103221 0.013672 0.021962
0 0.782227 0.108346 0.007812 0.011713
0 0.162109 0.127379 0.011719 0.017570
0 0.165527 0.188873 0.008789 0.014641
0 0.167480 0.069546 0.008789 0.013177
0 0.142578 0.069546 0.007812 0.013177
0 0.118652 0.068814 0.006836 0.011713
0 0.091797 0.069546 0.007812 0.013177
0 0.068359 0.071010 0.007812 0.013177
0 0.072754 0.130307 0.010742 0.017570
0 0.068359 0.190337 0.005859 0.011713
0 0.066895 0.239385 0.006836 0.010249
0 0.093262 0.239385 0.006836 0.013177
0 0.116211 0.240117 0.009766 0.011713
0 0.141602 0.238653 0.007812 0.011713
0 0.166016 0.237921 0.007812 0.013177
0 0.065918 0.289898 0.008789 0.008785
0 0.091309 0.290630 0.006836 0.010249
0 0.116211 0.288433 0.007812 0.011713
0 0.142090 0.287701 0.006836 0.010249
0 0.165039 0.288433 0.007812 0.011713
0 0.244629 0.070278 0.008789 0.014641
0 0.275879 0.071010 0.008789 0.013177
0 0.244141 0.125183 0.007812 0.016105
0 0.277344 0.124451 0.007812 0.014641
0 0.244141 0.180820 0.007812 0.013177
0 0.275391 0.182284 0.007812 0.016105
0 0.244629 0.237921 0.008789 0.016105
0 0.339844 0.182284 0.007812 0.013177
0 0.306641 0.180088 0.007812 0.014641
0 0.307129 0.124451 0.008789 0.014641
0 0.338867 0.123719 0.007812 0.013177
0 0.339355 0.070278 0.008789 0.014641
0 0.308105 0.068082 0.008789 0.016105
0 0.338867 0.238653 0.009766 0.014641
