0 0.904297 0.149089 0.011719 0.016927
0 0.891602 0.117839 0.011719 0.016927
0 0.868164 0.123047 0.009766 0.016927
0 0.848633 0.150391 0.011719 0.016927
0 0.826172 0.158854 0.009766 0.015625
0 0.837402 0.124349 0.010742 0.016927
0 0.848633 0.173828 0.011719 0.016927
0 0.875000 0.207682 0.011719 0.019531
0 0.888184 0.184896 0.010742 0.018229
0 0.916016 0.182943 0.011719 0.011719
0 0.923340 0.205078 0.010742 0.014323
0 0.949219 0.179036 0.009766 0.019531
0 0.958984 0.180339 0.011719 0.019531
0 0.964844 0.144531 0.011719 0.015625
0 0.990723 0.213542 0.008789 0.015625
0 0.975586 0.099609 0.011719 0.016927
0 0.936035 0.126302 0.010742 0.015625
0 0.890625 0.156901 0.009766 0.019531
0 0.852539 0.138672 0.009766 0.014323
0 0.862305 0.070312 0.009766 0.015625
0 0.889648 0.064453 0.011719 0.016927
0 0.921875 0.067708 0.009766 0.013021
0 0.935547 0.063802 0.009766 0.015625
0 0.981445 0.039062 0.009766 0.015625
0 0.991211 0.042969 0.009766 0.015625
0 0.996094 0.090495 0.007812 0.016927
0 0.981445 0.011068 0.011719 0.014323
0 0.939453 0.020182 0.009766 0.011719
0 0.911621 0.019531 0.010742 0.013021
0 0.865234 0.020182 0.009766 0.011719
0 0.846191 0.042318 0.008789 0.016927
0 0.833008 0.020833 0.009766 0.015625
0 0.813965 0.050130 0.010742 0.014323
0 0.803711 0.078125 0.009766 0.015625
0 0.791016 0.100911 0.009766 0.022135
0 0.804688 0.123698 0.011719 0.020833
0 0.693359 0.164062 0.007812 0.015625
0 0.726074 0.153646 0.010742 0.015625
0 0.742188 0.129557 0.009766 0.014323
0 0.766602 0.138672 0.009766 0.014323
0 0.784180 0.148438 0.009766 0.015625
0 0.761230 0.101562 0.010742 0.013021
0 0.774414 0.129557 0.009766 0.011719
0 0.760254 0.070312 0.010742 0.018229
0 0.728516 0.047526 0.009766 0.014323
0 0.734375 0.031250 0.009766 0.015625
0 0.709961 0.038411 0.009766 0.014323
0 0.700684 0.056641 0.008789 0.014323
0 0.692871 0.100911 0.010742 0.016927
0 0.698242 0.132161 0.009766 0.016927
0 0.724121 0.108073 0.008789 0.015625
0 0.666016 0.138021 0.009766 0.015625
0 0.674805 0.077474 0.009766 0.019531
0 0.686035 0.007812 0.010742 0.013021
0 0.644531 0.107422 0.009766 0.014323
0 0.618164 0.022786 0.007812 0.014323
0 0.594238 0.036458 0.008789 0.013021
0 0.566895 0.039714 0.008789 0.014323
0 0.572754 0.111328 0.010742 0.016927
0 0.602539 0.132161 0.011719 0.019531
0 0.638672 0.133464 0.009766 0.014323
0 0.617188 0.123698 0.009766 0.015625
0 0.570801 0.161458 0.008789 0.015625
0 0.561035 0.140625 0.010742 0.013021
0 0.527344 0.134766 0.009766 0.014323
0 0.541504 0.168620 0.008789 0.016927
0 0.470215 0.015625 0.008789 0.015625
0 0.520508 0.015625 0.009766 0.015625
0 0.560547 0.007812 0.009766 0.013021
0 0.520508 0.038411 0.009766 0.014323
0 0.538086 0.056641 0.009766 0.014323
0 0.556152 0.113932 0.008789 0.014323
0 0.505859 0.113932 0.009766 0.014323
0 0.478516 0.115234 0.009766 0.014323
0 0.467773 0.136068 0.009766 0.016927
0 0.500977 0.138672 0.009766 0.016927
0 0.512695 0.220703 0.009766 0.019531
0 0.554199 0.194661 0.008789 0.014323
0 0.492676 0.194010 0.008789 0.018229
0 0.470703 0.169922 0.007812 0.014323
0 0.485840 0.173828 0.006836 0.014323
0 0.544434 0.219401 0.008789 0.014323
0 0.476562 0.216797 0.009766 0.016927
0 0.453613 0.188802 0.008789 0.015625
0 0.775879 0.013021 0.006836 0.013021
0 0.762695 0.008464 0.007812 0.014323
0 0.916016 0.046224 0.007812 0.014323
0 0.338867 0.152344 0.066406 0.083333
0 0.227051 0.085286 0.008789 0.014323
0 0.231934 0.050781 0.008789 0.010417
0 0.278809 0.069010 0.008789 0.013021
0 0.292969 0.065755 0.009766 0.014323
0 0.297363 0.020182 0.006836 0.011719
0 0.239746 0.018229 0.008789 0.015625
0 0.201172 0.033203 0.007812 0.011719
0 0.169922 0.024740 0.009766 0.010417
0 0.159180 0.046875 0.009766 0.015625
0 0.162109 0.066406 0.011719 0.018229
0 0.193359 0.093099 0.009766 0.014323
0 0.199707 0.072917 0.008789 0.010417
0 0.223633 0.069010 0.007812 0.013021
0 0.150879 0.097656 0.010742 0.013021
0 0.125977 0.065104 0.009766 0.018229
0 0.116699 0.093099 0.010742 0.016927
0 0.117188 0.120443 0.009766 0.014323
0 0.146484 0.119792 0.007812 0.010417
0 0.100586 0.203776 0.019531 0.035156
0 0.090332 0.067708 0.008789 0.010417
0 0.076660 0.147135 0.010742 0.013021
0 0.052246 0.122396 0.010742 0.015625
0 0.066895 0.066406 0.010742 0.015625
0 0.073242 0.050130 0.007812 0.014323
0 0.091309 0.054036 0.008789 0.011719
0 0.059570 0.021484 0.009766 0.014323
0 0.041504 0.019531 0.010742 0.015625
0 0.033691 0.045573 0.008789 0.013021
0 0.025391 0.180339 0.011719 0.016927
0 0.064941 0.192057 0.010742 0.014323
0 0.003906 0.024089 0.007812 0.016927
0 0.272949 0.052083 0.008789 0.013021
0 0.881836 0.090495 0.007812 0.014323
0 0.976562 0.066406 0.009766 0.018229
0 0.582520 0.017578 0.008789 0.016927
0 0.526367 0.198568 0.007812 0.016927
