0 0.815430 0.505831 0.021484 0.032070
0 0.723633 0.508017 0.019531 0.039359
0 0.641113 0.508746 0.020508 0.032070
0 0.571777 0.498542 0.020508 0.037901
0 0.783203 0.383382 0.021484 0.037901
0 0.744141 0.326531 0.017578 0.023324
0 0.695801 0.385569 0.016602 0.021866
0 0.685059 0.311224 0.016602 0.024781
0 0.622070 0.301749 0.017578 0.026239
0 0.622070 0.372449 0.019531 0.033528
0 0.561523 0.350583 0.017578 0.033528
0 0.558594 0.296647 0.017578 0.024781
0 0.507812 0.292274 0.017578 0.030612
0 0.500000 0.363703 0.017578 0.033528
0 0.489746 0.478134 0.024414 0.043732
0 0.444824 0.303207 0.016602 0.026239
0 0.408203 0.492711 0.019531 0.040816
0 0.413086 0.360058 0.017578 0.032070
0 0.386719 0.308309 0.017578 0.030612
0 0.337402 0.377551 0.018555 0.029155
0 0.331543 0.312682 0.018555 0.030612
0 0.274414 0.321429 0.015625 0.027697
0 0.222656 0.355685 0.021484 0.037901
0 0.284180 0.495627 0.023438 0.040816
0 0.345703 0.482507 0.021484 0.040816
0 0.176270 0.497085 0.024414 0.034985
