0 0.439453 0.518544 0.019531 0.031593
0 0.246094 0.475962 0.027344 0.048077
0 0.114746 0.482830 0.018555 0.042582
0 0.010254 0.413462 0.004883 0.024725
0 0.575684 0.422390 0.008789 0.012363
0 0.583008 0.405220 0.007812 0.013736
0 0.599609 0.322115 0.005859 0.009615
0 0.376953 0.384615 0.007812 0.010989
0 0.393555 0.371566 0.007812 0.009615
0 0.411133 0.326923 0.005859 0.008242
0 0.557129 0.421016 0.008789 0.012363
0 0.476074 0.385989 0.008789 0.016484
0 0.723633 0.412088 0.007812 0.016484
0 0.605957 0.377747 0.006836 0.013736
0 0.768066 0.430632 0.008789 0.017857
0 0.791992 0.440247 0.007812 0.017857
0 0.751465 0.328297 0.006836 0.010989
0 0.669922 0.322802 0.003906 0.008242
