0 0.958008 0.569512 0.035156 0.048780
0 0.820312 0.599390 0.037109 0.059756
0 0.709473 0.582317 0.036133 0.050000
0 0.611816 0.588415 0.034180 0.067073
0 0.440430 0.720122 0.033203 0.054878
0 0.743164 0.175610 0.021484 0.036585
0 0.479004 0.142683 0.024414 0.053659
0 0.363770 0.757927 0.032227 0.042683
0 0.296387 0.764024 0.026367 0.047561
0 0.238770 0.798171 0.028320 0.052439
0 0.204102 0.752439 0.023438 0.031707
0 0.166016 0.756098 0.029297 0.053659
0 0.099121 0.766463 0.026367 0.042683
0 0.047852 0.765244 0.031250 0.045122
0 0.179199 0.095122 0.038086 0.073171
