0 0.976562 0.872396 0.019531 0.028646
0 0.942871 0.773438 0.018555 0.026042
0 0.917969 0.955078 0.019531 0.029948
0 0.860840 0.947917 0.018555 0.026042
0 0.855957 0.856771 0.018555 0.026042
0 0.797852 0.826172 0.013672 0.022135
0 0.849121 0.757812 0.014648 0.020833
0 0.733887 0.753255 0.012695 0.024740
0 0.736328 0.879557 0.019531 0.029948
0 0.805176 0.973958 0.018555 0.028646
0 0.703613 0.963542 0.016602 0.026042
0 0.696777 0.991536 0.014648 0.016927
0 0.642090 0.990885 0.018555 0.018229
0 0.632324 0.944661 0.018555 0.032552
0 0.648438 0.889974 0.019531 0.029948
0 0.667969 0.810547 0.015625 0.022135
0 0.622559 0.840495 0.016602 0.027344
0 0.554688 0.964193 0.015625 0.027344
0 0.587402 0.893880 0.012695 0.027344
0 0.548340 0.841146 0.018555 0.031250
0 0.533203 0.797526 0.015625 0.027344
0 0.511719 0.907552 0.015625 0.023438
0 0.427734 0.957031 0.015625 0.028646
0 0.447266 0.893880 0.017578 0.032552
0 0.445801 0.856120 0.018555 0.027344
0 0.473633 0.804036 0.017578 0.029948
0 0.412109 0.797526 0.017578 0.029948
0 0.388672 0.915365 0.017578 0.031250
0 0.372559 0.949870 0.016602 0.027344
0 0.330566 0.891276 0.018555 0.024740
0 0.316895 0.961589 0.016602 0.027344
0 0.345215 0.829427 0.022461 0.028646
0 0.365723 0.876953 0.016602 0.022135
0 0.122559 0.814453 0.016602 0.027344
0 0.095215 0.858724 0.016602 0.027344
0 0.062500 0.871745 0.017578 0.029948
0 0.037598 0.841797 0.014648 0.027344
0 0.026855 0.673177 0.014648 0.031250
0 0.209473 0.520833 0.016602 0.023438
0 0.221191 0.456380 0.014648 0.024740
0 0.229004 0.416667 0.014648 0.020833
0 0.158691 0.472656 0.016602 0.026042
0 0.111328 0.485026 0.013672 0.022135
0 0.173340 0.427734 0.014648 0.022135
0 0.123047 0.432292 0.013672 0.020833
0 0.127930 0.370443 0.013672 0.019531
0 0.335449 0.401693 0.014648 0.024740
0 0.092285 0.522786 0.014648 0.024740
0 0.145020 0.513672 0.018555 0.032552
0 0.072754 0.561198 0.014648 0.023438
0 0.039062 0.527995 0.015625 0.024740
0 0.032227 0.581380 0.015625 0.022135
0 0.056641 0.477214 0.017578 0.022135
0 0.006836 0.475911 0.013672 0.029948
0 0.273438 0.459635 0.015625 0.028646
0 0.288086 0.357422 0.015625 0.022135
0 0.184570 0.320964 0.015625 0.027344
0 0.229980 0.356771 0.016602 0.033854
0 0.137695 0.317708 0.013672 0.020833
0 0.023926 0.382161 0.014648 0.024740
0 0.984375 0.428385 0.017578 0.031250
0 0.939941 0.438151 0.016602 0.024740
0 0.937500 0.378906 0.015625 0.033854
0 0.877930 0.421875 0.017578 0.023438
0 0.887695 0.533854 0.017578 0.036458
0 0.344238 0.263021 0.016602 0.026042
0 0.299805 0.401693 0.013672 0.024740
0 0.294434 0.311198 0.022461 0.033854
0 0.200684 0.226562 0.012695 0.023438
0 0.049805 0.238281 0.013672 0.023438
0 0.078125 0.423177 0.019531 0.036458
0 0.077148 0.377604 0.015625 0.023438
0 0.019531 0.434896 0.015625 0.031250
0 0.042969 0.288411 0.013672 0.022135
0 0.107910 0.230469 0.012695 0.023438
0 0.259766 0.192057 0.013672 0.024740
0 0.176270 0.369141 0.014648 0.024740
0 0.159668 0.930990 0.016602 0.028646
0 0.098633 0.906901 0.017578 0.024740
