0 0.936523 0.652730 0.013672 0.029010
0 0.893066 0.622014 0.012695 0.029010
0 0.869629 0.613481 0.014648 0.025597
0 0.828613 0.609215 0.016602 0.030717
0 0.810059 0.553754 0.012695 0.032423
0 0.801270 0.514505 0.012695 0.029010
0 0.787598 0.485495 0.008789 0.015358
0 0.773438 0.494027 0.013672 0.029010
0 0.764160 0.454778 0.010742 0.029010
0 0.753906 0.525597 0.011719 0.027304
0 0.749023 0.562287 0.009766 0.029010
0 0.708008 0.532423 0.011719 0.027304
0 0.687988 0.548635 0.010742 0.029010
0 0.693359 0.485495 0.011719 0.025597
0 0.711426 0.455631 0.010742 0.023891
0 0.665527 0.530717 0.010742 0.023891
0 0.721680 0.544369 0.011719 0.020478
0 0.739746 0.536689 0.008789 0.022184
0 0.787598 0.744881 0.012695 0.029010
0 0.739258 0.639932 0.011719 0.027304
0 0.695312 0.636519 0.011719 0.027304
0 0.698242 0.690273 0.013672 0.032423
0 0.713379 0.737201 0.012695 0.030717
0 0.752441 0.751706 0.012695 0.029010
0 0.682129 0.739761 0.012695 0.029010
0 0.661133 0.746587 0.009766 0.029010
0 0.618652 0.748294 0.012695 0.025597
0 0.617676 0.700512 0.012695 0.029010
0 0.644043 0.639932 0.010742 0.027304
0 0.793457 0.642491 0.012695 0.025597
0 0.627930 0.545222 0.011719 0.025597
0 0.611328 0.533276 0.009766 0.018771
0 0.546875 0.615188 0.013672 0.022184
0 0.571777 0.505119 0.010742 0.020478
0 0.637207 0.453925 0.010742 0.027304
0 0.633789 0.514505 0.011719 0.025597
0 0.559570 0.463311 0.011719 0.029010
0 0.539062 0.530717 0.011719 0.027304
0 0.526367 0.561433 0.011719 0.030717
0 0.589355 0.633959 0.012695 0.032423
0 0.517090 0.615188 0.012695 0.029010
0 0.459961 0.596416 0.015625 0.035836
0 0.578613 0.543515 0.012695 0.029010
0 0.651367 0.553754 0.009766 0.018771
0 0.509277 0.528157 0.010742 0.025597
0 0.490723 0.541809 0.008789 0.022184
0 0.503906 0.459044 0.011719 0.030717
0 0.462402 0.511092 0.010742 0.022184
0 0.441895 0.502560 0.012695 0.018771
0 0.438965 0.451365 0.012695 0.029010
0 0.392578 0.459898 0.013672 0.025597
0 0.395020 0.505119 0.010742 0.023891
0 0.402832 0.534130 0.010742 0.030717
0 0.444336 0.552901 0.011719 0.020478
0 0.483398 0.483788 0.011719 0.022184
0 0.522949 0.482082 0.012695 0.022184
0 0.499023 0.700512 0.013672 0.029010
0 0.403809 0.685154 0.012695 0.032423
0 0.409668 0.630546 0.012695 0.029010
0 0.354980 0.631399 0.012695 0.027304
0 0.363770 0.672355 0.012695 0.023891
0 0.365234 0.515358 0.011719 0.027304
0 0.342773 0.461604 0.013672 0.025597
0 0.354980 0.525597 0.012695 0.023891
0 0.325684 0.542662 0.012695 0.023891
0 0.308594 0.525597 0.011719 0.027304
0 0.302734 0.634812 0.011719 0.030717
0 0.286621 0.692833 0.012695 0.023891
0 0.245605 0.633106 0.014648 0.027304
0 0.280273 0.533276 0.013672 0.032423
0 0.265625 0.512799 0.013672 0.029010
0 0.298828 0.456485 0.011719 0.032423
0 0.239746 0.459044 0.012695 0.027304
0 0.229492 0.519625 0.011719 0.029010
0 0.215332 0.513652 0.012695 0.027304
0 0.181641 0.533276 0.011719 0.022184
0 0.198730 0.640785 0.012695 0.029010
0 0.230957 0.685154 0.012695 0.029010
0 0.194336 0.700512 0.011719 0.032423
0 0.421875 0.740614 0.011719 0.027304
0 0.384277 0.732082 0.012695 0.030717
0 0.352051 0.747440 0.010742 0.023891
0 0.319336 0.722696 0.011719 0.029010
0 0.285156 0.734642 0.011719 0.029010
0 0.250488 0.725256 0.012695 0.030717
0 0.217285 0.732082 0.012695 0.030717
0 0.154785 0.565700 0.014648 0.032423
0 0.105469 0.610922 0.013672 0.023891
0 0.086914 0.644198 0.013672 0.025597
0 0.069336 0.664676 0.015625 0.032423
0 0.262695 0.687713 0.013672 0.030717
0 0.580078 0.495734 0.007812 0.018771
