0 0.973145 0.745588 0.053711 0.123529
0 0.973145 0.507353 0.053711 0.094118
0 0.987793 0.455147 0.024414 0.048529
0 0.913574 0.461029 0.043945 0.075000
0 0.894531 0.650000 0.062500 0.094118
0 0.878418 0.530147 0.038086 0.083824
0 0.878906 0.413971 0.033203 0.054412
0 0.899902 0.386765 0.022461 0.044118
0 0.928223 0.325735 0.022461 0.030882
0 0.957520 0.349265 0.020508 0.033824
0 0.977539 0.284559 0.017578 0.036765
0 0.887695 0.322059 0.013672 0.029412
0 0.851562 0.350735 0.025391 0.042647
0 0.828125 0.466912 0.041016 0.066176
0 0.778809 0.414706 0.032227 0.052941
0 0.818848 0.331618 0.016602 0.030882
0 0.855469 0.316176 0.013672 0.032353
0 0.781738 0.630882 0.047852 0.105882
0 0.821777 0.393382 0.020508 0.048529
0 0.752930 0.376471 0.019531 0.044118
0 0.735840 0.590441 0.061523 0.116176
0 0.718262 0.458824 0.028320 0.055882
0 0.695801 0.457353 0.026367 0.050000
0 0.677246 0.426471 0.024414 0.047059
0 0.674805 0.369118 0.021484 0.032353
0 0.691406 0.330882 0.015625 0.032353
0 0.647949 0.635294 0.073242 0.144118
0 0.643555 0.380147 0.015625 0.033824
0 0.640137 0.343382 0.010742 0.025000
0 0.895020 0.269118 0.010742 0.020588
0 0.913574 0.261029 0.010742 0.019118
0 0.859863 0.265441 0.008789 0.016176
0 0.845703 0.262500 0.009766 0.016176
0 0.616211 0.366176 0.015625 0.023529
0 0.634766 0.442647 0.017578 0.041176
0 0.646973 0.422059 0.016602 0.044118
0 0.667969 0.865441 0.085938 0.189706
0 0.553223 0.871324 0.086914 0.169118
0 0.414551 0.866912 0.065430 0.145588
0 0.396484 0.672059 0.066406 0.123529
0 0.793945 0.941912 0.060547 0.113235
0 0.520020 0.501471 0.061523 0.111765
0 0.464844 0.551471 0.042969 0.085294
0 0.608398 0.520588 0.035156 0.067647
0 0.602539 0.469118 0.029297 0.047059
0 0.588867 0.426471 0.023438 0.055882
0 0.596680 0.371324 0.011719 0.025000
0 0.539551 0.383088 0.018555 0.033824
0 0.495117 0.434559 0.019531 0.039706
0 0.455566 0.458824 0.030273 0.047059
0 0.423340 0.351471 0.014648 0.032353
0 0.496094 0.362500 0.015625 0.033824
0 0.505371 0.352206 0.010742 0.027941
0 0.523438 0.328676 0.009766 0.019118
0 0.552734 0.333824 0.009766 0.023529
0 0.454102 0.382353 0.017578 0.029412
0 0.491699 0.400735 0.018555 0.033824
0 0.573730 0.427941 0.016602 0.038235
0 0.367676 0.387500 0.014648 0.030882
0 0.343262 0.450735 0.020508 0.042647
0 0.308594 0.648529 0.044922 0.100000
0 0.287598 0.550000 0.041992 0.082353
0 0.271484 0.446324 0.021484 0.048529
0 0.246094 0.435294 0.021484 0.050000
0 0.205566 0.453676 0.020508 0.054412
0 0.225586 0.558088 0.041016 0.080882
0 0.166992 0.543382 0.039062 0.063235
0 0.235352 0.715441 0.070312 0.148529
0 0.312500 0.902206 0.089844 0.195588
0 0.278320 0.905882 0.072266 0.164706
0 0.180176 0.397059 0.024414 0.038235
0 0.161621 0.400000 0.018555 0.041176
0 0.217285 0.358824 0.012695 0.032353
0 0.201172 0.361029 0.013672 0.027941
0 0.235352 0.352206 0.011719 0.025000
0 0.360840 0.363235 0.010742 0.020588
0 0.530762 0.425000 0.020508 0.038235
0 0.523926 0.369853 0.010742 0.022059
0 0.569336 0.364706 0.013672 0.035294
0 0.480957 0.322794 0.008789 0.016176
0 0.451660 0.332353 0.006836 0.017647
0 0.133789 0.639706 0.056641 0.114706
0 0.116211 0.577941 0.042969 0.070588
0 0.083496 0.502206 0.034180 0.063235
0 0.096191 0.469118 0.028320 0.058824
0 0.116699 0.433824 0.020508 0.050000
0 0.131836 0.422059 0.023438 0.041176
0 0.021484 0.834559 0.042969 0.157353
0 0.015625 0.577941 0.029297 0.076471
0 0.075684 0.427206 0.020508 0.030882
0 0.062012 0.410294 0.018555 0.032353
0 0.054199 0.377941 0.014648 0.026471
0 0.023926 0.385294 0.012695 0.026471
0 0.007812 0.437500 0.013672 0.036765
0 0.029785 0.457353 0.016602 0.026471
0 0.089355 0.386765 0.014648 0.038235
0 0.121582 0.372059 0.008789 0.020588
0 0.186523 0.350000 0.009766 0.017647
0 0.005371 0.405147 0.010742 0.025000
0 0.274902 0.335294 0.008789 0.017647
0 0.274414 0.377941 0.011719 0.017647
0 0.130371 0.377941 0.010742 0.020588
0 0.914551 0.963971 0.127930 0.072059
0 0.838867 0.671324 0.046875 0.089706
0 0.772461 0.844853 0.042969 0.086765
0 0.697754 0.539706 0.036133 0.064706
0 0.726562 0.351471 0.013672 0.023529
0 0.767090 0.275735 0.008789 0.016176
