0 0.923828 0.475967 0.015625 0.032825
0 0.877930 0.413247 0.015625 0.024619
0 0.911133 0.362837 0.011719 0.012896
0 0.876953 0.330012 0.013672 0.017585
0 0.894043 0.300117 0.012695 0.018757
0 0.936035 0.313013 0.010742 0.016413
0 0.864746 0.281360 0.010742 0.014068
0 0.774414 0.370457 0.011719 0.016413
0 0.728516 0.434936 0.013672 0.023447
0 0.754883 0.498828 0.015625 0.026964
0 0.810059 0.593200 0.020508 0.028136
0 0.709961 0.345252 0.015625 0.022274
0 0.744141 0.284877 0.009766 0.011723
0 0.778320 0.286635 0.009766 0.010551
0 0.714844 0.276671 0.007812 0.011723
0 0.683105 0.270809 0.012695 0.014068
0 0.747070 0.243845 0.009766 0.011723
0 0.607422 0.298359 0.011719 0.019930
0 0.556641 0.345838 0.015625 0.023447
0 0.511230 0.312427 0.012695 0.017585
0 0.456055 0.337046 0.015625 0.019930
0 0.428711 0.312427 0.009766 0.012896
0 0.365723 0.351700 0.018555 0.023447
0 0.369629 0.286049 0.008789 0.014068
0 0.335449 0.293083 0.010742 0.014068
0 0.268066 0.317702 0.010742 0.011723
0 0.271484 0.342321 0.011719 0.021102
0 0.287109 0.474209 0.013672 0.024619
0 0.300293 0.402696 0.018555 0.024619
0 0.172852 0.408558 0.015625 0.022274
0 0.115234 0.440211 0.017578 0.024619
0 0.248535 0.318288 0.008789 0.012896
0 0.211426 0.270809 0.010742 0.014068
0 0.083008 0.318288 0.013672 0.015240
0 0.069336 0.385698 0.015625 0.018757
0 0.298828 0.286049 0.009766 0.016413
