0 0.619141 0.406891 0.027344 0.039589
0 0.506836 0.348974 0.029297 0.049853
0 0.361816 0.426686 0.024414 0.046921
0 0.140137 0.881965 0.014648 0.021994
0 0.050293 0.896628 0.020508 0.030792
0 0.155762 0.853372 0.012695 0.017595
0 0.644043 0.763196 0.004883 0.013196
0 0.642090 0.752199 0.004883 0.008798
0 0.660645 0.750000 0.004883 0.010264
0 0.845215 0.848974 0.008789 0.017595
0 0.867676 0.857771 0.008789 0.014663
0 0.750488 0.862903 0.010742 0.021994
0 0.179199 0.789589 0.006836 0.013196
0 0.713867 0.758065 0.005859 0.014663
