0 0.946289 0.254651 0.021484 0.067442
0 0.934570 0.239535 0.019531 0.065116
0 0.863281 0.211628 0.019531 0.055814
0 0.819824 0.112791 0.020508 0.053488
0 0.801758 0.215116 0.017578 0.048837
0 0.811035 0.339535 0.022461 0.069767
0 0.856445 0.410465 0.017578 0.062791
0 0.749512 0.109302 0.018555 0.060465
0 0.736328 0.223256 0.019531 0.060465
0 0.656250 0.216279 0.019531 0.060465
0 0.666504 0.145349 0.020508 0.058140
0 0.587891 0.187209 0.019531 0.058140
0 0.587891 0.103488 0.017578 0.053488
0 0.618652 0.337209 0.020508 0.065116
0 0.704102 0.333721 0.015625 0.039535
0 0.436523 0.196512 0.019531 0.062791
0 0.509277 0.075581 0.020508 0.053488
0 0.423340 0.115116 0.018555 0.058140
0 0.351562 0.087209 0.019531 0.067442
0 0.349121 0.189535 0.018555 0.062791
0 0.330566 0.311628 0.016602 0.060465
0 0.276367 0.201163 0.019531 0.062791
0 0.269043 0.123256 0.018555 0.055814
0 0.200195 0.145349 0.021484 0.062791
0 0.202148 0.079070 0.019531 0.046512
0 0.128418 0.197674 0.016602 0.060465
0 0.110352 0.089535 0.017578 0.058140
0 0.056152 0.194186 0.018555 0.062791
0 0.246582 0.267442 0.020508 0.055814
0 0.460449 0.184884 0.014648 0.048837
