0 0.329590 0.256241 0.016602 0.030837
0 0.172363 0.213656 0.020508 0.042584
0 0.069336 0.077093 0.011719 0.024963
0 0.118652 0.125551 0.018555 0.030837
0 0.160645 0.127019 0.016602 0.027900
0 0.108887 0.238620 0.030273 0.045521
0 0.047363 0.200441 0.036133 0.060206
0 0.041992 0.279736 0.046875 0.080764
0 0.168457 0.267988 0.034180 0.066079
0 0.213379 0.337004 0.041992 0.066079
0 0.271973 0.269457 0.028320 0.048458
0 0.302734 0.235683 0.021484 0.042584
0 0.217285 0.164464 0.010742 0.032305
0 0.226562 0.163730 0.015625 0.033774
0 0.102051 0.116006 0.012695 0.029369
0 0.045410 0.102056 0.012695 0.027900
0 0.013672 0.090308 0.011719 0.027900
0 0.289551 0.185756 0.014648 0.022026
0 0.235840 0.310573 0.028320 0.054332
0 0.258301 0.172540 0.010742 0.019090
0 0.476074 0.176946 0.016602 0.030837
0 0.518555 0.198972 0.023438 0.048458
0 0.471191 0.235683 0.018555 0.030837
0 0.423340 0.302496 0.024414 0.044053
0 0.447266 0.358297 0.033203 0.055800
0 0.414062 0.345815 0.017578 0.039648
0 0.523438 0.362702 0.027344 0.044053
0 0.376953 0.119677 0.015625 0.024963
0 0.571777 0.389868 0.022461 0.033774
0 0.612305 0.399413 0.023438 0.044053
0 0.641602 0.372247 0.019531 0.027900
0 0.664551 0.419971 0.020508 0.035242
0 0.736328 0.419971 0.021484 0.038179
0 0.587402 0.491189 0.036133 0.063142
0 0.921387 0.440529 0.022461 0.044053
0 0.803223 0.296623 0.020508 0.035242
0 0.963379 0.629222 0.040039 0.060206
0 0.907715 0.638767 0.038086 0.061674
0 0.854492 0.619677 0.039062 0.058737
0 0.814453 0.549192 0.031250 0.052863
0 0.746582 0.538913 0.026367 0.041116
0 0.760254 0.522761 0.020508 0.058737
0 0.782227 0.640969 0.041016 0.077827
0 0.710449 0.608664 0.036133 0.074890
0 0.639160 0.607195 0.051758 0.107195
0 0.577148 0.580029 0.056641 0.085169
0 0.547852 0.479442 0.031250 0.057269
0 0.324219 0.286344 0.019531 0.041116
0 0.458496 0.620411 0.065430 0.124816
0 0.283203 0.375184 0.062500 0.104258
0 0.878418 0.511747 0.022461 0.048458
0 0.497559 0.576358 0.057617 0.121880
0 0.142578 0.445668 0.064453 0.083700
0 0.185547 0.254038 0.019531 0.041116
