0 0.073242 0.210294 0.013672 0.026471
0 0.186523 0.107353 0.009766 0.017647
0 0.127441 0.179412 0.008789 0.014706
0 0.134766 0.219118 0.011719 0.023529
0 0.215820 0.233088 0.011719 0.022059
0 0.261230 0.183824 0.008789 0.017647
0 0.298340 0.277206 0.020508 0.039706
0 0.383789 0.318382 0.027344 0.051471
0 0.397461 0.197059 0.011719 0.023529
0 0.439453 0.211029 0.011719 0.030882
0 0.445801 0.367647 0.026367 0.058824
0 0.315430 0.220588 0.019531 0.035294
0 0.589355 0.255147 0.016602 0.030882
0 0.587402 0.182353 0.014648 0.035294
0 0.661621 0.216176 0.018555 0.035294
0 0.787598 0.361029 0.079102 0.148529
0 0.865234 0.315441 0.033203 0.072059
0 0.814453 0.222059 0.025391 0.050000
0 0.732910 0.302206 0.028320 0.054412
0 0.583984 0.452941 0.041016 0.067647
0 0.755371 0.219853 0.016602 0.036765
0 0.489746 0.271324 0.014648 0.033824
