0 0.143555 0.199052 0.023438 0.044234
0 0.104492 0.262243 0.029297 0.053712
0 0.182617 0.300158 0.025391 0.050553
0 0.213867 0.266983 0.021484 0.044234
0 0.291016 0.235387 0.023438 0.041074
0 0.367188 0.282780 0.023438 0.047393
0 0.411133 0.317536 0.023438 0.053712
0 0.440430 0.225118 0.021484 0.045814
0 0.474609 0.328594 0.023438 0.047393
0 0.396484 0.394945 0.025391 0.050553
0 0.316406 0.421801 0.025391 0.056872
0 0.265137 0.312796 0.024414 0.050553
0 0.238770 0.436809 0.026367 0.052133
0 0.326660 0.339652 0.022461 0.047393
0 0.158691 0.434439 0.026367 0.056872
0 0.142578 0.504739 0.031250 0.058452
0 0.330078 0.530016 0.027344 0.058452
0 0.416992 0.544234 0.031250 0.055292
0 0.233887 0.540284 0.028320 0.063191
0 0.056641 0.483412 0.031250 0.060032
0 0.580566 0.247235 0.022461 0.039494
0 0.651855 0.272512 0.020508 0.042654
0 0.667480 0.317536 0.024414 0.050553
0 0.747559 0.330964 0.024414 0.045814
0 0.726562 0.228278 0.021484 0.039494
0 0.792480 0.406003 0.024414 0.053712
0 0.589355 0.506319 0.026367 0.058452
0 0.674316 0.523697 0.028320 0.055292
0 0.683105 0.420221 0.022461 0.047393
0 0.771484 0.511848 0.025391 0.060032
0 0.870605 0.507899 0.028320 0.055292
0 0.574707 0.435229 0.024414 0.055292
0 0.491699 0.414692 0.028320 0.052133
0 0.502930 0.565561 0.027344 0.060032
0 0.590332 0.320695 0.024414 0.047393
0 0.506836 0.229858 0.023438 0.052133
