0 0.128418 0.289062 0.049805 0.085938
0 0.171875 0.226562 0.042969 0.072917
0 0.231934 0.291016 0.047852 0.079427
0 0.330078 0.279297 0.041016 0.074219
0 0.437012 0.317057 0.045898 0.079427
0 0.187012 0.449870 0.043945 0.079427
0 0.283203 0.520182 0.042969 0.069010
0 0.349121 0.503906 0.041992 0.059896
0 0.439941 0.472656 0.041992 0.067708
0 0.503418 0.472656 0.036133 0.059896
0 0.546387 0.473307 0.038086 0.069010
0 0.608887 0.457682 0.040039 0.069010
0 0.654785 0.445964 0.041992 0.071615
0 0.548340 0.278646 0.040039 0.078125
0 0.622070 0.266927 0.041016 0.072917
0 0.645508 0.325521 0.044922 0.070312
0 0.714355 0.389323 0.045898 0.078125
0 0.722656 0.499349 0.041016 0.069010
0 0.773438 0.298828 0.054688 0.097656
0 0.883301 0.261068 0.065430 0.108073
0 0.457520 0.714844 0.053711 0.093750
0 0.600098 0.722005 0.053711 0.092448
