0 0.967773 0.386752 0.013672 0.038462
0 0.932617 0.360043 0.015625 0.049145
0 0.866699 0.380342 0.012695 0.042735
0 0.828125 0.352564 0.015625 0.047009
0 0.744141 0.330128 0.015625 0.040598
0 0.695312 0.326923 0.009766 0.029915
0 0.650879 0.350427 0.006836 0.017094
0 0.604980 0.332265 0.004883 0.014957
0 0.528809 0.282051 0.010742 0.038462
0 0.411621 0.289530 0.008789 0.027778
0 0.428223 0.270299 0.006836 0.023504
0 0.382812 0.289530 0.007812 0.027778
0 0.392090 0.275641 0.006836 0.025641
0 0.362305 0.279915 0.007812 0.025641
0 0.106445 0.213675 0.011719 0.034188
0 0.145996 0.220085 0.012695 0.034188
0 0.264648 0.272436 0.011719 0.027778
0 0.305176 0.274573 0.010742 0.027778
0 0.052734 0.184829 0.011719 0.040598
0 0.013672 0.190171 0.011719 0.042735
0 0.034668 0.183761 0.010742 0.047009
0 0.581543 0.325855 0.006836 0.019231
0 0.573730 0.322650 0.006836 0.021368
0 0.615723 0.325855 0.006836 0.019231
0 0.636230 0.336538 0.006836 0.019231
0 0.548340 0.355769 0.006836 0.027778
0 0.206055 0.269231 0.007812 0.025641
0 0.472656 0.320513 0.007812 0.017094
0 0.476562 0.311966 0.005859 0.017094
0 0.486816 0.326923 0.008789 0.025641
0 0.401855 0.267094 0.006836 0.021368
0 0.439453 0.279915 0.009766 0.029915
