0 0.104980 0.405599 0.061523 0.100260
0 0.211914 0.453776 0.048828 0.084635
0 0.187500 0.412109 0.042969 0.074219
0 0.369629 0.369792 0.049805 0.078125
0 0.441895 0.386719 0.047852 0.085938
0 0.494141 0.397135 0.048828 0.096354
0 0.547363 0.421875 0.049805 0.096354
0 0.663574 0.468099 0.069336 0.118490
0 0.708496 0.360677 0.041992 0.085938
0 0.791992 0.382161 0.068359 0.118490
0 0.839844 0.492188 0.072266 0.130208
0 0.906738 0.387370 0.067383 0.110677
0 0.646973 0.365885 0.032227 0.072917
0 0.990723 0.404297 0.018555 0.126302
