0 0.198242 0.281433 0.076172 0.147661
0 0.140137 0.059942 0.045898 0.084795
0 0.225098 0.032895 0.028320 0.051170
0 0.294434 0.105263 0.036133 0.067251
0 0.831543 0.247807 0.036133 0.068713
0 0.641602 0.076023 0.015625 0.035088
0 0.725098 0.070175 0.016602 0.032164
0 0.847656 0.106725 0.023438 0.043860
0 0.783203 0.135234 0.019531 0.048246
0 0.874023 0.211257 0.031250 0.074561
0 0.907227 0.201754 0.027344 0.064327
0 0.699707 0.222953 0.041992 0.089181
0 0.576660 0.209064 0.040039 0.105263
0 0.327637 0.056287 0.030273 0.054094
0 0.410156 0.065058 0.023438 0.045322
0 0.456055 0.345760 0.050781 0.106725
0 0.504395 0.068713 0.018555 0.040936
0 0.833008 0.247807 0.033203 0.068713
0 0.686523 0.081871 0.015625 0.029240
0 0.566895 0.057749 0.020508 0.039474
