0 0.408691 0.360908 0.004883 0.010249
0 0.423340 0.355051 0.006836 0.010249
0 0.432617 0.352855 0.005859 0.008785
0 0.484375 0.406296 0.013672 0.021962
0 0.549805 0.390190 0.011719 0.019034
0 0.519531 0.407760 0.007812 0.010249
0 0.634766 0.353587 0.015625 0.030747
0 0.629883 0.391654 0.017578 0.033675
0 0.753906 0.374817 0.009766 0.017570
0 0.995117 0.363836 0.009766 0.024890
0 0.928711 0.408492 0.005859 0.008785
0 0.864746 0.412152 0.004883 0.007321
0 0.219238 0.401903 0.006836 0.013177
0 0.247070 0.408492 0.007812 0.011713
0 0.115234 0.341874 0.007812 0.013177
0 0.137207 0.385066 0.006836 0.011713
0 0.156250 0.371889 0.007812 0.011713
0 0.180176 0.412884 0.006836 0.011713
0 0.156738 0.407028 0.006836 0.011713
0 0.155273 0.442167 0.011719 0.017570
0 0.119629 0.535139 0.012695 0.016105
0 0.188477 0.486823 0.009766 0.016105
0 0.269531 0.463397 0.007812 0.013177
0 0.245605 0.423133 0.010742 0.017570
0 0.328613 0.387994 0.010742 0.020498
0 0.360352 0.470717 0.005859 0.013177
0 0.277832 0.405564 0.006836 0.011713
0 0.284668 0.376281 0.004883 0.008785
0 0.296387 0.384334 0.006836 0.010249
0 0.266602 0.370425 0.005859 0.011713
0 0.243652 0.371889 0.006836 0.011713
0 0.255859 0.321376 0.005859 0.010249
0 0.215332 0.352855 0.006836 0.008785
0 0.205078 0.346999 0.005859 0.008785
0 0.216309 0.318448 0.006836 0.010249
0 0.304199 0.327965 0.004883 0.008785
0 0.344238 0.340410 0.004883 0.010249
0 0.364746 0.351391 0.006836 0.008785
0 0.378906 0.384334 0.005859 0.007321
0 0.386719 0.382870 0.005859 0.010249
0 0.069824 0.622255 0.020508 0.070278
0 0.557617 0.344070 0.007812 0.011713
0 0.778320 0.398975 0.005859 0.010249
0 0.009277 0.375549 0.008789 0.010249
0 0.339355 0.407760 0.008789 0.013177
0 0.336426 0.388726 0.008789 0.013177
0 0.466797 0.326501 0.003906 0.008785
0 0.026855 0.530747 0.010742 0.019034
0 0.463867 0.397511 0.005859 0.010249
0 0.797852 0.368228 0.009766 0.019034
0 0.830566 0.423865 0.004883 0.007321
