0 0.425293 0.491833 0.045898 0.098004
0 0.909180 0.450091 0.035156 0.090744
0 0.787109 0.719601 0.060547 0.143376
0 0.913574 0.207804 0.034180 0.070780
0 0.962891 0.464610 0.041016 0.094374
0 0.828125 0.384755 0.037109 0.090744
0 0.785645 0.325771 0.034180 0.078040
0 0.046875 0.303993 0.046875 0.099819
0 0.056641 0.147005 0.037109 0.098004
0 0.237305 0.546279 0.058594 0.116152
0 0.048828 0.888385 0.076172 0.208711
0 0.206055 0.854809 0.064453 0.156080
0 0.478516 0.596189 0.074219 0.147005
0 0.595215 0.600726 0.067383 0.130672
0 0.658691 0.840290 0.086914 0.159710
0 0.728027 0.769510 0.071289 0.166969
0 0.171875 0.215971 0.041016 0.058076
0 0.663574 0.562613 0.055664 0.130672
0 0.717773 0.462795 0.052734 0.130672
0 0.787109 0.711434 0.060547 0.137931
0 0.639160 0.479129 0.055664 0.098004
0 0.552734 0.392922 0.044922 0.107078
0 0.537598 0.462795 0.047852 0.108893
0 0.706543 0.250454 0.036133 0.076225
0 0.339844 0.391107 0.044922 0.085299
0 0.357910 0.295826 0.041992 0.090744
0 0.921875 0.370236 0.042969 0.105263
