0 0.013672 0.228927 0.015625 0.051724
0 0.071289 0.247126 0.013672 0.038314
0 0.056641 0.181034 0.013672 0.047893
0 0.084961 0.183908 0.015625 0.038314
0 0.112305 0.185824 0.019531 0.038314
0 0.150391 0.180077 0.015625 0.030651
0 0.192383 0.183908 0.017578 0.038314
0 0.233887 0.181034 0.012695 0.036398
0 0.264160 0.145594 0.016602 0.030651
0 0.291992 0.168582 0.009766 0.030651
0 0.331055 0.175287 0.009766 0.024904
0 0.363281 0.168582 0.011719 0.030651
0 0.411133 0.157088 0.009766 0.022989
0 0.414062 0.112069 0.011719 0.024904
0 0.436035 0.136973 0.008789 0.024904
0 0.458984 0.157088 0.007812 0.022989
0 0.492676 0.097701 0.010742 0.030651
0 0.516113 0.161877 0.010742 0.024904
0 0.573242 0.116858 0.011719 0.034483
0 0.544922 0.091954 0.013672 0.030651
0 0.606445 0.101533 0.011719 0.026820
0 0.603027 0.160920 0.010742 0.022989
0 0.652832 0.088123 0.000977 0.000000
0 0.657715 0.103448 0.012695 0.030651
0 0.644043 0.151341 0.010742 0.022989
0 0.673340 0.148467 0.008789 0.017241
0 0.699707 0.134100 0.008789 0.022989
0 0.748047 0.071839 0.013672 0.032567
0 0.750488 0.159962 0.012695 0.028736
0 0.777832 0.071839 0.012695 0.032567
0 0.806152 0.096743 0.014648 0.036398
0 0.783691 0.136973 0.012695 0.036398
0 0.839355 0.143678 0.016602 0.034483
0 0.871582 0.096743 0.012695 0.032567
0 0.873047 0.197318 0.011719 0.026820
0 0.973145 0.170498 0.016602 0.038314
0 0.919434 0.140805 0.010742 0.032567
0 0.920410 0.194444 0.012695 0.036398
0 0.065918 0.147510 0.016602 0.034483
0 0.799316 0.144636 0.010742 0.028736
0 0.858398 0.152299 0.013672 0.028736
