0 0.870605 0.349483 0.020508 0.034884
0 0.953613 0.324289 0.018555 0.028424
0 0.785645 0.382429 0.020508 0.036176
0 0.800781 0.252584 0.009766 0.016796
0 0.220215 0.395349 0.018555 0.031008
0 0.349609 0.384367 0.027344 0.050388
0 0.100098 0.323643 0.014648 0.027132
0 0.400391 0.277778 0.011719 0.020672
0 0.284668 0.250646 0.008789 0.015504
0 0.349121 0.250646 0.008789 0.015504
0 0.195312 0.605297 0.044922 0.065891
0 0.555664 0.564599 0.041016 0.064599
0 0.571289 0.328811 0.013672 0.024548
0 0.475098 0.326227 0.014648 0.024548
0 0.500488 0.293282 0.014648 0.023256
0 0.190918 0.218346 0.004883 0.007752
0 0.230957 0.253230 0.008789 0.012920
0 0.227539 0.221576 0.005859 0.009044
0 0.132324 0.270026 0.008789 0.015504
0 0.704102 0.286822 0.009766 0.015504
0 0.688965 0.275194 0.008789 0.015504
0 0.614258 0.256460 0.007812 0.011628
0 0.026367 0.267442 0.007812 0.015504
0 0.053711 0.206072 0.003906 0.006460
0 0.712891 0.239018 0.007812 0.012920
0 0.702148 0.224806 0.007812 0.012920
0 0.411133 0.262274 0.009766 0.015504
0 0.118164 0.273902 0.013672 0.020672
