0 0.781738 0.052443 0.018555 0.017241
0 0.112793 0.741739 0.018555 0.029454
0 0.068848 0.762572 0.022461 0.017960
0 0.143555 0.874641 0.023438 0.019397
0 0.365234 0.764368 0.011719 0.015805
0 0.534668 0.781609 0.022461 0.021552
0 0.666504 0.776580 0.012695 0.011494
0 0.676758 0.774784 0.015625 0.013649
0 0.767090 0.773348 0.016602 0.016523
0 0.875000 0.770474 0.015625 0.019397
0 0.827637 0.747486 0.008789 0.007902
0 0.821289 0.747845 0.009766 0.007184
0 0.556152 0.107759 0.012695 0.014368
0 0.353516 0.665948 0.025391 0.021552
0 0.628906 0.649784 0.023438 0.019397
0 0.377441 0.485632 0.022461 0.018678
0 0.558594 0.632902 0.013672 0.018678
0 0.274902 0.698635 0.020508 0.015086
0 0.066895 0.077945 0.022461 0.017960
0 0.112793 0.742098 0.018555 0.028736
0 0.365234 0.766882 0.011719 0.020833
0 0.665527 0.776580 0.014648 0.011494
0 0.766602 0.773348 0.017578 0.016523
0 0.466797 0.064296 0.019531 0.019397
0 0.899902 0.101652 0.012695 0.012213
0 0.162598 0.077945 0.018555 0.015086
0 0.339844 0.509339 0.025391 0.020115
0 0.373535 0.510417 0.022461 0.019397
0 0.465820 0.525503 0.023438 0.012213
0 0.446289 0.526580 0.023438 0.017241
0 0.322266 0.506106 0.023438 0.017960
0 0.283691 0.516523 0.026367 0.020115
0 0.304688 0.559626 0.027344 0.020115
0 0.201172 0.530891 0.023438 0.014368
0 0.250977 0.530172 0.023438 0.012931
0 0.333008 0.566451 0.027344 0.013649
0 0.367676 0.643678 0.018555 0.015805
