0 0.827148 0.470703 0.019531 0.032552
0 0.944824 0.447917 0.014648 0.028646
0 0.922363 0.397786 0.022461 0.032552
0 0.942383 0.379557 0.021484 0.027344
0 0.991699 0.451172 0.016602 0.045573
0 0.993652 0.391276 0.012695 0.037760
0 0.754883 0.442057 0.023438 0.037760
0 0.682129 0.436849 0.020508 0.042969
0 0.590332 0.347656 0.024414 0.031250
0 0.545410 0.371745 0.022461 0.037760
0 0.511719 0.367839 0.017578 0.032552
0 0.459473 0.330078 0.020508 0.029948
0 0.481445 0.351562 0.019531 0.036458
0 0.534668 0.325521 0.020508 0.036458
0 0.468750 0.536458 0.015625 0.033854
0 0.657227 0.392578 0.021484 0.040365
0 0.180664 0.299479 0.017578 0.031250
0 0.053223 0.468750 0.020508 0.031250
0 0.072266 0.421875 0.017578 0.033854
0 0.249512 0.494792 0.022461 0.033854
0 0.234375 0.295573 0.021484 0.033854
0 0.304199 0.304688 0.018555 0.036458
0 0.297363 0.483073 0.022461 0.036458
0 0.339355 0.532552 0.022461 0.033854
0 0.376953 0.473958 0.023438 0.041667
0 0.400391 0.433594 0.021484 0.039062
0 0.333984 0.406250 0.021484 0.028646
0 0.628418 0.367839 0.020508 0.032552
0 0.387695 0.408854 0.013672 0.020833
0 0.090332 0.261068 0.024414 0.037760
