0 0.118652 0.332206 0.061523 0.123139
0 0.571289 0.294317 0.097656 0.155616
0 0.388672 0.194181 0.056641 0.104195
0 0.127930 0.186739 0.060547 0.081191
0 0.019043 0.087957 0.038086 0.086604
0 0.080078 0.139378 0.042969 0.075778
0 0.402344 0.053451 0.048828 0.066306
0 0.245117 0.069689 0.046875 0.071719
0 0.710449 0.150203 0.071289 0.105548
0 0.926270 0.190798 0.055664 0.108254
0 0.240234 0.263870 0.080078 0.132612
0 0.473633 0.402571 0.066406 0.125846
0 0.838379 0.206360 0.086914 0.115020
0 0.743652 0.301759 0.088867 0.127199
0 0.689941 0.231394 0.053711 0.086604
0 0.301270 0.207713 0.057617 0.093369
