0 0.599609 0.604031 0.007812 0.014304
0 0.610352 0.600780 0.009766 0.013004
0 0.633301 0.601430 0.008789 0.011704
0 0.615234 0.595579 0.009766 0.013004
0 0.638184 0.585826 0.008789 0.011704
0 0.646484 0.596879 0.009766 0.013004
0 0.625000 0.620936 0.007812 0.011704
0 0.234375 0.901821 0.017578 0.027308
0 0.314453 0.868010 0.013672 0.024707
0 0.438477 0.707412 0.013672 0.015605
0 0.471680 0.719116 0.013672 0.020806
0 0.392578 0.686606 0.009766 0.023407
0 0.374512 0.691808 0.010742 0.018205
0 0.426270 0.710013 0.010742 0.018205
0 0.271484 0.691808 0.009766 0.013004
0 0.305176 0.688557 0.006836 0.011704
0 0.289062 0.688557 0.007812 0.011704
0 0.053711 0.617685 0.009766 0.018205
0 0.157227 0.609883 0.009766 0.013004
0 0.171875 0.628739 0.005859 0.011704
0 0.145020 0.615085 0.004883 0.013004
0 0.129395 0.645644 0.006836 0.014304
0 0.722168 0.705462 0.012695 0.016905
0 0.731445 0.748375 0.009766 0.019506
0 0.762207 0.671001 0.012695 0.018205
0 0.740723 0.659298 0.014648 0.020806
0 0.765137 0.651495 0.010742 0.015605
0 0.776855 0.656047 0.012695 0.022107
0 0.793457 0.659298 0.010742 0.020806
0 0.829590 0.654746 0.012695 0.022107
0 0.857422 0.669701 0.013672 0.023407
0 0.900879 0.651495 0.014648 0.020806
0 0.948242 0.661899 0.011719 0.020806
0 0.967285 0.700910 0.010742 0.018205
0 0.937988 0.654096 0.010742 0.015605
0 0.919434 0.645644 0.008789 0.022107
0 0.858887 0.644993 0.012695 0.020806
0 0.847168 0.646294 0.008789 0.018205
0 0.826660 0.641743 0.012695 0.014304
0 0.822266 0.661899 0.009766 0.018205
0 0.811523 0.658648 0.009766 0.019506
0 0.531250 0.620936 0.007812 0.014304
0 0.540527 0.656697 0.008789 0.015605
0 0.554688 0.600780 0.007812 0.013004
0 0.572754 0.598830 0.008789 0.011704
0 0.586914 0.596229 0.009766 0.014304
0 0.886230 0.657997 0.010742 0.015605
0 0.869629 0.655397 0.008789 0.015605
0 0.672363 0.615735 0.006836 0.009103
0 0.655762 0.606632 0.004883 0.009103
0 0.619141 0.607282 0.005859 0.007802
0 0.563965 0.594928 0.004883 0.009103
0 0.546387 0.599480 0.004883 0.010403
0 0.611328 0.627438 0.007812 0.009103
0 0.328613 0.719116 0.010742 0.015605
