0 0.645508 0.390117 0.039062 0.070221
0 0.633789 0.453186 0.021484 0.029909
0 0.568848 0.445384 0.020508 0.037711
0 0.527344 0.430429 0.021484 0.031209
0 0.472168 0.451235 0.020508 0.028609
0 0.442383 0.425228 0.021484 0.028609
0 0.408203 0.433680 0.017578 0.029909
0 0.345215 0.444083 0.020508 0.035111
0 0.291992 0.472692 0.017578 0.029909
0 0.243164 0.501951 0.023438 0.039012
0 0.253418 0.459688 0.016602 0.029909
0 0.170898 0.475293 0.023438 0.032510
0 0.119141 0.492198 0.017578 0.029909
0 0.104492 0.611834 0.035156 0.055917
0 0.049316 0.509103 0.026367 0.050715
0 0.032227 0.446034 0.017578 0.026008
0 0.137695 0.465540 0.013672 0.023407
0 0.191406 0.459688 0.015625 0.024707
0 0.248535 0.478544 0.014648 0.023407
0 0.184082 0.475943 0.012695 0.023407
0 0.152832 0.461638 0.012695 0.020806
0 0.121582 0.476593 0.014648 0.022107
