0 0.590332 0.332520 0.149414 0.165039
0 0.386719 0.365723 0.107422 0.127930
0 0.476562 0.272461 0.085938 0.115234
0 0.174805 0.163574 0.031250 0.043945
0 0.293457 0.168945 0.032227 0.035156
0 0.805176 0.185547 0.106445 0.132812
0 0.970215 0.106445 0.053711 0.062500
0 0.973145 0.227539 0.053711 0.068359
0 0.344238 0.162598 0.028320 0.043945
0 0.431152 0.166504 0.028320 0.038086
0 0.411133 0.155762 0.027344 0.040039
0 0.227539 0.182617 0.021484 0.033203
0 0.249512 0.179199 0.030273 0.032227
0 0.008789 0.149414 0.017578 0.029297
0 0.095703 0.159668 0.023438 0.034180
0 0.147461 0.181152 0.025391 0.026367
0 0.491211 0.168457 0.031250 0.034180
0 0.467285 0.166016 0.020508 0.033203
0 0.500977 0.129883 0.027344 0.031250
0 0.539551 0.121582 0.034180 0.045898
0 0.717285 0.105469 0.051758 0.076172
0 0.692383 0.096191 0.042969 0.057617
0 0.784668 0.082031 0.030273 0.029297
0 0.625488 0.044434 0.014648 0.020508
0 0.654297 0.039062 0.013672 0.017578
0 0.712891 0.027832 0.011719 0.012695
0 0.731445 0.020996 0.015625 0.014648
0 1.025391 0.163086 0.000000 0.048828
0 0.762207 0.007324 0.018555 0.014648
0 0.079102 0.205078 0.021484 0.029297
0 0.857422 0.083984 0.050781 0.066406
0 0.052246 0.413574 0.084961 0.069336
