0 0.264648 0.319277 0.021484 0.019462
0 0.351074 0.298888 0.018555 0.021316
0 0.363770 0.319741 0.018555 0.022243
0 0.365723 0.418443 0.016602 0.015755
0 0.329590 0.354032 0.010742 0.012975
0 0.196289 0.115848 0.017578 0.020389
0 0.281250 0.232159 0.017578 0.023170
0 0.456055 0.102873 0.023438 0.020389
0 0.461426 0.297961 0.022461 0.015755
0 0.593262 0.408248 0.020508 0.017609
0 0.519531 0.467563 0.023438 0.021316
0 0.467285 0.372567 0.022461 0.024096
0 0.662598 0.384152 0.022461 0.021316
0 0.202637 0.770621 0.018555 0.015755
0 0.450684 0.568119 0.016602 0.018536
0 0.407715 0.676089 0.020508 0.021316
0 0.544434 0.619092 0.018555 0.022243
0 0.877441 0.745134 0.020508 0.022243
0 0.895020 0.624189 0.020508 0.021316
0 0.636719 0.607970 0.019531 0.025950
0 0.631348 0.686747 0.020508 0.014829
