0 0.651367 0.447094 0.025391 0.053651
0 0.631348 0.450820 0.020508 0.061103
0 0.768555 0.424739 0.039062 0.083458
0 0.715332 0.383010 0.036133 0.071535
0 0.664551 0.372578 0.018555 0.038748
0 0.831543 0.406855 0.028320 0.053651
0 0.809570 0.329359 0.023438 0.041729
0 0.681641 0.386736 0.013672 0.028316
0 0.634766 0.352459 0.017578 0.031297
0 0.896973 0.383756 0.018555 0.040238
0 0.932617 0.365127 0.017578 0.035768
0 0.949219 0.348733 0.015625 0.029806
0 0.979980 0.396423 0.014648 0.020864
0 0.985352 0.600596 0.029297 0.184799
0 0.037109 0.321162 0.017578 0.052161
0 0.984863 0.357675 0.018555 0.026826
0 0.354492 0.509687 0.091797 0.190760
0 0.507324 0.486587 0.090820 0.180328
0 0.141113 0.497765 0.075195 0.172876
0 0.284180 0.460507 0.085938 0.152012
0 0.224609 0.379285 0.048828 0.090909
0 0.468262 0.406110 0.047852 0.117735
0 0.695312 0.763040 0.074219 0.169896
0 0.687500 0.467958 0.031250 0.059613
0 0.860352 0.386736 0.023438 0.040238
0 0.462891 0.143815 0.011719 0.025335
0 0.752441 0.396423 0.028320 0.047690
