0 0.038574 0.322687 0.012695 0.037445
0 0.088379 0.296256 0.008789 0.024229
0 0.127930 0.277533 0.007812 0.030837
0 0.152832 0.275330 0.008789 0.030837
0 0.162109 0.309471 0.009766 0.028634
0 0.125977 0.348018 0.009766 0.026432
0 0.111816 0.367841 0.008789 0.026432
0 0.087402 0.403084 0.014648 0.048458
0 0.151367 0.452643 0.017578 0.050661
0 0.200684 0.235683 0.008789 0.026432
0 0.222656 0.283040 0.007812 0.024229
0 0.221680 0.312775 0.011719 0.026432
0 0.233887 0.322687 0.012695 0.033040
0 0.192383 0.300661 0.009766 0.028634
0 0.166992 0.363436 0.015625 0.039648
0 0.205566 0.370044 0.014648 0.048458
0 0.244629 0.375551 0.016602 0.050661
0 0.238281 0.246696 0.007812 0.026432
0 0.235840 0.213656 0.006836 0.022026
0 0.224609 0.233480 0.005859 0.013216
0 0.279785 0.341410 0.014648 0.039648
0 0.298340 0.399780 0.014648 0.041850
0 0.320801 0.349119 0.010742 0.037445
0 0.319336 0.220264 0.005859 0.026432
0 0.360840 0.229075 0.004883 0.017621
0 0.343750 0.296256 0.005859 0.019824
0 0.354004 0.298458 0.008789 0.024229
0 0.351562 0.412996 0.015625 0.050661
0 0.362305 0.305066 0.007812 0.019824
0 0.374023 0.300661 0.009766 0.033040
0 0.365723 0.349119 0.010742 0.037445
0 0.395508 0.386564 0.013672 0.041850
0 0.385742 0.366740 0.009766 0.041850
0 0.442871 0.366740 0.014648 0.046256
0 0.445801 0.493392 0.018555 0.048458
0 0.463379 0.346916 0.010742 0.037445
0 0.486328 0.279736 0.007812 0.022026
0 0.501953 0.277533 0.003906 0.013216
0 0.490234 0.328194 0.007812 0.030837
0 0.499023 0.382159 0.013672 0.037445
0 0.470215 0.390969 0.006836 0.024229
0 0.315918 0.245595 0.004883 0.015419
0 0.432617 0.200441 0.007812 0.022026
0 0.413086 0.187225 0.007812 0.022026
0 0.466309 0.248899 0.008789 0.026432
0 0.471191 0.224670 0.004883 0.017621
0 0.534668 0.370044 0.010742 0.039648
0 0.574707 0.393172 0.014648 0.041850
0 0.593262 0.212555 0.006836 0.019824
0 0.601562 0.200441 0.005859 0.017621
0 0.596680 0.250000 0.005859 0.015419
0 0.602051 0.273128 0.006836 0.022026
0 0.587402 0.340308 0.008789 0.046256
0 0.611816 0.392070 0.014648 0.039648
0 0.623535 0.245595 0.004883 0.015419
0 0.622559 0.299559 0.008789 0.030837
0 0.684570 0.300661 0.005859 0.019824
0 0.638184 0.288546 0.004883 0.013216
0 0.720215 0.397577 0.014648 0.041850
0 0.664551 0.375551 0.012695 0.028634
0 0.691406 0.353524 0.007812 0.024229
0 0.689941 0.270925 0.006836 0.022026
0 0.674805 0.262115 0.005859 0.022026
0 0.791016 0.319383 0.005859 0.030837
0 0.799805 0.302863 0.007812 0.033040
0 0.643555 0.351322 0.005859 0.033040
0 0.766113 0.234581 0.006836 0.015419
0 0.734375 0.201542 0.005859 0.015419
0 0.767578 0.394273 0.017578 0.044053
0 0.830566 0.394273 0.014648 0.048458
0 0.858887 0.360132 0.014648 0.037445
0 0.889160 0.311674 0.012695 0.028634
0 0.954590 0.325991 0.012695 0.039648
0 0.890625 0.350220 0.017578 0.048458
0 0.962402 0.394273 0.016602 0.048458
0 0.836914 0.291850 0.005859 0.024229
0 0.890625 0.251101 0.007812 0.026432
