0 0.699219 0.456808 0.070312 0.158126
0 0.898438 0.485359 0.078125 0.159590
0 0.780762 0.420937 0.045898 0.080527
0 0.943359 0.432650 0.050781 0.115666
0 0.989746 0.396047 0.012695 0.019034
0 0.619629 0.386530 0.014648 0.026354
0 0.635742 0.360176 0.009766 0.020498
0 0.596191 0.387262 0.020508 0.036603
0 0.583984 0.394583 0.015625 0.036603
0 0.568359 0.380673 0.011719 0.023426
0 0.604492 0.363104 0.009766 0.017570
0 0.554688 0.357247 0.007812 0.017570
0 0.542480 0.362372 0.008789 0.016105
0 0.535156 0.393119 0.019531 0.042460
0 0.531250 0.362372 0.011719 0.019034
0 0.522949 0.357980 0.004883 0.010249
0 0.505859 0.366032 0.013672 0.026354
0 0.466797 0.359444 0.019531 0.045388
0 0.489258 0.378477 0.013672 0.027818
0 0.493164 0.358712 0.007812 0.014641
0 0.428223 0.358712 0.014648 0.035139
0 0.365234 0.349927 0.017578 0.035139
0 0.386230 0.362372 0.012695 0.024890
0 0.397461 0.352855 0.007812 0.014641
0 0.317871 0.359444 0.022461 0.042460
0 0.307129 0.340410 0.014648 0.033675
0 0.223145 0.385798 0.032227 0.054173
0 0.228516 0.330161 0.025391 0.048316
0 0.250488 0.336018 0.010742 0.024890
0 0.240723 0.317716 0.008789 0.020498
0 0.259277 0.330161 0.010742 0.021962
0 0.271973 0.327233 0.006836 0.016105
0 0.210938 0.344802 0.005859 0.013177
0 0.212891 0.329429 0.005859 0.014641
0 0.184082 0.325769 0.012695 0.016105
0 0.161621 0.346999 0.014648 0.029283
0 0.185059 0.342606 0.012695 0.011713
0 0.120605 0.328697 0.016602 0.027818
0 0.108887 0.316984 0.014648 0.024890
0 0.085449 0.316984 0.014648 0.030747
0 0.062500 0.309663 0.009766 0.016105
0 0.057617 0.353587 0.011719 0.021962
0 0.033203 0.300146 0.009766 0.017570
0 0.014160 0.297950 0.010742 0.019034
0 0.006348 0.361640 0.012695 0.061493
0 0.022949 0.311859 0.006836 0.014641
0 0.179199 0.309663 0.004883 0.010249
0 0.166016 0.319180 0.007812 0.014641
0 0.534668 0.348463 0.004883 0.008785
0 0.532227 0.336018 0.003906 0.007321
0 0.543457 0.336018 0.006836 0.013177
