0 0.142578 0.751466 0.017578 0.033724
0 0.184570 0.850440 0.025391 0.046921
0 0.235840 0.785924 0.014648 0.035191
0 0.267578 0.745601 0.017578 0.036657
0 0.026855 0.848240 0.016602 0.033724
0 0.046875 0.913490 0.019531 0.038123
0 0.127441 0.682551 0.012695 0.027859
0 0.011719 0.714076 0.015625 0.038123
0 0.110840 0.435484 0.018555 0.026393
0 0.147461 0.428886 0.015625 0.027859
0 0.188477 0.409091 0.017578 0.029326
0 0.188965 0.478739 0.012695 0.027859
0 0.269043 0.446481 0.010742 0.027859
0 0.259766 0.334311 0.013672 0.029326
0 0.167480 0.283724 0.012695 0.019062
0 0.024902 0.376100 0.012695 0.021994
0 0.309570 0.738270 0.017578 0.030792
0 0.378418 0.677419 0.018555 0.032258
0 0.278320 0.678886 0.013672 0.026393
0 0.454590 0.818915 0.010742 0.027859
0 0.525879 0.664956 0.016602 0.033724
0 0.555664 0.739003 0.019531 0.035191
0 0.661621 0.813783 0.022461 0.035191
0 0.729492 0.706012 0.019531 0.039589
0 0.659668 0.670088 0.016602 0.035191
0 0.758301 0.736070 0.014648 0.035191
0 0.569824 0.928152 0.012695 0.035191
0 0.975098 0.735337 0.016602 0.030792
0 0.932129 0.708211 0.020508 0.038123
0 0.891602 0.708211 0.017578 0.035191
0 0.828125 0.691349 0.013672 0.027859
0 0.801270 0.722141 0.016602 0.033724
0 0.938477 0.813050 0.013672 0.024927
0 0.928711 0.906891 0.011719 0.027859
0 0.787109 0.825513 0.019531 0.041056
0 0.982422 0.911290 0.023438 0.033724
0 0.533691 0.277859 0.012695 0.027859
0 0.568848 0.353372 0.010742 0.026393
0 0.602539 0.363636 0.011719 0.026393
0 0.697266 0.347507 0.011719 0.029326
0 0.614746 0.281525 0.012695 0.023460
0 0.637207 0.277126 0.010742 0.020528
0 0.680664 0.280792 0.011719 0.024927
0 0.748535 0.359238 0.014648 0.023460
0 0.751953 0.275660 0.009766 0.020528
0 0.469727 0.295455 0.011719 0.019062
0 0.397949 0.384897 0.012695 0.016129
0 0.395508 0.366569 0.013672 0.020528
0 0.373535 0.340909 0.012695 0.021994
0 0.351562 0.341642 0.013672 0.020528
0 0.312988 0.356305 0.012695 0.020528
0 0.308594 0.431818 0.011719 0.021994
0 0.417480 0.311584 0.012695 0.021994
0 0.355957 0.297654 0.012695 0.023460
0 0.365234 0.752933 0.013672 0.021994
0 0.458496 0.738270 0.014648 0.030792
0 0.891113 0.229472 0.010742 0.021994
0 0.914551 0.253666 0.010742 0.023460
0 0.919434 0.269062 0.010742 0.021994
0 0.969727 0.305718 0.013672 0.019062
0 0.955566 0.276393 0.008789 0.019062
0 0.982422 0.379032 0.013672 0.024927
0 0.994629 0.351173 0.010742 0.030792
0 0.905762 0.311584 0.010742 0.021994
0 0.907715 0.342375 0.010742 0.021994
0 0.878906 0.343842 0.011719 0.024927
0 0.903320 0.378299 0.011719 0.023460
0 0.963379 0.407625 0.018555 0.017595
0 0.835938 0.236070 0.011719 0.020528
0 0.861816 0.228006 0.008789 0.024927
0 0.861328 0.316716 0.011719 0.020528
0 0.791992 0.252933 0.011719 0.021994
0 0.836914 0.332845 0.011719 0.026393
0 0.851562 0.383431 0.011719 0.021994
0 0.798340 0.346774 0.012695 0.024927
0 0.804199 0.323314 0.010742 0.019062
0 0.144043 0.152493 0.010742 0.014663
0 0.114258 0.142229 0.009766 0.014663
0 0.381348 0.159091 0.010742 0.019062
0 0.423828 0.151760 0.009766 0.019062
0 0.274414 0.206745 0.007812 0.014663
0 0.114746 0.385630 0.012695 0.026393
0 0.500000 0.119501 0.009766 0.016129
0 0.340332 0.093842 0.006836 0.014663
0 0.422852 0.082111 0.009766 0.011730
0 0.268066 0.057185 0.008789 0.011730
0 0.312012 0.057918 0.008789 0.013196
0 0.387695 0.079179 0.007812 0.011730
0 0.802246 0.101173 0.008789 0.014663
0 0.833008 0.108504 0.007812 0.014663
0 0.889160 0.090176 0.006836 0.013196
0 0.589844 0.689883 0.015625 0.036657
0 0.245117 0.472874 0.011719 0.027859
0 0.289062 0.356305 0.013672 0.023460
0 0.552246 0.060117 0.008789 0.017595
0 0.616699 0.043255 0.010742 0.016129
0 0.652344 0.019795 0.007812 0.016129
0 0.455566 0.120235 0.008789 0.014663
0 0.176758 0.022727 0.007812 0.013196
0 0.212402 0.013196 0.006836 0.011730
0 0.241699 0.013930 0.006836 0.010264
0 0.139648 0.016129 0.007812 0.011730
0 0.944336 0.249267 0.015625 0.020528
0 0.985840 0.107038 0.010742 0.020528
0 0.964844 0.112903 0.011719 0.017595
0 0.902832 0.097507 0.008789 0.019062
0 0.913574 0.799120 0.014648 0.038123
0 0.876953 0.639296 0.009766 0.011730
0 0.883301 0.266862 0.006836 0.017595
0 0.615234 0.349707 0.005859 0.016129
0 0.564941 0.291056 0.010742 0.016129
0 0.594238 0.285191 0.008789 0.021994
0 0.708496 0.272727 0.008789 0.020528
0 0.720215 0.267595 0.006836 0.019062
0 0.207520 0.384897 0.010742 0.016129
0 0.223633 0.487537 0.009766 0.030792
0 0.307129 0.464809 0.012695 0.026393
0 0.004883 0.206745 0.009766 0.026393
0 0.006836 0.365103 0.013672 0.023460
0 0.062500 0.453079 0.015625 0.023460
0 0.043945 0.477273 0.015625 0.027859
0 0.124512 0.385630 0.006836 0.026393
0 0.209961 0.403959 0.005859 0.016129
0 0.221680 0.428152 0.009766 0.026393
0 0.185059 0.543988 0.004883 0.023460
0 0.226074 0.596774 0.008789 0.017595
0 0.294922 0.589443 0.009766 0.020528
0 0.116211 0.539589 0.005859 0.011730
0 0.938965 0.038123 0.004883 0.008798
0 0.848633 0.104839 0.007812 0.013196
0 0.805176 0.074780 0.006836 0.011730
0 0.782227 0.030792 0.005859 0.011730
0 0.747070 0.027126 0.005859 0.010264
0 0.762207 0.081378 0.008789 0.013196
0 0.750000 0.096041 0.009766 0.013196
0 0.781738 0.131965 0.008789 0.014663
0 0.791992 0.096041 0.005859 0.013196
0 0.795898 0.126100 0.005859 0.014663
0 0.808105 0.112903 0.004883 0.008798
0 0.811035 0.100440 0.006836 0.016129
0 0.704590 0.026393 0.006836 0.011730
0 0.761719 0.140029 0.007812 0.007331
0 0.741699 0.137097 0.006836 0.007331
0 0.724609 0.137830 0.007812 0.008798
0 0.699707 0.137097 0.010742 0.010264
0 0.679688 0.132698 0.007812 0.010264
0 0.670410 0.064516 0.008789 0.011730
0 0.583008 0.064516 0.007812 0.011730
0 0.587891 0.016862 0.005859 0.010264
0 0.498535 0.094575 0.008789 0.013196
0 0.468262 0.016862 0.004883 0.007331
0 0.464355 0.066716 0.006836 0.010264
0 0.417480 0.031525 0.006836 0.010264
0 0.432617 0.002933 0.005859 0.005865
0 0.375000 0.196481 0.009766 0.014663
0 0.308594 0.106305 0.009766 0.013196
0 0.919434 0.124633 0.012695 0.017595
0 0.612793 0.096774 0.008789 0.011730
0 0.633789 0.095308 0.009766 0.014663
0 0.657227 0.153226 0.009766 0.016129
0 0.629395 0.134897 0.008789 0.014663
0 0.583496 0.135630 0.008789 0.016129
0 0.564453 0.108504 0.009766 0.017595
0 0.556152 0.123167 0.006836 0.011730
0 0.619629 0.156158 0.006836 0.013196
0 0.643066 0.106305 0.008789 0.016129
0 0.630371 0.166422 0.008789 0.016129
0 0.494629 0.068915 0.008789 0.014663
0 0.500000 0.028592 0.009766 0.016129
0 0.506836 0.029326 0.007812 0.014663
0 0.441406 0.038856 0.007812 0.016129
0 0.259766 0.141496 0.007812 0.016129
0 0.027344 0.239736 0.013672 0.021994
0 0.092773 0.164956 0.007812 0.010264
0 0.046387 0.366569 0.010742 0.020528
0 0.954102 0.446481 0.013672 0.021994
0 0.863770 0.448680 0.012695 0.026393
0 0.867676 0.480205 0.014648 0.021994
0 0.829102 0.373167 0.011719 0.021994
0 0.912109 0.546188 0.015625 0.027859
0 0.832520 0.590176 0.014648 0.030792
0 0.931641 0.381965 0.013672 0.021994
0 0.920410 0.401760 0.012695 0.023460
0 0.937988 0.332111 0.008789 0.019062
0 0.300293 0.913490 0.014648 0.032258
0 0.324219 0.825513 0.011719 0.029326
0 0.213379 0.738270 0.016602 0.030792
0 0.178711 0.252199 0.009766 0.017595
0 0.059082 0.195748 0.008789 0.016129
0 0.146973 0.189883 0.010742 0.016129
0 0.241699 0.397361 0.010742 0.020528
0 0.206055 0.414223 0.009766 0.016129
0 0.062012 0.359971 0.012695 0.021994
0 0.097168 0.387830 0.012695 0.021994
0 0.997070 0.456012 0.005859 0.023460
0 0.994629 0.442082 0.010742 0.027859
0 0.060547 0.769062 0.017578 0.036657
