0 0.020996 0.560761 0.040039 0.087848
0 0.023926 0.661786 0.034180 0.087848
0 0.099609 0.956076 0.082031 0.087848
0 0.307129 0.669107 0.059570 0.102489
0 0.356934 0.595900 0.047852 0.099561
0 0.419922 0.734261 0.056641 0.121523
0 0.487793 0.610542 0.059570 0.111274
0 0.450684 0.904832 0.090820 0.146413
0 0.594238 0.678624 0.053711 0.092240
0 0.633301 0.710102 0.051758 0.099561
0 0.730469 0.576867 0.041016 0.081991
0 0.759766 0.740849 0.050781 0.120059
0 0.741699 0.775256 0.049805 0.103953
0 0.812012 0.484627 0.038086 0.079063
0 0.858887 0.581259 0.053711 0.096633
0 0.493652 0.935578 0.036133 0.079063
0 0.495117 0.878477 0.046875 0.090776
0 0.092773 0.813324 0.048828 0.074671
0 0.982422 0.565154 0.033203 0.073206
0 0.931641 0.619327 0.041016 0.081991
0 0.965332 0.772328 0.067383 0.165447
0 0.850098 0.958272 0.077148 0.083455
0 0.953125 0.535139 0.050781 0.101025
