0 0.234863 0.065154 0.032227 0.062958
0 0.085938 0.199854 0.050781 0.092240
0 0.209473 0.138360 0.036133 0.071742
0 0.314941 0.191801 0.049805 0.093704
0 0.097656 0.344802 0.056641 0.095168
0 0.258789 0.334553 0.050781 0.086384
0 0.214844 0.355783 0.021484 0.046852
0 0.425781 0.251830 0.035156 0.052709
0 0.162598 0.522694 0.112305 0.228404
0 0.414062 0.584187 0.097656 0.187408
0 0.471191 0.263543 0.043945 0.090776
0 0.570312 0.284041 0.042969 0.073206
0 0.619629 0.420205 0.094727 0.131772
0 0.828613 0.840410 0.122070 0.219619
0 0.629883 0.161054 0.029297 0.043924
0 0.597168 0.195461 0.041992 0.077599
0 0.642578 0.231332 0.039062 0.064422
0 0.716797 0.194729 0.033203 0.061493
0 0.763184 0.304539 0.045898 0.073206
0 0.796875 0.178624 0.029297 0.040996
0 0.804688 0.631772 0.107422 0.197657
0 0.130371 0.104685 0.041992 0.074671
0 0.589355 0.092972 0.026367 0.057101
0 0.856934 0.229136 0.045898 0.083455
0 0.739258 0.251098 0.042969 0.074671
0 0.896484 0.065886 0.015625 0.032211
0 0.880859 0.117130 0.027344 0.040996
