0 0.817383 0.618490 0.009766 0.018229
0 0.847168 0.616536 0.008789 0.022135
0 0.825684 0.600260 0.010742 0.007812
0 0.873047 0.608073 0.009766 0.013021
0 0.887207 0.570964 0.006836 0.014323
0 0.898438 0.548177 0.007812 0.007812
0 0.902344 0.559245 0.005859 0.011719
0 0.906250 0.558594 0.001953 0.007812
0 0.863770 0.493490 0.004883 0.007812
0 0.883301 0.513672 0.004883 0.009115
0 0.902344 0.519531 0.003906 0.007812
0 0.918457 0.513672 0.004883 0.009115
0 0.878418 0.583984 0.008789 0.014323
0 0.872559 0.578776 0.006836 0.014323
0 0.741211 0.534505 0.003906 0.006510
0 0.957520 0.548177 0.008789 0.013021
0 0.847656 0.476562 0.005859 0.010417
0 0.971191 0.530599 0.004883 0.011719
0 0.924805 0.521484 0.005859 0.009115
0 0.859863 0.718750 0.016602 0.026042
0 0.847656 0.757812 0.019531 0.033854
0 0.879395 0.759115 0.016602 0.036458
0 0.906250 0.753906 0.013672 0.036458
0 0.973145 0.638672 0.012695 0.019531
0 0.886230 0.964193 0.024414 0.055990
0 0.987793 0.853516 0.024414 0.045573
0 0.032227 0.595703 0.007812 0.019531
0 0.071777 0.569661 0.012695 0.022135
0 0.055664 0.613932 0.011719 0.024740
0 0.152832 0.600911 0.008789 0.016927
0 0.185059 0.531250 0.010742 0.015625
0 0.083496 0.662109 0.016602 0.029948
0 0.114258 0.718099 0.011719 0.027344
0 0.199219 0.690104 0.019531 0.028646
0 0.218262 0.660156 0.016602 0.026042
0 0.014648 0.727865 0.019531 0.033854
0 0.088379 0.752604 0.018555 0.033854
0 0.215332 0.787760 0.022461 0.031250
0 0.196289 0.831380 0.013672 0.040365
0 0.081543 0.865885 0.010742 0.041667
0 0.169922 0.908203 0.019531 0.029948
0 0.170410 0.980469 0.036133 0.036458
0 0.304199 0.533854 0.008789 0.015625
0 0.312012 0.557943 0.010742 0.019531
0 0.319336 0.606771 0.015625 0.018229
0 0.360840 0.551432 0.008789 0.014323
0 0.401855 0.595703 0.010742 0.019531
0 0.399414 0.534505 0.007812 0.011719
0 0.508301 0.865885 0.026367 0.046875
0 0.270996 0.819010 0.024414 0.049479
0 0.337891 0.786458 0.023438 0.044271
0 0.386719 0.776693 0.017578 0.037760
0 0.322266 0.886719 0.035156 0.062500
0 0.410645 0.856771 0.006836 0.033854
0 0.441895 0.945964 0.018555 0.050781
0 0.575195 0.698568 0.017578 0.032552
0 0.634277 0.767578 0.008789 0.022135
0 0.734375 0.792318 0.017578 0.037760
0 0.618652 0.809896 0.024414 0.041667
0 0.560059 0.955078 0.030273 0.053385
0 0.642090 0.899089 0.016602 0.050781
0 0.485840 0.751302 0.016602 0.028646
0 0.492676 0.773438 0.016602 0.041667
0 0.770508 0.681641 0.015625 0.022135
0 0.625000 0.664714 0.017578 0.027344
0 0.496094 0.544271 0.009766 0.013021
0 0.611816 0.552083 0.010742 0.018229
0 0.520996 0.605469 0.012695 0.020833
0 0.523926 0.621745 0.010742 0.022135
0 0.586914 0.553385 0.005859 0.013021
0 0.541992 0.541016 0.011719 0.014323
0 0.637207 0.557943 0.006836 0.011719
0 0.645508 0.559245 0.007812 0.011719
0 0.913574 0.595052 0.012695 0.020833
0 0.816406 0.474609 0.005859 0.006510
0 0.820801 0.495443 0.004883 0.009115
0 0.827148 0.491536 0.005859 0.011719
0 0.771484 0.529297 0.009766 0.011719
0 0.849121 0.514974 0.004883 0.009115
0 0.749512 0.619792 0.012695 0.028646
0 0.764648 0.598307 0.011719 0.019531
0 0.807129 0.565755 0.002930 0.009115
0 0.001465 0.654297 0.002930 0.014323
0 0.850098 0.593099 0.008789 0.011719
0 0.933594 0.473958 0.005859 0.010417
0 0.886230 0.622396 0.010742 0.020833
