0 0.395508 0.718155 0.021484 0.045388
0 0.553223 0.707174 0.024414 0.046852
0 0.581543 0.702050 0.018555 0.033675
0 0.359863 0.710835 0.022461 0.036603
0 0.330078 0.720351 0.019531 0.032211
0 0.258301 0.704246 0.024414 0.040996
0 0.188965 0.663250 0.049805 0.064422
0 0.074707 0.678624 0.024414 0.036603
0 0.098633 0.663982 0.019531 0.033675
0 0.023438 0.626647 0.037109 0.064422
0 0.400391 0.682284 0.021484 0.032211
0 0.361816 0.686676 0.016602 0.038067
0 0.311523 0.688873 0.009766 0.019034
0 0.282715 0.699122 0.016602 0.033675
0 0.213379 0.534407 0.010742 0.023426
0 0.162598 0.532943 0.012695 0.023426
0 0.777344 0.729136 0.027344 0.038067
0 0.825195 0.740117 0.027344 0.039531
0 0.916016 0.723280 0.035156 0.055637
0 0.726074 0.720351 0.022461 0.038067
0 0.783691 0.691801 0.020508 0.033675
0 0.801758 0.713763 0.021484 0.033675
0 0.744629 0.726208 0.014648 0.023426
0 0.750488 0.697657 0.016602 0.030747
0 0.862793 0.712299 0.026367 0.039531
0 0.021973 0.583455 0.030273 0.051245
0 0.436035 0.691069 0.014648 0.029283
