0 0.688965 0.639706 0.008789 0.014706
0 0.608887 0.566176 0.006836 0.011765
0 0.641602 0.533088 0.005859 0.010294
0 0.611816 0.649265 0.006836 0.016176
0 0.581055 0.629412 0.007812 0.014706
0 0.560547 0.643382 0.007812 0.013235
0 0.674805 0.616912 0.007812 0.013235
0 0.526855 0.658088 0.008789 0.016176
0 0.559082 0.567647 0.006836 0.011765
0 0.530762 0.619853 0.008789 0.016176
0 0.517578 0.598529 0.007812 0.014706
0 0.512695 0.566912 0.005859 0.010294
0 0.489746 0.599265 0.006836 0.013235
0 0.354492 0.724265 0.009766 0.019118
0 0.390625 0.692647 0.009766 0.017647
0 0.328125 0.713235 0.007812 0.014706
0 0.212402 0.708088 0.012695 0.019118
0 0.248535 0.732353 0.010742 0.017647
0 0.214844 0.740441 0.007812 0.019118
0 0.195312 0.791912 0.013672 0.022059
0 0.289551 0.650735 0.008789 0.016176
0 0.293457 0.586029 0.006836 0.013235
0 0.241699 0.599265 0.006836 0.013235
0 0.209473 0.611765 0.008789 0.014706
0 0.210938 0.569853 0.005859 0.010294
0 0.171875 0.647059 0.009766 0.017647
0 0.135742 0.615441 0.007812 0.013235
0 0.104004 0.579412 0.008789 0.011765
0 0.088867 0.634559 0.007812 0.013235
0 0.043945 0.583088 0.005859 0.010294
0 0.076660 0.650000 0.008789 0.014706
0 0.449219 0.566176 0.005859 0.011765
0 0.424316 0.672794 0.010742 0.016176
0 0.461426 0.649265 0.008789 0.016176
0 0.407227 0.595588 0.007812 0.014706
0 0.414062 0.572794 0.005859 0.013235
0 0.401367 0.586029 0.007812 0.010294
0 0.398926 0.535294 0.004883 0.008824
0 0.385742 0.562500 0.005859 0.010294
0 0.378418 0.539706 0.004883 0.008824
0 0.359863 0.552206 0.006836 0.013235
0 0.425781 0.635294 0.007812 0.014706
0 0.326660 0.635294 0.008789 0.014706
0 0.371094 0.600735 0.005859 0.013235
0 0.322754 0.595588 0.008789 0.011765
0 0.089355 0.809559 0.008789 0.019118
0 0.826172 0.677206 0.009766 0.016176
0 0.791016 0.641912 0.005859 0.013235
0 0.741211 0.635294 0.009766 0.017647
0 0.774414 0.582353 0.007812 0.011765
0 0.739746 0.611765 0.008789 0.014706
0 0.742188 0.583088 0.007812 0.013235
0 0.710449 0.577941 0.008789 0.014706
0 0.927246 0.959559 0.016602 0.048529
0 0.979004 0.946324 0.026367 0.042647
0 0.798340 0.947059 0.010742 0.038235
0 0.750488 0.956618 0.010742 0.036765
0 0.957031 0.634559 0.011719 0.016176
0 0.930664 0.654412 0.007812 0.017647
0 0.888184 0.713971 0.014648 0.025000
0 0.857910 0.619853 0.006836 0.013235
0 0.942871 0.622059 0.010742 0.017647
0 0.936523 0.598529 0.007812 0.011765
0 0.886719 0.617647 0.007812 0.014706
0 0.875977 0.588971 0.007812 0.013235
0 0.762695 0.758088 0.013672 0.025000
0 0.718750 0.780147 0.007812 0.025000
0 0.701172 0.759559 0.013672 0.025000
0 0.572754 0.812500 0.016602 0.027941
0 0.566895 0.738971 0.010742 0.025000
0 0.611328 0.792647 0.007812 0.023529
0 0.883789 0.552206 0.005859 0.013235
0 0.831055 0.500735 0.003906 0.010294
0 0.806152 0.528676 0.004883 0.010294
0 0.810059 0.526471 0.004883 0.008824
0 0.845215 0.480882 0.004883 0.008824
0 0.806641 0.500000 0.003906 0.008824
0 0.837402 0.505882 0.004883 0.008824
0 0.359375 0.899265 0.017578 0.022059
0 0.170898 0.494118 0.005859 0.008824
0 0.192871 0.463971 0.004883 0.007353
0 0.155273 0.464706 0.003906 0.005882
0 0.918457 0.494853 0.004883 0.010294
0 0.918457 0.480882 0.004883 0.008824
0 0.955078 0.446324 0.003906 0.007353
0 0.949707 0.822059 0.018555 0.020588
0 0.569336 0.770588 0.009766 0.020588
0 0.531738 0.794118 0.006836 0.020588
0 0.414062 0.482353 0.003906 0.008824
0 0.454590 0.484559 0.004883 0.007353
0 0.450195 0.466912 0.003906 0.007353
0 0.429688 0.463971 0.003906 0.007353
0 0.386719 0.476471 0.003906 0.005882
0 0.398438 0.477206 0.003906 0.007353
0 0.372070 0.475735 0.003906 0.007353
0 0.447266 0.511029 0.003906 0.007353
0 0.615234 0.519853 0.003906 0.010294
0 0.566895 0.516912 0.004883 0.010294
0 0.543457 0.538235 0.006836 0.011765
0 0.576172 0.475735 0.003906 0.007353
0 0.584961 0.517647 0.003906 0.008824
0 0.596680 0.795588 0.013672 0.023529
0 0.062500 0.492647 0.005859 0.008824
0 0.098145 0.500735 0.004883 0.007353
0 0.041504 0.497059 0.004883 0.008824
0 0.952637 0.436765 0.004883 0.008824
0 0.247559 0.763971 0.010742 0.022059
0 0.671875 0.541912 0.005859 0.013235
0 0.327148 0.616912 0.005859 0.010294
0 0.500000 0.539706 0.003906 0.008824
