0 0.803223 0.790936 0.071289 0.119883
0 0.974609 0.706871 0.044922 0.092105
0 0.943359 0.211988 0.023438 0.040936
0 0.885742 0.157164 0.015625 0.030702
0 0.951172 0.125000 0.009766 0.027778
0 0.881836 0.128655 0.009766 0.020468
0 0.944336 0.056287 0.009766 0.019006
0 0.737793 0.092105 0.008789 0.017544
0 0.713379 0.094298 0.010742 0.019006
0 0.717773 0.296053 0.025391 0.042398
0 0.592285 0.353070 0.026367 0.045322
0 0.633789 0.092836 0.009766 0.019006
0 0.562988 0.121345 0.008789 0.017544
0 0.549805 0.168860 0.011719 0.024854
0 0.518555 0.191520 0.011719 0.026316
0 0.536621 0.184942 0.008789 0.019006
0 0.634277 0.116959 0.006836 0.020468
0 0.602051 0.110380 0.012695 0.021930
0 0.444824 0.127193 0.006836 0.014620
0 0.421387 0.162281 0.008789 0.020468
0 0.319336 0.207602 0.009766 0.017544
0 0.308105 0.181287 0.008789 0.017544
0 0.314453 0.157895 0.005859 0.011696
0 0.017090 0.282895 0.012695 0.021930
0 0.107422 0.470760 0.033203 0.058480
0 0.175293 0.412281 0.024414 0.046784
