0 0.997070 0.318484 0.005859 0.014628
0 0.923340 0.337101 0.012695 0.019947
0 0.899902 0.424867 0.014648 0.035904
0 0.866699 0.412234 0.018555 0.031915
0 0.822754 0.464096 0.020508 0.055851
0 0.795898 0.402261 0.017578 0.033245
0 0.858887 0.363697 0.010742 0.027926
0 0.905762 0.355718 0.014648 0.022606
0 0.804688 0.351729 0.011719 0.017287
0 0.762695 0.367021 0.021484 0.029255
0 0.666992 0.484043 0.033203 0.053191
0 0.583008 0.464096 0.044922 0.077128
0 0.551270 0.366356 0.012695 0.027926
0 0.300781 0.356383 0.015625 0.029255
0 0.235840 0.410904 0.014648 0.031915
0 0.045410 0.327128 0.012695 0.018617
0 0.049805 0.375665 0.013672 0.027926
0 0.021973 0.355053 0.010742 0.023936
0 0.211914 0.323138 0.011719 0.018617
0 0.732910 0.315160 0.008789 0.013298
0 0.841797 0.341755 0.009766 0.015957
0 0.833984 0.322473 0.009766 0.017287
0 0.946289 0.337101 0.011719 0.017287
0 0.881836 0.353723 0.007812 0.013298
0 0.766113 0.304521 0.006836 0.015957
0 0.776855 0.306516 0.006836 0.014628
0 0.007812 0.309176 0.011719 0.017287
0 0.006348 0.328457 0.010742 0.018617
0 0.022949 0.309176 0.006836 0.009309
0 0.163574 0.324468 0.010742 0.018617
0 0.664062 0.380984 0.011719 0.030585
