0 0.089844 0.460469 0.011719 0.013177
0 0.017578 0.459004 0.009766 0.013177
0 0.046387 0.408492 0.008789 0.014641
0 0.162598 0.398243 0.008789 0.011713
0 0.171875 0.382138 0.007812 0.011713
0 0.183594 0.399707 0.009766 0.014641
0 0.098633 0.442167 0.011719 0.014641
0 0.063477 0.453880 0.011719 0.017570
0 0.072754 0.437042 0.008789 0.013177
0 0.078125 0.450220 0.005859 0.007321
0 0.151367 0.447291 0.003906 0.007321
0 0.076172 0.473646 0.005859 0.007321
0 0.149414 0.428258 0.005859 0.010249
0 0.034668 0.464129 0.006836 0.011713
0 0.026855 0.413616 0.006836 0.010249
0 0.084961 0.387994 0.003906 0.005857
0 0.094727 0.384334 0.003906 0.004392
0 0.197754 0.382138 0.006836 0.008785
0 0.174805 0.473646 0.013672 0.016105
0 0.202148 0.471449 0.011719 0.020498
0 0.144531 0.491947 0.011719 0.017570
0 0.102539 0.486091 0.009766 0.011713
0 0.063477 0.530015 0.013672 0.023426
0 0.167480 0.560761 0.014648 0.026354
0 0.118164 0.558565 0.021484 0.027818
0 0.006836 0.525622 0.011719 0.020498
0 0.159668 0.510249 0.010742 0.013177
0 0.045410 0.464129 0.008789 0.005857
0 0.002441 0.426794 0.002930 0.013177
0 0.023438 0.472182 0.007812 0.010249
0 0.111816 0.441435 0.006836 0.004392
0 0.181641 0.423865 0.003906 0.004392
0 0.033691 0.649341 0.020508 0.036603
0 0.090820 0.580527 0.017578 0.033675
0 0.217773 0.567350 0.015625 0.024890
0 0.174316 0.647877 0.020508 0.033675
0 0.224609 0.671303 0.027344 0.039531
0 0.059570 0.668375 0.023438 0.039531
0 0.013672 0.724012 0.019531 0.033675
0 0.088379 0.724744 0.024414 0.043924
0 0.049316 0.750366 0.028320 0.036603
0 0.038086 0.818448 0.029297 0.052709
0 0.083496 0.803807 0.024414 0.046852
0 0.119141 0.805271 0.029297 0.049780
0 0.177246 0.731332 0.026367 0.054173
0 0.160156 0.820644 0.027344 0.051245
0 0.210449 0.792826 0.028320 0.051245
0 0.240234 0.757687 0.031250 0.062958
0 0.270020 0.797950 0.030273 0.046852
0 0.234863 0.874817 0.028320 0.051245
0 0.300781 0.825037 0.029297 0.048316
0 0.269043 0.668375 0.022461 0.030747
0 0.227539 0.380673 0.005859 0.011713
0 0.250000 0.379209 0.007812 0.014641
0 0.211426 0.440703 0.010742 0.020498
0 0.234863 0.434846 0.012695 0.014641
0 0.250000 0.415813 0.005859 0.008785
0 0.273438 0.407760 0.009766 0.013177
0 0.263184 0.424597 0.010742 0.017570
0 0.274902 0.386530 0.010742 0.008785
0 0.292969 0.404832 0.009766 0.013177
0 0.294922 0.422401 0.007812 0.010249
0 0.242676 0.461933 0.010742 0.010249
0 0.317383 0.399707 0.009766 0.011713
0 0.331055 0.409956 0.009766 0.017570
0 0.345215 0.445827 0.008789 0.010249
0 0.349609 0.411420 0.005859 0.011713
0 0.342285 0.384334 0.008789 0.016105
0 0.372559 0.387994 0.006836 0.014641
0 0.312012 0.417277 0.006836 0.011713
0 0.242676 0.500732 0.012695 0.017570
0 0.278320 0.475110 0.011719 0.021962
0 0.349121 0.469253 0.010742 0.019034
0 0.295898 0.484627 0.007812 0.011713
0 0.336426 0.516837 0.014648 0.020498
0 0.218750 0.526354 0.009766 0.010249
0 0.302734 0.491947 0.007812 0.020498
0 0.313965 0.532943 0.014648 0.014641
0 0.368652 0.432650 0.006836 0.013177
0 0.372070 0.519034 0.015625 0.019034
0 0.304199 0.560761 0.014648 0.020498
0 0.287598 0.661054 0.014648 0.030747
0 0.326660 0.608346 0.020508 0.033675
0 0.324219 0.668375 0.021484 0.036603
0 0.366211 0.642020 0.019531 0.030747
0 0.398438 0.655930 0.023438 0.043924
0 0.340820 0.758419 0.027344 0.043924
0 0.386719 0.727672 0.025391 0.052709
0 0.359375 0.803807 0.027344 0.049780
0 0.394531 0.792094 0.025391 0.049780
0 0.432617 0.772328 0.031250 0.051245
0 0.431641 0.857980 0.031250 0.049780
0 0.458984 0.644949 0.019531 0.030747
0 0.465820 0.759883 0.025391 0.046852
0 0.488281 0.765739 0.021484 0.049780
0 0.405762 0.349927 0.006836 0.008785
0 0.439941 0.373353 0.008789 0.014641
0 0.440430 0.353587 0.007812 0.010249
0 0.456543 0.340410 0.006836 0.010249
0 0.466797 0.331625 0.007812 0.010249
0 0.479004 0.341142 0.006836 0.008785
0 0.456543 0.368228 0.006836 0.007321
0 0.474609 0.378477 0.011719 0.019034
0 0.362793 0.377745 0.008789 0.011713
0 0.413574 0.371157 0.004883 0.007321
0 0.386230 0.426061 0.010742 0.011713
0 0.458984 0.418009 0.009766 0.013177
0 0.448730 0.435578 0.010742 0.019034
0 0.454102 0.464861 0.007812 0.021962
0 0.424316 0.414348 0.006836 0.011713
0 0.433105 0.404832 0.006836 0.010249
0 0.453125 0.384334 0.005859 0.007321
0 0.335938 0.486823 0.015625 0.021962
0 0.459473 0.495608 0.010742 0.027818
0 0.591797 0.546120 0.019531 0.035139
0 0.489258 0.565154 0.013672 0.026354
0 0.531738 0.563690 0.016602 0.029283
0 0.494141 0.485359 0.007812 0.016105
0 0.496094 0.625915 0.017578 0.042460
0 0.578125 0.625915 0.019531 0.033675
0 0.546387 0.693265 0.024414 0.045388
0 0.570312 0.754758 0.021484 0.048316
0 0.594727 0.718155 0.029297 0.051245
0 0.614258 0.732064 0.017578 0.043924
0 0.641602 0.736457 0.027344 0.043924
0 0.671387 0.758419 0.026367 0.043924
0 0.666504 0.827965 0.022461 0.048316
0 0.694336 0.831625 0.025391 0.055637
0 0.539062 0.762079 0.025391 0.051245
0 0.521484 0.795754 0.027344 0.045388
0 0.511230 0.850659 0.028320 0.040996
0 0.604492 0.821376 0.019531 0.052709
0 0.585938 0.822108 0.023438 0.036603
0 0.570801 0.866764 0.024414 0.046852
0 0.629395 0.844070 0.028320 0.042460
0 0.749023 0.792826 0.025391 0.051245
0 0.763672 0.833089 0.027344 0.049780
0 0.821289 0.822108 0.031250 0.054173
0 0.486328 0.348463 0.005859 0.011713
0 0.493164 0.362372 0.009766 0.013177
0 0.516113 0.341874 0.006836 0.010249
0 0.517090 0.357247 0.008789 0.008785
0 0.559082 0.377745 0.006836 0.011713
0 0.553711 0.353587 0.007812 0.010249
0 0.548828 0.340410 0.005859 0.007321
0 0.557617 0.398243 0.007812 0.014641
0 0.572754 0.401903 0.008789 0.016105
0 0.580566 0.401171 0.006836 0.014641
0 0.597656 0.400439 0.009766 0.019034
0 0.579590 0.354319 0.006836 0.011713
0 0.514648 0.425329 0.007812 0.010249
0 0.523438 0.458272 0.011719 0.020498
0 0.565430 0.470717 0.011719 0.019034
0 0.712891 0.337482 0.005859 0.007321
0 0.647949 0.338946 0.004883 0.010249
0 0.687012 0.369693 0.008789 0.013177
0 0.701172 0.360908 0.009766 0.010249
0 0.695312 0.379941 0.005859 0.007321
0 0.700684 0.395315 0.008789 0.014641
0 0.672363 0.342606 0.004883 0.005857
0 0.659668 0.357980 0.006836 0.010249
0 0.681152 0.337482 0.008789 0.013177
0 0.705566 0.344070 0.006836 0.008785
0 0.721191 0.381406 0.010742 0.013177
0 0.690430 0.453880 0.011719 0.017570
0 0.715332 0.445095 0.010742 0.020498
0 0.706055 0.439971 0.005859 0.013177
0 0.646973 0.448023 0.010742 0.017570
0 0.622070 0.492679 0.015625 0.027818
0 0.638672 0.497804 0.013672 0.023426
0 0.683105 0.498536 0.010742 0.021962
0 0.695312 0.490483 0.013672 0.020498
0 0.728027 0.469253 0.012695 0.016105
0 0.654785 0.548316 0.020508 0.027818
0 0.676270 0.540264 0.010742 0.020498
0 0.717285 0.528551 0.018555 0.023426
0 0.739746 0.447291 0.010742 0.016105
0 0.765137 0.467789 0.014648 0.024890
0 0.730469 0.563690 0.017578 0.035139
0 0.751953 0.540264 0.013672 0.029283
0 0.789062 0.478038 0.011719 0.024890
0 0.782715 0.435578 0.012695 0.013177
0 0.813477 0.450220 0.009766 0.013177
0 0.787109 0.525622 0.015625 0.029283
0 0.800293 0.505124 0.012695 0.020498
0 0.810547 0.508053 0.007812 0.017570
0 0.831055 0.495608 0.011719 0.021962
0 0.831543 0.561493 0.016602 0.024890
0 0.727539 0.620059 0.019531 0.036603
0 0.825195 0.613470 0.019531 0.032211
0 0.796387 0.666911 0.018555 0.027818
0 0.870117 0.650073 0.025391 0.038067
0 0.848145 0.489751 0.010742 0.021962
0 0.893066 0.450952 0.010742 0.017570
0 0.873047 0.418741 0.013672 0.011713
0 0.710449 0.661054 0.026367 0.036603
0 0.682129 0.670571 0.022461 0.040996
0 0.890625 0.518302 0.015625 0.026354
0 0.912598 0.538799 0.018555 0.029283
0 0.894043 0.650073 0.018555 0.035139
0 0.872559 0.498536 0.010742 0.016105
0 0.529785 0.398975 0.008789 0.007321
0 0.601074 0.441435 0.008789 0.013177
0 0.564941 0.551245 0.012695 0.016105
0 0.937500 0.601025 0.015625 0.021962
0 0.982422 0.633968 0.021484 0.038067
0 0.889648 0.708638 0.023438 0.049780
0 0.849609 0.707174 0.027344 0.043924
0 0.815918 0.694729 0.018555 0.036603
0 0.964844 0.655930 0.015625 0.023426
0 0.929199 0.767936 0.030273 0.042460
0 0.924805 0.844070 0.029297 0.042460
0 0.973145 0.846266 0.030273 0.049780
0 0.854492 0.378477 0.009766 0.010249
0 0.785645 0.410688 0.010742 0.013177
0 0.761230 0.370425 0.008789 0.011713
0 0.761230 0.385066 0.006836 0.008785
0 0.775391 0.403367 0.009766 0.013177
0 0.791504 0.381406 0.008789 0.010249
0 0.800781 0.411420 0.005859 0.008785
0 0.817871 0.385798 0.008789 0.013177
0 0.812012 0.431918 0.006836 0.008785
0 0.880371 0.371157 0.006836 0.010249
0 0.906738 0.359444 0.004883 0.010249
0 0.912598 0.390190 0.004883 0.013177
0 0.932617 0.471449 0.015625 0.029283
0 0.896484 0.400439 0.011719 0.021962
0 0.937988 0.442167 0.012695 0.011713
0 0.942383 0.513177 0.013672 0.027818
0 0.955566 0.505124 0.010742 0.023426
0 0.974121 0.501464 0.014648 0.016105
0 0.960938 0.464861 0.003906 0.013177
0 0.982910 0.533675 0.014648 0.027818
0 0.976074 0.412152 0.008789 0.016105
0 0.994629 0.384334 0.004883 0.007321
0 0.938965 0.557833 0.012695 0.008785
0 0.455078 0.562958 0.019531 0.030747
0 0.426270 0.502196 0.010742 0.023426
0 0.386230 0.497804 0.010742 0.026354
0 0.320312 0.344802 0.007812 0.010249
0 0.328613 0.354319 0.006836 0.011713
0 0.334961 0.346266 0.007812 0.010249
0 0.265625 0.352123 0.007812 0.007321
0 0.311523 0.341142 0.003906 0.005857
0 0.287109 0.379941 0.007812 0.007321
0 0.230957 0.360176 0.006836 0.008785
0 0.304199 0.344070 0.006836 0.008785
0 0.391602 0.338946 0.007812 0.007321
0 0.383301 0.353587 0.004883 0.007321
0 0.395020 0.374817 0.008789 0.014641
0 0.395020 0.349195 0.006836 0.007321
0 0.402344 0.336018 0.007812 0.007321
0 0.442871 0.338214 0.004883 0.005857
0 0.414062 0.342606 0.005859 0.014641
0 0.406250 0.370425 0.005859 0.011713
0 0.409180 0.390190 0.009766 0.013177
0 0.722168 0.415081 0.010742 0.016105
0 0.284668 0.347731 0.010742 0.013177
0 0.365723 0.346999 0.008789 0.014641
0 0.968750 0.341142 0.007812 0.008785
0 0.661133 0.464129 0.009766 0.014641
0 0.619141 0.381406 0.007812 0.010249
0 0.719727 0.502196 0.011719 0.017570
0 0.683105 0.540996 0.010742 0.019034
0 0.128418 0.549048 0.010742 0.023426
0 0.391113 0.454612 0.008789 0.019034
0 0.414551 0.450952 0.010742 0.020498
0 0.256348 0.369693 0.008789 0.016105
0 0.859375 0.339678 0.005859 0.011713
0 0.893555 0.336750 0.005859 0.008785
0 0.881836 0.601757 0.019531 0.032211
0 0.786621 0.571010 0.018555 0.032211
0 0.116699 0.475110 0.010742 0.024890
0 0.114258 0.664714 0.019531 0.035139
0 0.471680 0.710835 0.025391 0.051245
0 0.814453 0.762079 0.029297 0.051245
