0 0.030273 0.584201 0.031250 0.064236
0 0.103027 0.631944 0.020508 0.052083
0 0.160156 0.583333 0.025391 0.041667
0 0.134766 0.597222 0.013672 0.034722
0 0.026367 0.835938 0.046875 0.092014
0 0.094727 0.800347 0.035156 0.079861
0 0.189941 0.822917 0.075195 0.163194
0 0.220703 0.646701 0.033203 0.067708
0 0.270508 0.566840 0.011719 0.039931
0 0.250488 0.502604 0.008789 0.019097
0 0.260742 0.505208 0.009766 0.020833
0 0.288574 0.470486 0.010742 0.024306
0 0.306152 0.473090 0.016602 0.039931
0 0.333496 0.452257 0.010742 0.026042
0 0.340332 0.429688 0.008789 0.019097
0 0.351562 0.432292 0.009766 0.020833
0 0.372559 0.439236 0.008789 0.024306
0 0.389648 0.427951 0.007812 0.019097
0 0.415039 0.440972 0.013672 0.031250
0 0.289062 0.447917 0.013672 0.034722
0 0.371582 0.468750 0.010742 0.027778
0 0.405273 0.468750 0.019531 0.045139
0 0.379395 0.558160 0.036133 0.071181
0 0.355469 0.682292 0.046875 0.100694
0 0.408203 0.533854 0.027344 0.071181
0 0.441895 0.440104 0.014648 0.029514
0 0.455566 0.407986 0.004883 0.017361
0 0.463379 0.405382 0.008789 0.026042
0 0.493164 0.395833 0.009766 0.017361
0 0.512207 0.381944 0.008789 0.017361
0 0.465820 0.447917 0.011719 0.031250
0 0.477051 0.440972 0.014648 0.034722
0 0.501953 0.442708 0.011719 0.024306
0 0.532715 0.428819 0.016602 0.041667
0 0.549805 0.418403 0.015625 0.045139
0 0.577637 0.396701 0.014648 0.032986
0 0.559082 0.375000 0.006836 0.017361
0 0.536133 0.368924 0.007812 0.019097
0 0.471680 0.375868 0.007812 0.015625
0 0.482910 0.520833 0.014648 0.038194
0 0.527832 0.525174 0.026367 0.053819
0 0.521484 0.575521 0.027344 0.064236
0 0.470703 0.690972 0.033203 0.090278
0 0.516113 0.410590 0.008789 0.026042
0 0.612793 0.499132 0.020508 0.050347
0 0.798828 0.721354 0.062500 0.137153
0 0.297852 0.429688 0.007812 0.019097
