0 0.816895 0.696522 0.065430 0.154783
0 0.901855 0.656522 0.043945 0.106087
0 0.602051 0.553913 0.069336 0.151304
0 0.418457 0.736522 0.077148 0.140870
0 0.332520 0.598261 0.053711 0.111304
0 0.457031 0.497391 0.156250 0.257391
0 0.186035 0.464348 0.047852 0.097391
0 0.253906 0.920870 0.085938 0.151304
0 0.076172 0.869565 0.074219 0.125217
0 0.013672 0.665217 0.027344 0.099130
0 0.008301 0.548696 0.016602 0.053913
0 0.033203 0.355652 0.037109 0.081739
0 0.007324 0.358261 0.014648 0.066087
0 0.206055 0.304348 0.037109 0.076522
0 0.323730 0.313043 0.041992 0.083478
0 0.009277 0.241739 0.018555 0.045217
0 0.075195 0.195652 0.013672 0.026087
0 0.295898 0.135652 0.033203 0.059130
0 0.189453 0.107826 0.029297 0.055652
0 0.263672 0.103478 0.029297 0.057391
0 0.081543 0.123478 0.036133 0.066087
0 0.707520 0.388696 0.057617 0.116522
0 0.825684 0.345217 0.038086 0.092174
0 0.608398 0.278261 0.046875 0.093913
0 0.919922 0.202609 0.042969 0.095652
0 0.917480 0.363478 0.043945 0.104348
0 0.794922 0.114783 0.033203 0.076522
0 0.651855 0.078261 0.041992 0.083478
0 0.549316 0.105217 0.032227 0.074783
0 0.509766 0.168696 0.041016 0.080000
0 0.402344 0.207826 0.037109 0.067826
0 0.459961 0.068696 0.029297 0.060870
0 0.546875 0.040000 0.027344 0.045217
0 0.273926 0.022609 0.024414 0.045217
0 0.244141 0.030435 0.019531 0.043478
0 0.184082 0.053913 0.026367 0.048696
0 0.122070 0.054783 0.021484 0.046957
0 0.195801 0.008696 0.016602 0.017391
0 0.007812 0.037391 0.009766 0.026087
0 0.051758 0.170435 0.019531 0.031304
