0 0.097656 0.551363 0.193359 0.213836
0 0.489746 0.599581 0.012695 0.016771
0 0.518066 0.590671 0.010742 0.013627
0 0.628906 0.602201 0.015625 0.017820
0 0.670410 0.607442 0.012695 0.013627
0 0.689453 0.604822 0.009766 0.016771
0 0.774414 0.613208 0.013672 0.016771
0 0.882812 0.596960 0.013672 0.017820
0 0.790527 0.558700 0.012695 0.012579
0 0.834961 0.620021 0.019531 0.019916
0 0.907715 0.599057 0.016602 0.019916
0 0.926270 0.591195 0.010742 0.014675
0 0.935547 0.607966 0.015625 0.020964
0 0.993652 0.607966 0.012695 0.020964
0 0.230469 0.582285 0.021484 0.024109
0 0.753906 0.603249 0.013672 0.017820
0 0.794434 0.614780 0.012695 0.017820
0 0.822266 0.604298 0.009766 0.015723
0 0.977539 0.605870 0.009766 0.016771
