0 0.029785 0.586815 0.059570 0.108355
0 0.146484 0.595953 0.041016 0.058747
0 0.340820 0.512402 0.033203 0.056136
0 0.384766 0.494778 0.039062 0.070496
0 0.484375 0.578982 0.097656 0.173629
0 0.604980 0.481723 0.024414 0.046997
0 0.651367 0.580940 0.091797 0.185379
0 0.816406 0.536554 0.058594 0.101828
0 0.778809 0.486292 0.018555 0.032637
0 0.798828 0.457572 0.017578 0.024804
0 0.853516 0.436684 0.023438 0.056136
0 0.918945 0.448433 0.015625 0.022193
0 0.935547 0.441906 0.011719 0.016971
0 0.815918 0.442559 0.008789 0.018277
0 0.585938 0.173629 0.013672 0.026110
0 0.960938 0.439295 0.009766 0.016971
0 0.990723 0.437990 0.016602 0.032637
0 0.982910 0.431462 0.012695 0.024804
0 0.537598 0.567885 0.034180 0.065274
