0 0.003418 0.571010 0.006836 0.020498
0 0.095703 0.633968 0.013672 0.023426
0 0.233887 0.475110 0.012695 0.019034
0 0.253418 0.499268 0.008789 0.017570
0 0.301758 0.468521 0.009766 0.017570
0 0.292969 0.477306 0.009766 0.017570
0 0.284668 0.487555 0.006836 0.020498
0 0.182129 0.557833 0.010742 0.017570
0 0.145020 0.587848 0.010742 0.027818
0 0.227051 0.589312 0.012695 0.024890
0 0.261230 0.582723 0.012695 0.026354
0 0.299316 0.534407 0.008789 0.020498
0 0.328613 0.536603 0.012695 0.024890
0 0.324219 0.574671 0.011719 0.024890
0 0.285156 0.587116 0.009766 0.020498
0 0.180664 0.588580 0.009766 0.026354
0 0.163574 0.635432 0.014648 0.023426
0 0.248535 0.640556 0.014648 0.024890
0 0.293945 0.620059 0.015625 0.030747
0 0.333008 0.633236 0.011719 0.033675
0 0.215820 0.513177 0.013672 0.027818
0 0.226562 0.628111 0.011719 0.023426
0 0.055176 0.721816 0.016602 0.032211
0 0.062012 0.764275 0.022461 0.038067
0 0.027832 0.823572 0.026367 0.045388
0 0.181641 0.734993 0.019531 0.032211
0 0.261230 0.747438 0.018555 0.036603
0 0.291504 0.757687 0.020508 0.042460
0 0.121582 0.759151 0.016602 0.033675
0 0.131836 0.755490 0.013672 0.026354
0 0.423828 0.310395 0.005859 0.011713
0 0.464844 0.292094 0.007812 0.016105
0 0.431152 0.355051 0.008789 0.016105
0 0.459473 0.377013 0.008789 0.016105
0 0.545898 0.356515 0.005859 0.013177
0 0.529297 0.362372 0.005859 0.016105
0 0.519043 0.349195 0.006836 0.013177
0 0.502441 0.355051 0.006836 0.013177
0 0.503906 0.377013 0.007812 0.013177
0 0.494141 0.374817 0.005859 0.014641
0 0.497070 0.431918 0.007812 0.014641
0 0.485352 0.413616 0.009766 0.016105
0 0.476074 0.391654 0.008789 0.016105
0 0.464355 0.414348 0.008789 0.014641
0 0.440918 0.402635 0.008789 0.014641
0 0.445801 0.420205 0.008789 0.014641
0 0.452637 0.442899 0.008789 0.016105
0 0.479004 0.458272 0.010742 0.020498
0 0.420410 0.420205 0.008789 0.020498
0 0.408691 0.449488 0.012695 0.020498
0 0.434082 0.448023 0.012695 0.020498
0 0.374023 0.468521 0.011719 0.020498
0 0.397949 0.475110 0.010742 0.021962
0 0.385742 0.543924 0.011719 0.021962
0 0.419922 0.492679 0.011719 0.024890
0 0.422852 0.467057 0.011719 0.023426
0 0.443848 0.496340 0.008789 0.017570
0 0.471191 0.493411 0.010742 0.023426
0 0.452148 0.538067 0.015625 0.024890
0 0.420898 0.532943 0.009766 0.026354
0 0.424805 0.579795 0.013672 0.029283
0 0.454590 0.587116 0.012695 0.026354
0 0.440430 0.635432 0.013672 0.032211
0 0.482422 0.582723 0.013672 0.026354
0 0.531738 0.597365 0.018555 0.032211
0 0.503418 0.657394 0.018555 0.035139
0 0.539062 0.658858 0.017578 0.040996
0 0.615723 0.655930 0.018555 0.038067
0 0.645508 0.606149 0.011719 0.026354
0 0.563477 0.243045 0.005859 0.011713
0 0.585449 0.227672 0.006836 0.013177
0 0.612305 0.232796 0.007812 0.014641
0 0.661621 0.247438 0.006836 0.011713
0 0.565918 0.347731 0.006836 0.013177
0 0.563965 0.375549 0.008789 0.016105
0 0.591309 0.346266 0.008789 0.016105
0 0.605957 0.336018 0.006836 0.013177
0 0.614258 0.329429 0.005859 0.008785
0 0.629395 0.314056 0.006836 0.016105
0 0.624023 0.342606 0.003906 0.011713
0 0.634766 0.340410 0.007812 0.016105
0 0.705078 0.597365 0.019531 0.032211
0 0.619629 0.336018 0.004883 0.010249
0 0.653809 0.319180 0.004883 0.014641
0 0.673828 0.328697 0.005859 0.010249
0 0.682617 0.334553 0.007812 0.016105
0 0.691406 0.302343 0.005859 0.010249
0 0.698242 0.318448 0.005859 0.010249
0 0.708496 0.334553 0.006836 0.013177
0 0.702148 0.355783 0.005859 0.014641
0 0.719727 0.353587 0.007812 0.016105
0 0.726074 0.334553 0.008789 0.013177
0 0.727051 0.309663 0.004883 0.010249
0 0.737793 0.297950 0.006836 0.013177
0 0.710449 0.351391 0.006836 0.008785
0 0.749023 0.314788 0.005859 0.014641
0 0.766113 0.319180 0.008789 0.014641
0 0.574219 0.425329 0.007812 0.019034
0 0.567871 0.445827 0.010742 0.019034
0 0.556641 0.481698 0.013672 0.020498
0 0.570312 0.539531 0.013672 0.030747
0 0.600586 0.497072 0.013672 0.024890
0 0.608887 0.543924 0.012695 0.033675
0 0.622559 0.480966 0.012695 0.024890
0 0.656738 0.421669 0.010742 0.020498
0 0.645996 0.443631 0.014648 0.026354
0 0.685059 0.414348 0.010742 0.020498
0 0.692383 0.437775 0.013672 0.026354
0 0.775879 0.399707 0.010742 0.020498
0 0.754395 0.408492 0.012695 0.020498
0 0.768066 0.433382 0.014648 0.029283
0 0.726074 0.434114 0.012695 0.024890
0 0.742188 0.438507 0.011719 0.021962
0 0.678223 0.488287 0.014648 0.027818
0 0.656738 0.476574 0.012695 0.024890
0 0.641602 0.499268 0.009766 0.026354
0 0.656738 0.548316 0.016602 0.033675
0 0.750000 0.483163 0.013672 0.026354
0 0.720703 0.496340 0.011719 0.029283
0 0.729980 0.551245 0.014648 0.030747
0 0.693848 0.551977 0.016602 0.029283
0 0.483887 0.530747 0.012695 0.024890
0 0.705078 0.223280 0.007812 0.016105
0 0.724609 0.229136 0.007812 0.016105
0 0.744141 0.218155 0.007812 0.014641
0 0.774902 0.228404 0.006836 0.011713
0 0.738770 0.254026 0.006836 0.013177
0 0.815918 0.207174 0.008789 0.013177
0 0.807129 0.263543 0.006836 0.014641
0 0.824707 0.303807 0.008789 0.016105
0 0.834961 0.332357 0.009766 0.020498
0 0.799316 0.338946 0.010742 0.019034
0 0.814941 0.366032 0.008789 0.014641
0 0.790527 0.360908 0.010742 0.019034
0 0.886719 0.174963 0.007812 0.013177
0 0.865723 0.215959 0.008789 0.013177
0 0.928711 0.163982 0.007812 0.014641
0 0.968750 0.163982 0.007812 0.017570
0 0.905273 0.235725 0.007812 0.014641
0 0.929199 0.235725 0.008789 0.014641
0 0.946777 0.246706 0.008789 0.016105
0 0.977051 0.245242 0.008789 0.013177
0 0.989258 0.262079 0.009766 0.014641
0 0.957520 0.272328 0.008789 0.014641
0 0.971680 0.295022 0.009766 0.016105
0 0.994141 0.348463 0.011719 0.020498
0 0.963379 0.325037 0.010742 0.020498
0 0.900391 0.254026 0.007812 0.016105
0 0.920898 0.256223 0.007812 0.014641
0 0.935547 0.274524 0.005859 0.013177
0 0.909668 0.273792 0.008789 0.014641
0 0.926758 0.291362 0.009766 0.017570
0 0.894531 0.297950 0.009766 0.016105
0 0.863770 0.293558 0.010742 0.019034
0 0.854980 0.310395 0.008789 0.014641
0 0.870117 0.348463 0.011719 0.020498
0 0.897949 0.353587 0.010742 0.019034
0 0.914551 0.321376 0.012695 0.019034
0 0.953125 0.360908 0.011719 0.021962
0 0.935059 0.297218 0.008789 0.017570
0 0.811035 0.311127 0.010742 0.021962
0 0.813965 0.393119 0.008789 0.019034
0 0.839844 0.399707 0.011719 0.020498
0 0.882812 0.390190 0.009766 0.019034
0 0.892578 0.381406 0.009766 0.019034
0 0.922363 0.409956 0.016602 0.026354
0 0.965820 0.417277 0.013672 0.032211
0 0.982910 0.426061 0.018555 0.029283
0 0.865234 0.420937 0.015625 0.024890
0 0.826172 0.427526 0.011719 0.026354
0 0.836426 0.445827 0.014648 0.024890
0 0.906250 0.426061 0.011719 0.023426
0 0.928223 0.434114 0.012695 0.024890
0 0.971191 0.481698 0.020508 0.032211
0 0.851562 0.474378 0.017578 0.026354
0 0.909668 0.479502 0.014648 0.027818
0 0.804688 0.428990 0.013672 0.023426
0 0.808594 0.489019 0.015625 0.029283
0 0.846191 0.532943 0.016602 0.035139
0 0.898438 0.530015 0.019531 0.035139
0 0.886230 0.570278 0.022461 0.048316
0 0.830566 0.592972 0.020508 0.032211
0 0.801758 0.571742 0.027344 0.048316
0 0.782227 0.590044 0.013672 0.023426
0 0.243164 0.751098 0.015625 0.023426
0 0.811035 0.537335 0.018555 0.029283
0 0.957520 0.527086 0.018555 0.032211
0 0.944824 0.620059 0.016602 0.042460
0 0.748535 0.655930 0.012695 0.032211
0 0.662598 0.361640 0.006836 0.014641
0 0.602539 0.441435 0.007812 0.016105
0 0.648438 0.390190 0.011719 0.019034
0 0.680176 0.302343 0.004883 0.013177
0 0.533203 0.453880 0.007812 0.014641
0 0.536133 0.497804 0.007812 0.017570
0 0.550781 0.549048 0.007812 0.017570
0 0.221680 0.549048 0.009766 0.017570
0 0.120117 0.636896 0.009766 0.017570
0 0.883301 0.434846 0.016602 0.026354
0 0.550781 0.348463 0.007812 0.011713
0 0.599609 0.331625 0.007812 0.016105
0 0.493652 0.401903 0.008789 0.019034
0 0.941895 0.670571 0.018555 0.038067
0 0.787109 0.527086 0.013672 0.017570
0 0.991699 0.240117 0.008789 0.014641
0 0.964844 0.255490 0.005859 0.013177
0 0.884766 0.284041 0.007812 0.011713
0 0.360352 0.489751 0.007812 0.016105
0 0.497559 0.295022 0.008789 0.013177
0 0.751953 0.332357 0.009766 0.014641
0 0.715332 0.407028 0.010742 0.020498
0 0.713867 0.457540 0.015625 0.021962
0 0.081055 0.823572 0.017578 0.030747
