0 0.140137 0.420821 0.186523 0.425220
0 0.395508 0.589443 0.007812 0.017595
0 0.365723 0.577713 0.004883 0.005865
0 0.420898 0.588710 0.007812 0.016129
0 0.489258 0.590176 0.005859 0.013196
0 0.501953 0.593842 0.009766 0.017595
0 0.518066 0.589443 0.004883 0.014663
0 0.534180 0.598240 0.005859 0.017595
0 0.542969 0.599707 0.005859 0.014663
0 0.539062 0.584311 0.007812 0.010264
0 0.560059 0.601906 0.008789 0.016129
0 0.550781 0.597507 0.003906 0.013196
0 0.561523 0.688416 0.011719 0.016129
0 0.478516 0.752199 0.013672 0.029326
0 0.468262 0.809384 0.024414 0.043988
0 0.533691 0.824047 0.020508 0.043988
0 0.593750 0.688416 0.009766 0.019062
0 0.681152 0.745601 0.079102 0.165689
0 0.593262 0.601173 0.006836 0.017595
0 0.604492 0.599707 0.005859 0.014663
0 0.614746 0.603372 0.008789 0.016129
0 0.624512 0.607038 0.008789 0.017595
0 0.648438 0.598240 0.009766 0.017595
0 0.654297 0.617302 0.009766 0.017595
0 0.680176 0.595308 0.008789 0.017595
0 0.692383 0.618768 0.009766 0.023460
0 0.730469 0.609971 0.011719 0.017595
0 0.755371 0.602639 0.008789 0.020528
0 0.776367 0.612170 0.009766 0.024927
0 0.784668 0.609238 0.008789 0.019062
0 0.809570 0.610704 0.011719 0.021994
0 0.792480 0.711877 0.010742 0.024927
0 0.781738 0.785924 0.016602 0.035191
0 0.803711 0.791789 0.019531 0.035191
0 0.794922 0.739736 0.007812 0.021994
0 0.833008 0.610704 0.011719 0.024927
0 0.866211 0.619501 0.013672 0.024927
0 0.870605 0.654692 0.018555 0.033724
0 0.826660 0.728006 0.010742 0.027859
0 0.898926 0.626100 0.014648 0.026393
0 0.944824 0.623167 0.014648 0.029326
0 0.955566 0.626833 0.010742 0.021994
0 0.967285 0.609238 0.010742 0.021994
0 0.983887 0.630499 0.012695 0.026393
0 0.991211 0.835777 0.017578 0.041056
0 0.964355 0.879032 0.024414 0.045455
0 0.924805 0.837977 0.021484 0.042522
0 0.904785 0.875367 0.026367 0.052786
0 0.846680 0.877566 0.031250 0.057185
0 0.361816 0.590909 0.006836 0.014663
0 0.696289 0.600440 0.009766 0.019062
0 0.573242 0.594575 0.007812 0.016129
0 0.668945 0.636364 0.011719 0.020528
