0 0.776367 0.398529 0.177734 0.352941
0 0.602539 0.562500 0.037109 0.054412
0 0.501953 0.558824 0.023438 0.038235
0 0.389648 0.533824 0.023438 0.041176
0 0.408203 0.583088 0.019531 0.045588
0 0.459961 0.535294 0.027344 0.047059
0 0.481934 0.512500 0.020508 0.036765
0 0.302246 0.561029 0.028320 0.039706
0 0.266113 0.537500 0.018555 0.039706
0 0.238770 0.519853 0.014648 0.027941
0 0.201660 0.541912 0.020508 0.036765
0 0.197754 0.512500 0.014648 0.033824
0 0.147949 0.544853 0.016602 0.030882
0 0.351074 0.505882 0.018555 0.035294
0 0.359375 0.556618 0.015625 0.027941
0 0.698242 0.608088 0.041016 0.063235
0 0.056152 0.538971 0.020508 0.033824
0 0.009277 0.534559 0.014648 0.030882
0 0.030273 0.550000 0.015625 0.023529
0 0.079590 0.533088 0.022461 0.051471
