0 0.054688 0.508830 0.023438 0.055188
0 0.114258 0.476821 0.017578 0.052980
0 0.112793 0.346578 0.016602 0.039735
0 0.131348 0.392936 0.016602 0.044150
0 0.167969 0.512141 0.017578 0.048565
0 0.166016 0.355408 0.015625 0.039735
0 0.187500 0.401766 0.015625 0.044150
0 0.209961 0.352097 0.015625 0.041943
0 0.214844 0.494481 0.021484 0.052980
0 0.248047 0.416115 0.015625 0.041943
0 0.255859 0.347682 0.013672 0.041943
0 0.273926 0.492274 0.018555 0.048565
0 0.306641 0.407285 0.015625 0.046358
0 0.333984 0.504415 0.017578 0.050773
0 0.330078 0.346578 0.013672 0.044150
0 0.366211 0.338852 0.011719 0.037528
0 0.367676 0.403974 0.016602 0.048565
0 0.386230 0.525386 0.016602 0.048565
0 0.417969 0.364238 0.013672 0.044150
0 0.421875 0.410596 0.015625 0.048565
0 0.456055 0.536424 0.015625 0.052980
0 0.458984 0.366446 0.013672 0.039735
0 0.488281 0.386313 0.015625 0.044150
0 0.510254 0.497792 0.018555 0.050773
0 0.513672 0.324503 0.013672 0.039735
0 0.533203 0.432671 0.013672 0.039735
0 0.568848 0.515453 0.014648 0.050773
0 0.571289 0.335541 0.013672 0.044150
0 0.602051 0.394040 0.014648 0.046358
0 0.625977 0.493377 0.017578 0.055188
0 0.620605 0.317881 0.014648 0.044150
0 0.667480 0.358720 0.012695 0.037528
0 0.660645 0.419426 0.014648 0.048565
0 0.686035 0.470199 0.016602 0.052980
0 0.703613 0.417219 0.012695 0.044150
0 0.701660 0.344371 0.010742 0.039735
0 0.742676 0.485651 0.018555 0.052980
0 0.734375 0.350993 0.013672 0.044150
0 0.757812 0.389625 0.015625 0.050773
0 0.773926 0.363135 0.012695 0.041943
0 0.804688 0.524283 0.015625 0.050773
0 0.808594 0.424945 0.015625 0.046358
0 0.803711 0.359823 0.015625 0.044150
0 0.864258 0.497792 0.015625 0.046358
0 0.842773 0.409492 0.011719 0.046358
0 0.830078 0.368653 0.009766 0.035320
0 0.857910 0.334437 0.014648 0.037528
0 0.903320 0.455850 0.017578 0.050773
0 0.891113 0.420530 0.014648 0.041943
0 0.943359 0.399558 0.015625 0.044150
0 0.975586 0.509934 0.017578 0.048565
