0 0.969727 0.825106 0.019531 0.031030
0 0.935059 0.818759 0.016602 0.026798
0 0.915039 0.774330 0.015625 0.028209
0 0.913086 0.827927 0.015625 0.028209
0 0.870605 0.811707 0.016602 0.029619
0 0.933594 0.734133 0.013672 0.023977
0 0.866211 0.729901 0.015625 0.023977
0 0.971191 0.657969 0.016602 0.023977
0 0.914062 0.658674 0.013672 0.025388
0 0.878906 0.655853 0.013672 0.022567
0 0.923340 0.555712 0.022461 0.036671
0 0.954102 0.549365 0.005859 0.009873
0 0.865723 0.549365 0.006836 0.012694
0 0.839844 0.605783 0.015625 0.026798
0 0.837402 0.707334 0.012695 0.026798
0 0.904297 0.704513 0.011719 0.026798
0 0.794434 0.722849 0.014648 0.026798
0 0.783691 0.685472 0.012695 0.025388
0 0.743652 0.787024 0.014648 0.031030
0 0.780273 0.773625 0.013672 0.026798
0 0.695312 0.782087 0.017578 0.029619
0 0.661133 0.881523 0.015625 0.031030
0 0.666016 0.818054 0.017578 0.031030
0 0.620117 0.809591 0.017578 0.031030
0 0.652832 0.751058 0.016602 0.029619
0 0.597168 0.752468 0.016602 0.029619
0 0.582031 0.801834 0.017578 0.035261
0 0.801270 0.550071 0.006836 0.014104
0 0.764648 0.546544 0.007812 0.012694
0 0.675293 0.626939 0.014648 0.029619
0 0.920898 0.459097 0.005859 0.012694
0 0.540527 0.754584 0.016602 0.025388
0 0.551758 0.821580 0.015625 0.026798
0 0.544922 0.718618 0.013672 0.021157
0 0.506836 0.698166 0.013672 0.028209
0 0.498047 0.789140 0.013672 0.029619
0 0.551758 0.605783 0.015625 0.026798
0 0.600098 0.610719 0.016602 0.025388
0 0.634766 0.535261 0.005859 0.009873
0 0.519043 0.600846 0.016602 0.031030
0 0.464355 0.614951 0.018555 0.031030
0 0.502441 0.528914 0.006836 0.014104
0 0.427246 0.524683 0.010742 0.016925
0 0.441406 0.780677 0.015625 0.029619
0 0.437500 0.728491 0.015625 0.023977
0 0.382324 0.817348 0.014648 0.029619
0 0.350586 0.805360 0.021484 0.016925
0 0.338379 0.754584 0.014648 0.031030
0 0.319336 0.760226 0.013672 0.028209
0 0.291992 0.722144 0.015625 0.028209
0 0.180664 0.684062 0.015625 0.028209
0 0.216309 0.687588 0.016602 0.023977
0 0.204590 0.770099 0.016602 0.022567
0 0.168457 0.755994 0.014648 0.028209
0 0.219727 0.712976 0.013672 0.026798
0 0.416992 0.600846 0.017578 0.028209
0 0.381348 0.605078 0.016602 0.028209
0 0.346191 0.586037 0.016602 0.032440
0 0.293945 0.641044 0.015625 0.026798
0 0.259766 0.590268 0.013672 0.026798
0 0.279785 0.622003 0.016602 0.028209
0 0.129395 0.857546 0.016602 0.028209
0 0.124023 0.782087 0.013672 0.021157
0 0.069336 0.749647 0.017578 0.032440
0 0.118164 0.738364 0.015625 0.029619
0 0.027832 0.840621 0.020508 0.031030
0 0.004883 0.776446 0.009766 0.026798
0 0.027832 0.770804 0.016602 0.026798
0 0.152832 0.539492 0.006836 0.012694
0 0.118652 0.578279 0.018555 0.028209
0 0.152344 0.592384 0.019531 0.033850
0 0.081055 0.575458 0.015625 0.028209
0 0.067383 0.602962 0.019531 0.032440
0 0.191406 0.592384 0.013672 0.025388
0 0.275391 0.532440 0.021484 0.035261
0 0.870117 0.607898 0.017578 0.025388
0 0.982422 0.169252 0.007812 0.011283
0 0.974121 0.155148 0.006836 0.014104
0 0.978027 0.126939 0.004883 0.011283
0 0.963867 0.122003 0.005859 0.009873
0 0.951172 0.070522 0.005859 0.011283
0 0.937988 0.145275 0.006836 0.014104
0 0.927246 0.074048 0.004883 0.009873
0 0.888184 0.084626 0.006836 0.011283
0 0.901855 0.076869 0.004883 0.009873
0 0.894043 0.133286 0.004883 0.009873
0 0.882324 0.042313 0.006836 0.011283
0 0.865234 0.092384 0.005859 0.009873
0 0.869141 0.133992 0.005859 0.011283
0 0.878418 0.130465 0.006836 0.012694
0 0.863770 0.033145 0.004883 0.009873
0 0.852539 0.131171 0.005859 0.008463
0 0.847168 0.026093 0.004883 0.009873
0 0.834473 0.023272 0.004883 0.009873
0 0.857910 0.083921 0.006836 0.009873
0 0.840332 0.114951 0.006836 0.009873
0 0.832520 0.128350 0.006836 0.011283
0 0.830078 0.120592 0.007812 0.012694
0 0.840332 0.061354 0.006836 0.012694
0 0.831055 0.083216 0.007812 0.011283
0 0.854980 0.124824 0.006836 0.012694
0 0.792480 0.115656 0.004883 0.008463
0 0.815918 0.078984 0.006836 0.011283
0 0.784180 0.088858 0.005859 0.011283
0 0.796875 0.090268 0.005859 0.011283
0 0.782715 0.035966 0.004883 0.009873
0 0.778320 0.121298 0.005859 0.011283
0 0.746094 0.119887 0.005859 0.011283
0 0.763672 0.114245 0.003906 0.011283
0 0.753906 0.094499 0.005859 0.011283
0 0.758789 0.093089 0.005859 0.011283
0 0.767090 0.034556 0.006836 0.012694
0 0.754395 0.043724 0.004883 0.011283
0 0.743164 0.086742 0.005859 0.009873
0 0.722656 0.118477 0.005859 0.011283
0 0.729980 0.119182 0.006836 0.009873
0 0.730469 0.081100 0.005859 0.009873
0 0.730469 0.036671 0.005859 0.011283
0 0.721191 0.075458 0.006836 0.012694
0 0.707520 0.067701 0.006836 0.014104
0 0.715820 0.032440 0.005859 0.011283
0 0.704590 0.026798 0.006836 0.011283
0 0.702637 0.105078 0.006836 0.012694
0 0.693359 0.040903 0.005859 0.011283
0 0.673340 0.035261 0.006836 0.011283
0 0.681152 0.042313 0.006836 0.011283
0 0.670898 0.064880 0.005859 0.011283
0 0.689453 0.073343 0.007812 0.014104
0 0.665039 0.115656 0.005859 0.011283
0 0.676270 0.115656 0.006836 0.011283
0 0.651855 0.108604 0.006836 0.014104
0 0.641602 0.112130 0.005859 0.012694
0 0.648926 0.069817 0.006836 0.012694
0 0.663574 0.038082 0.006836 0.011283
0 0.659668 0.035966 0.006836 0.012694
0 0.648438 0.045134 0.005859 0.011283
0 0.637207 0.040197 0.004883 0.009873
0 0.640625 0.053597 0.005859 0.011283
0 0.636230 0.106488 0.006836 0.012694
0 0.612305 0.076869 0.005859 0.012694
0 0.629395 0.009873 0.006836 0.014104
0 0.623047 0.009168 0.005859 0.012694
0 0.607910 0.033850 0.006836 0.014104
0 0.610352 0.021862 0.005859 0.009873
0 0.599609 0.010578 0.005859 0.012694
0 0.599121 0.099436 0.006836 0.015515
0 0.580078 0.073343 0.005859 0.014104
0 0.576172 0.031030 0.005859 0.011283
0 0.562500 0.034556 0.005859 0.012694
0 0.560059 0.100141 0.004883 0.011283
0 0.582031 0.113540 0.007812 0.015515
0 0.595703 0.076164 0.007812 0.014104
0 0.608887 0.110719 0.006836 0.012694
0 0.528809 0.120592 0.006836 0.012694
0 0.550781 0.117066 0.005859 0.011283
0 0.550781 0.095205 0.007812 0.012694
0 0.566406 0.076164 0.005859 0.011283
0 0.539551 0.055007 0.004883 0.011283
0 0.543945 0.041608 0.003906 0.009873
0 0.525879 0.040197 0.004883 0.009873
0 0.492188 0.071227 0.005859 0.012694
0 0.511719 0.116361 0.005859 0.012694
0 0.533691 0.114245 0.006836 0.011283
0 0.520996 0.107193 0.006836 0.011283
0 0.568359 0.070522 0.005859 0.011283
0 0.506836 0.043724 0.005859 0.011283
0 0.490234 0.036671 0.005859 0.011283
0 0.474609 0.045134 0.005859 0.011283
0 0.477051 0.045839 0.006836 0.009873
0 0.479492 0.076869 0.007812 0.012694
0 0.469727 0.126234 0.007812 0.012694
0 0.459961 0.045839 0.005859 0.012694
0 0.436523 0.129055 0.005859 0.012694
0 0.439941 0.071227 0.006836 0.012694
0 0.449219 0.043724 0.005859 0.011283
0 0.434570 0.043724 0.005859 0.011283
0 0.437500 0.039492 0.005859 0.011283
0 0.467285 0.077574 0.004883 0.011283
0 0.457031 0.074048 0.005859 0.009873
0 0.503906 0.129055 0.005859 0.012694
0 0.471191 0.097320 0.006836 0.011283
0 0.487305 0.122003 0.005859 0.012694
0 0.441406 0.120592 0.005859 0.009873
0 0.393066 0.125529 0.006836 0.011283
0 0.420898 0.045839 0.005859 0.009873
0 0.410156 0.039492 0.005859 0.011283
0 0.418457 0.042313 0.004883 0.008463
0 0.404785 0.071227 0.004883 0.009873
0 0.463867 0.113540 0.005859 0.009873
0 0.421387 0.076869 0.006836 0.009873
0 0.389648 0.074753 0.005859 0.011283
0 0.391602 0.042313 0.005859 0.011283
0 0.380371 0.050071 0.004883 0.009873
0 0.403320 0.124118 0.005859 0.011283
0 0.398438 0.115656 0.005859 0.011283
0 0.372559 0.116361 0.004883 0.009873
0 0.366699 0.134697 0.006836 0.009873
0 0.353516 0.081100 0.005859 0.009873
0 0.363281 0.033145 0.005859 0.009873
0 0.347168 0.043018 0.004883 0.009873
0 0.356934 0.116361 0.004883 0.009873
0 0.342773 0.043018 0.005859 0.009873
0 0.344238 0.129760 0.006836 0.011283
0 0.337891 0.119887 0.005859 0.011283
0 0.336426 0.076869 0.004883 0.009873
0 0.331543 0.042313 0.004883 0.011283
0 0.320312 0.081100 0.005859 0.009873
0 0.319824 0.120592 0.004883 0.009873
0 0.413086 0.129055 0.007812 0.012694
0 0.448242 0.115656 0.005859 0.011283
0 0.305176 0.221439 0.004883 0.011283
0 0.271973 0.224260 0.006836 0.011283
0 0.245605 0.224965 0.006836 0.012694
0 0.215820 0.203808 0.005859 0.009873
0 0.202637 0.187588 0.006836 0.011283
0 0.196777 0.167137 0.006836 0.009873
0 0.281250 0.137518 0.005859 0.009873
0 0.230469 0.140339 0.005859 0.009873
0 0.191895 0.200987 0.006836 0.012694
0 0.299805 0.132581 0.005859 0.011283
0 0.312500 0.120592 0.005859 0.009873
0 0.300293 0.122708 0.006836 0.011283
0 0.290039 0.119887 0.005859 0.011283
0 0.271484 0.131876 0.007812 0.009873
0 0.275391 0.124824 0.005859 0.009873
0 0.307129 0.079690 0.006836 0.009873
0 0.298340 0.083921 0.004883 0.009873
0 0.288086 0.082511 0.005859 0.009873
0 0.320312 0.042313 0.005859 0.011283
0 0.363281 0.048660 0.005859 0.009873
0 0.376953 0.059944 0.005859 0.009873
0 0.311035 0.047250 0.004883 0.009873
0 0.304199 0.044429 0.004883 0.009873
0 0.290527 0.045839 0.004883 0.009873
0 0.280273 0.048660 0.005859 0.009873
0 0.268066 0.040197 0.006836 0.012694
0 0.260742 0.040903 0.005859 0.011283
0 0.273438 0.084626 0.005859 0.011283
0 0.244629 0.095910 0.006836 0.011283
0 0.252441 0.045134 0.004883 0.011283
0 0.249023 0.050071 0.005859 0.009873
0 0.238770 0.079690 0.004883 0.009873
0 0.248047 0.128350 0.005859 0.011283
0 0.219238 0.101551 0.006836 0.011283
0 0.206543 0.093794 0.006836 0.012694
0 0.211426 0.087447 0.004883 0.008463
0 0.222656 0.082511 0.005859 0.009873
0 0.225098 0.033850 0.004883 0.008463
0 0.225098 0.045839 0.004883 0.007052
0 0.212402 0.047955 0.004883 0.008463
0 0.200195 0.048660 0.005859 0.009873
0 0.123535 0.207334 0.006836 0.011283
0 0.125977 0.184062 0.005859 0.009873
0 0.112793 0.190409 0.006836 0.011283
0 0.098145 0.200282 0.006836 0.011283
0 0.066895 0.215092 0.006836 0.012694
0 0.151367 0.177010 0.005859 0.012694
0 0.136719 0.186178 0.005859 0.011283
0 0.037598 0.258110 0.006836 0.011283
0 0.181152 0.048660 0.006836 0.012694
0 0.192871 0.088858 0.006836 0.011283
0 0.189941 0.044429 0.004883 0.009873
0 0.173340 0.049365 0.004883 0.008463
0 0.164062 0.044429 0.005859 0.009873
0 0.177734 0.087447 0.005859 0.008463
0 0.164551 0.153032 0.006836 0.009873
0 0.154297 0.088152 0.005859 0.012694
0 0.275391 0.069111 0.005859 0.008463
0 0.137207 0.138223 0.006836 0.014104
0 0.155762 0.138928 0.006836 0.012694
0 0.145996 0.155148 0.006836 0.011283
0 0.118652 0.143159 0.006836 0.012694
0 0.139160 0.051481 0.004883 0.009873
0 0.139648 0.086742 0.005859 0.012694
0 0.059082 0.095205 0.004883 0.009873
0 0.067383 0.131876 0.005859 0.009873
0 0.071289 0.086742 0.005859 0.009873
0 0.083008 0.093794 0.005859 0.009873
0 0.092773 0.088858 0.005859 0.011283
0 0.101562 0.086037 0.005859 0.011283
0 0.116699 0.095910 0.004883 0.011283
0 0.101074 0.127645 0.004883 0.009873
0 0.130371 0.136107 0.006836 0.009873
0 0.220215 0.148801 0.006836 0.009873
0 0.111816 0.091678 0.004883 0.008463
0 0.081543 0.136107 0.006836 0.009873
0 0.094727 0.138223 0.005859 0.011283
0 0.108887 0.139633 0.006836 0.011283
0 0.036621 0.036671 0.004883 0.008463
0 0.014160 0.046544 0.004883 0.008463
0 0.019043 0.090268 0.006836 0.011283
0 0.047363 0.076869 0.004883 0.007052
0 0.052734 0.136812 0.005859 0.011283
0 0.014160 0.128350 0.006836 0.011283
0 0.042480 0.133286 0.006836 0.009873
0 0.964844 0.165021 0.005859 0.011283
0 0.614258 0.098731 0.005859 0.008463
0 0.256348 0.739069 0.018555 0.031030
0 0.734375 0.607193 0.013672 0.029619
0 0.571777 0.706629 0.012695 0.022567
0 0.779297 0.107898 0.005859 0.009873
0 0.769043 0.090973 0.006836 0.012694
0 0.798828 0.114951 0.005859 0.009873
0 0.808105 0.129055 0.006836 0.012694
0 0.946289 0.143865 0.005859 0.011283
0 0.193359 0.119887 0.005859 0.011283
0 0.262695 0.136812 0.005859 0.011283
0 0.132812 0.083921 0.003906 0.009873
0 0.141602 0.198166 0.007812 0.012694
0 0.189453 0.110719 0.005859 0.009873
0 0.042969 0.091678 0.005859 0.011283
0 0.222168 0.211566 0.006836 0.011283
0 0.370605 0.078279 0.006836 0.012694
0 0.238281 0.062764 0.005859 0.009873
0 0.255371 0.086037 0.006836 0.011283
0 0.268555 0.088858 0.005859 0.011283
0 0.992188 0.123413 0.005859 0.012694
0 0.124023 0.098731 0.005859 0.011283
0 0.130859 0.113540 0.005859 0.009873
0 0.027344 0.143865 0.005859 0.011283
0 0.962891 0.630465 0.017578 0.025388
0 0.912598 0.104372 0.006836 0.011283
0 0.791504 0.090973 0.004883 0.007052
0 0.504883 0.077574 0.005859 0.008463
0 0.499023 0.113540 0.003906 0.009873
0 0.453125 0.104372 0.005859 0.008463
0 0.454102 0.089563 0.003906 0.007052
0 0.501465 0.044429 0.004883 0.009873
0 0.420898 0.119182 0.005859 0.009873
0 0.383301 0.123413 0.004883 0.009873
0 0.229980 0.081100 0.004883 0.007052
0 0.171387 0.177010 0.004883 0.009873
0 0.162109 0.165726 0.003906 0.009873
0 0.147461 0.071932 0.005859 0.011283
0 0.196777 0.078279 0.004883 0.009873
0 0.237305 0.134697 0.005859 0.007052
0 0.160156 0.083216 0.005859 0.008463
0 0.171875 0.074753 0.005859 0.008463
0 0.678711 0.787729 0.015625 0.026798
0 0.484863 0.765162 0.016602 0.021157
