0 0.278809 0.471354 0.020508 0.028646
0 0.211914 0.419271 0.023438 0.031250
0 0.245117 0.453776 0.021484 0.035156
0 0.141602 0.436198 0.021484 0.036458
0 0.133789 0.451823 0.023438 0.031250
0 0.088867 0.449870 0.025391 0.040365
0 0.033691 0.427734 0.024414 0.042969
0 0.009766 0.393229 0.019531 0.033854
0 0.455078 0.477214 0.015625 0.024740
0 0.440430 0.469401 0.017578 0.027344
0 0.387695 0.430990 0.021484 0.028646
0 0.332031 0.423177 0.021484 0.031250
0 0.635742 0.447266 0.019531 0.027344
0 0.584473 0.472656 0.020508 0.028646
0 0.537598 0.475911 0.020508 0.027344
0 0.521973 0.455729 0.016602 0.023438
0 0.489258 0.462240 0.019531 0.028646
0 0.847168 0.518229 0.012695 0.023438
0 0.789551 0.494792 0.014648 0.026042
0 0.777344 0.494141 0.017578 0.027344
0 0.744141 0.463542 0.019531 0.023438
0 0.712891 0.482422 0.017578 0.024740
0 0.680176 0.484375 0.016602 0.031250
0 0.797363 0.496094 0.014648 0.026042
0 0.912109 0.488932 0.015625 0.024740
0 0.890137 0.507161 0.014648 0.022135
0 0.867676 0.493490 0.016602 0.026042
0 0.843750 0.497396 0.017578 0.026042
