0 0.874023 0.815104 0.031250 0.067708
0 0.915039 0.760417 0.025391 0.055556
0 0.987793 0.822049 0.024414 0.060764
0 0.957520 0.963542 0.024414 0.072917
0 0.858887 0.954861 0.040039 0.076389
0 0.666016 0.968750 0.031250 0.062500
0 0.745117 0.784722 0.023438 0.048611
0 0.782227 0.735243 0.023438 0.050347
0 0.813965 0.715278 0.026367 0.052083
0 0.714844 0.717014 0.027344 0.052083
0 0.721191 0.652778 0.026367 0.048611
0 0.765137 0.639757 0.022461 0.043403
0 0.793945 0.649306 0.021484 0.038194
0 0.884277 0.670139 0.026367 0.048611
0 0.951172 0.671875 0.029297 0.052083
0 0.922852 0.627604 0.025391 0.043403
0 0.875977 0.587674 0.019531 0.029514
0 0.848633 0.573785 0.019531 0.036458
0 0.766602 0.564236 0.021484 0.038194
0 0.730957 0.571181 0.022461 0.041667
0 0.662109 0.643229 0.021484 0.053819
0 0.585449 0.764757 0.020508 0.046875
0 0.640625 0.774306 0.029297 0.055556
0 0.835938 0.660590 0.023438 0.036458
0 0.823730 0.542535 0.012695 0.026042
0 0.850098 0.524306 0.012695 0.024306
0 0.798340 0.467882 0.012695 0.022569
0 0.950195 0.466146 0.013672 0.029514
0 0.982422 0.496528 0.017578 0.024306
0 0.987305 0.531250 0.017578 0.024306
0 0.954102 0.551215 0.015625 0.036458
0 0.970215 0.596354 0.016602 0.029514
0 0.709961 0.544271 0.017578 0.036458
0 0.686523 0.607639 0.019531 0.031250
0 0.664551 0.593750 0.016602 0.027778
0 0.649902 0.578125 0.014648 0.027778
0 0.620605 0.589410 0.020508 0.036458
0 0.604004 0.625868 0.016602 0.039931
0 0.632812 0.667535 0.017578 0.046875
0 0.679688 0.894965 0.031250 0.039931
0 0.738770 0.901910 0.016602 0.046875
0 0.734375 0.535590 0.013672 0.022569
0 0.673828 0.547743 0.015625 0.029514
0 0.636230 0.487847 0.012695 0.024306
0 0.601562 0.473090 0.013672 0.026042
0 0.583496 0.471354 0.012695 0.029514
0 0.632812 0.464410 0.013672 0.022569
0 0.683594 0.457465 0.011719 0.015625
0 0.654297 0.519097 0.011719 0.020833
0 0.624512 0.552083 0.020508 0.024306
0 0.580566 0.675347 0.022461 0.045139
0 0.585938 0.884549 0.021484 0.053819
0 0.894043 0.480035 0.014648 0.032986
0 0.904785 0.484375 0.010742 0.024306
0 0.862793 0.630208 0.014648 0.038194
0 0.689941 0.664931 0.024414 0.048611
0 0.668945 0.751736 0.017578 0.045139
0 0.942383 0.505208 0.009766 0.024306
0 0.979004 0.770833 0.020508 0.038194
0 0.450684 0.798611 0.034180 0.079861
0 0.421875 0.948785 0.027344 0.060764
0 0.308594 0.835938 0.035156 0.078125
0 0.310059 0.781250 0.026367 0.062500
0 0.380859 0.710938 0.023438 0.043403
0 0.392090 0.765625 0.026367 0.059028
0 0.412109 0.814236 0.027344 0.059028
0 0.540039 0.923611 0.035156 0.072917
0 0.530273 0.780382 0.023438 0.050347
0 0.543945 0.670139 0.027344 0.048611
0 0.510742 0.641493 0.021484 0.032986
0 0.513672 0.598958 0.019531 0.041667
0 0.436523 0.697049 0.025391 0.043403
0 0.441895 0.729167 0.026367 0.045139
0 0.467285 0.666667 0.022461 0.048611
0 0.424316 0.657118 0.018555 0.036458
0 0.443359 0.646701 0.019531 0.029514
0 0.428223 0.577257 0.022461 0.043403
0 0.467285 0.570312 0.018555 0.036458
0 0.329590 0.636285 0.024414 0.039931
0 0.540039 0.594618 0.017578 0.046875
0 0.562012 0.567708 0.016602 0.031250
0 0.336426 0.788194 0.030273 0.055556
0 0.287598 0.619792 0.024414 0.052083
0 0.467773 0.531250 0.017578 0.034722
0 0.389160 0.519097 0.020508 0.031250
0 0.336914 0.548611 0.021484 0.038194
0 0.372559 0.613715 0.018555 0.050347
0 0.283203 0.546875 0.023438 0.041667
0 0.324707 0.526042 0.018555 0.034722
0 0.306152 0.539931 0.012695 0.027778
0 0.297852 0.508681 0.017578 0.034722
0 0.267578 0.513889 0.017578 0.034722
0 0.256836 0.461806 0.015625 0.034722
0 0.284668 0.452257 0.014648 0.026042
0 0.319824 0.464410 0.012695 0.029514
0 0.366211 0.462674 0.011719 0.029514
0 0.387207 0.453993 0.012695 0.029514
0 0.420898 0.486111 0.015625 0.027778
0 0.452148 0.493924 0.011719 0.029514
0 0.464355 0.465278 0.012695 0.024306
0 0.342773 0.439236 0.009766 0.020833
0 0.636230 0.429688 0.008789 0.022569
0 0.649414 0.427083 0.009766 0.020833
0 0.610840 0.442708 0.012695 0.024306
0 0.477051 0.442708 0.012695 0.020833
0 0.504395 0.447917 0.008789 0.024306
0 0.517090 0.462674 0.010742 0.022569
0 0.555176 0.412326 0.010742 0.026042
0 0.605957 0.405382 0.010742 0.026042
0 0.283691 0.415799 0.008789 0.015625
0 0.309082 0.445312 0.008789 0.019097
0 0.412109 0.400174 0.009766 0.019097
0 0.411133 0.449653 0.009766 0.020833
0 0.444336 0.430556 0.009766 0.024306
0 0.542969 0.519097 0.011719 0.031250
0 0.300781 0.723090 0.025391 0.046875
0 0.340820 0.875868 0.027344 0.053819
0 0.274902 0.894097 0.022461 0.059028
0 0.162109 0.765625 0.027344 0.059028
0 0.152344 0.882812 0.027344 0.060764
0 0.228027 0.870660 0.041992 0.085069
0 0.042969 0.851562 0.027344 0.067708
0 0.029297 0.851562 0.021484 0.064236
0 0.023438 0.742188 0.029297 0.046875
0 0.060547 0.731771 0.019531 0.043403
0 0.143555 0.702257 0.029297 0.050347
0 0.177734 0.638889 0.023438 0.045139
0 0.196777 0.710938 0.016602 0.043403
0 0.238281 0.690972 0.019531 0.041667
0 0.228027 0.659722 0.020508 0.052083
0 0.211426 0.555556 0.020508 0.041667
0 0.199219 0.532986 0.017578 0.031250
0 0.166016 0.552083 0.019531 0.038194
0 0.107422 0.573785 0.025391 0.036458
0 0.063965 0.616319 0.022461 0.048611
0 0.057129 0.565972 0.022461 0.038194
0 0.038086 0.518229 0.021484 0.036458
0 0.010742 0.591146 0.019531 0.043403
0 0.035645 0.614583 0.018555 0.034722
0 0.048828 0.697917 0.015625 0.038194
0 0.083496 0.660590 0.020508 0.046875
0 0.134766 0.635417 0.017578 0.041667
0 0.146973 0.652778 0.024414 0.041667
0 0.106934 0.511285 0.020508 0.036458
0 0.090820 0.496528 0.015625 0.027778
0 0.080078 0.446181 0.011719 0.027778
0 0.019043 0.455729 0.014648 0.026042
0 0.144043 0.534722 0.016602 0.027778
0 0.138672 0.491319 0.017578 0.031250
0 0.098633 0.799479 0.029297 0.057292
0 0.080078 0.884549 0.037109 0.067708
0 0.200195 0.496528 0.015625 0.031250
0 0.208496 0.434896 0.010742 0.026042
0 0.186035 0.433160 0.010742 0.022569
0 0.196289 0.421875 0.011719 0.027778
0 0.034668 0.437500 0.012695 0.024306
0 0.245117 0.573785 0.019531 0.032986
0 0.242676 0.617188 0.018555 0.032986
0 0.233887 0.771701 0.028320 0.036458
0 0.058594 0.528646 0.019531 0.036458
0 0.005859 0.487847 0.011719 0.034722
0 0.485840 0.531250 0.018555 0.038194
0 0.497070 0.710938 0.029297 0.057292
0 0.902832 0.407118 0.012695 0.026042
0 0.906738 0.353299 0.008789 0.022569
0 0.925781 0.315104 0.005859 0.015625
0 0.961426 0.405382 0.010742 0.022569
0 0.969238 0.444444 0.010742 0.020833
0 0.953613 0.343750 0.008789 0.017361
0 0.990234 0.329861 0.007812 0.013889
0 0.972168 0.312500 0.006836 0.017361
0 0.996094 0.300347 0.005859 0.017361
0 0.959473 0.284722 0.004883 0.010417
0 0.931152 0.284722 0.006836 0.013889
0 0.896973 0.316840 0.006836 0.012153
0 0.762207 0.330729 0.006836 0.015625
0 0.751465 0.359375 0.006836 0.013889
0 0.690430 0.426215 0.009766 0.022569
0 0.751953 0.282118 0.005859 0.015625
0 0.740234 0.332465 0.007812 0.015625
0 0.785156 0.292535 0.005859 0.012153
0 0.689941 0.302083 0.006836 0.013889
0 0.698242 0.519097 0.011719 0.027778
0 0.088867 0.277778 0.009766 0.017361
0 0.034180 0.317708 0.009766 0.020833
0 0.076172 0.361979 0.011719 0.026042
0 0.072266 0.325521 0.009766 0.019097
0 0.080078 0.423611 0.013672 0.024306
0 0.043457 0.422743 0.012695 0.022569
0 0.195801 0.388021 0.008789 0.019097
0 0.286133 0.370660 0.007812 0.019097
0 0.245605 0.387153 0.008789 0.017361
0 0.215820 0.389757 0.009766 0.019097
0 0.217285 0.414931 0.008789 0.020833
0 0.347656 0.367188 0.009766 0.019097
0 0.329102 0.409722 0.009766 0.017361
0 0.241211 0.350694 0.007812 0.017361
0 0.299805 0.344618 0.007812 0.019097
0 0.340820 0.478299 0.015625 0.029514
0 0.274414 0.440104 0.007812 0.019097
0 0.375488 0.445312 0.010742 0.026042
0 0.459961 0.393229 0.011719 0.019097
0 0.438965 0.361111 0.010742 0.024306
0 0.422852 0.361979 0.007812 0.015625
0 0.509277 0.398438 0.010742 0.015625
0 0.519043 0.425347 0.010742 0.020833
0 0.526855 0.399306 0.008789 0.020833
0 0.485840 0.455729 0.010742 0.019097
0 0.644531 0.375000 0.007812 0.017361
0 0.672852 0.440972 0.011719 0.024306
0 0.687500 0.324653 0.009766 0.017361
0 0.719238 0.345486 0.010742 0.017361
0 0.741699 0.298611 0.008789 0.013889
0 0.774902 0.334201 0.008789 0.015625
0 0.224609 0.448785 0.011719 0.026042
0 0.176270 0.841146 0.032227 0.060764
0 0.246582 0.463542 0.012695 0.031250
