0 0.326660 0.355536 0.055664 0.112457
0 0.445801 0.354671 0.041992 0.076125
0 0.784180 0.565744 0.060547 0.176471
0 0.184082 0.298443 0.034180 0.070934
0 0.020020 0.330450 0.030273 0.065744
0 0.256348 0.255190 0.022461 0.043253
0 0.076172 0.188581 0.021484 0.051903
0 0.056152 0.246540 0.022461 0.046713
0 0.503906 0.248270 0.015625 0.039792
0 0.598145 0.232699 0.024414 0.053633
0 0.447754 0.183391 0.016602 0.034602
0 0.477051 0.158304 0.012695 0.029412
0 0.408691 0.214533 0.014648 0.038062
0 0.349609 0.192907 0.011719 0.025952
0 0.340332 0.159170 0.008789 0.020761
0 0.514160 0.189446 0.012695 0.025952
0 0.495605 0.221453 0.012695 0.031142
0 0.569336 0.200692 0.017578 0.038062
0 0.738281 0.227509 0.017578 0.039792
0 0.744141 0.203287 0.015625 0.032872
0 0.676758 0.170415 0.013672 0.029412
0 0.692871 0.185121 0.010742 0.020761
0 0.665527 0.197232 0.010742 0.027682
0 0.634277 0.185121 0.016602 0.034602
0 0.638184 0.158304 0.014648 0.029412
0 0.651367 0.171280 0.009766 0.024221
0 0.801758 0.169550 0.013672 0.031142
0 0.818848 0.173010 0.012695 0.027682
0 0.838379 0.167820 0.010742 0.024221
0 0.855957 0.147924 0.010742 0.029412
0 0.884277 0.149654 0.008789 0.019031
0 0.374512 0.245675 0.014648 0.031142
0 0.354004 0.264706 0.024414 0.048443
0 0.319336 0.236159 0.019531 0.043253
0 0.272461 0.176471 0.005859 0.020761
0 0.279297 0.178201 0.007812 0.017301
0 0.292480 0.173875 0.008789 0.019031
0 0.606934 0.179931 0.008789 0.020761
0 0.562988 0.142734 0.004883 0.012111
0 0.192871 0.249135 0.020508 0.038062
