0 0.362305 0.831597 0.031250 0.111111
0 0.283203 0.724826 0.021484 0.057292
0 0.233398 0.697049 0.015625 0.039931
0 0.221191 0.662326 0.018555 0.039931
0 0.516113 0.498264 0.030273 0.083333
0 0.869629 0.882812 0.059570 0.102431
0 0.572754 0.986979 0.043945 0.026042
0 0.723145 0.451389 0.010742 0.027778
0 0.664062 0.466146 0.015625 0.036458
0 0.636719 0.459201 0.011719 0.029514
0 0.879395 0.480035 0.020508 0.039931
0 0.917480 0.493056 0.008789 0.017361
0 0.833496 0.569444 0.008789 0.020833
0 0.797363 0.583333 0.006836 0.017361
0 0.683594 0.470486 0.011719 0.024306
0 0.482422 0.444444 0.005859 0.010417
0 0.387207 0.571181 0.010742 0.024306
0 0.245117 0.585069 0.011719 0.020833
0 0.291504 0.463542 0.012695 0.024306
0 0.288086 0.408854 0.007812 0.019097
0 0.298340 0.411458 0.006836 0.013889
0 0.263672 0.447917 0.007812 0.024306
0 0.257812 0.450521 0.009766 0.022569
0 0.227051 0.436632 0.006836 0.019097
0 0.041016 0.416667 0.009766 0.020833
0 0.057617 0.423611 0.005859 0.013889
0 0.208984 0.430556 0.007812 0.017361
0 0.014648 0.518229 0.007812 0.015625
0 0.347656 0.444444 0.005859 0.013889
0 0.363281 0.436632 0.007812 0.015625
0 0.338867 0.434896 0.005859 0.012153
