0 0.037109 0.263117 0.005859 0.010802
0 0.025879 0.270833 0.006836 0.010802
0 0.049316 0.281636 0.006836 0.010802
0 0.068359 0.288580 0.011719 0.015432
0 0.037109 0.320988 0.011719 0.018519
0 0.055176 0.337963 0.012695 0.021605
0 0.064941 0.350309 0.012695 0.021605
0 0.066406 0.379630 0.011719 0.024691
0 0.095703 0.356481 0.013672 0.021605
0 0.089355 0.350309 0.006836 0.021605
0 0.112305 0.319444 0.013672 0.021605
0 0.224121 0.351852 0.008789 0.018519
0 0.242676 0.347222 0.008789 0.018519
0 0.205078 0.347222 0.007812 0.018519
0 0.223633 0.341821 0.011719 0.016975
0 0.172852 0.344136 0.009766 0.015432
0 0.251465 0.300154 0.008789 0.016975
0 0.264648 0.305556 0.009766 0.018519
0 0.302734 0.288580 0.007812 0.012346
0 0.291992 0.297068 0.005859 0.010802
0 0.294922 0.324074 0.007812 0.018519
0 0.149414 0.477623 0.019531 0.035494
0 0.189453 0.462191 0.017578 0.032407
0 0.210449 0.466821 0.012695 0.029321
0 0.196777 0.520062 0.018555 0.030864
0 0.168945 0.574846 0.013672 0.035494
0 0.235840 0.489198 0.018555 0.037037
0 0.260254 0.472994 0.010742 0.023148
0 0.287109 0.459877 0.013672 0.033951
0 0.319336 0.497685 0.017578 0.038580
0 0.320801 0.463735 0.016602 0.026235
0 0.333496 0.441358 0.014648 0.030864
0 0.372559 0.476852 0.016602 0.030864
0 0.378418 0.500000 0.018555 0.037037
0 0.331055 0.349537 0.009766 0.016975
0 0.334961 0.373457 0.009766 0.018519
0 0.349121 0.369599 0.008789 0.016975
0 0.312500 0.401235 0.009766 0.024691
0 0.321777 0.370370 0.006836 0.021605
0 0.396484 0.389660 0.013672 0.020062
0 0.415039 0.470679 0.017578 0.033951
0 0.439453 0.430556 0.017578 0.030864
0 0.439453 0.399691 0.011719 0.024691
0 0.436523 0.488426 0.019531 0.035494
0 0.438965 0.520833 0.018555 0.035494
0 0.468262 0.513889 0.018555 0.037037
0 0.456543 0.463735 0.018555 0.038580
0 0.521484 0.546296 0.021484 0.046296
0 0.495605 0.459105 0.012695 0.035494
0 0.487793 0.401235 0.012695 0.024691
0 0.518066 0.472222 0.020508 0.037037
0 0.503418 0.410494 0.008789 0.021605
0 0.570312 0.621142 0.023438 0.047840
0 0.559082 0.549383 0.020508 0.037037
0 0.590820 0.550926 0.019531 0.037037
0 0.616211 0.568673 0.023438 0.047840
0 0.496582 0.368056 0.008789 0.016975
0 0.515137 0.358025 0.008789 0.012346
0 0.505859 0.351080 0.009766 0.016975
0 0.657715 0.393519 0.012695 0.024691
0 0.640137 0.483025 0.022461 0.033951
0 0.643555 0.525463 0.023438 0.041667
0 0.671387 0.490741 0.020508 0.027778
0 0.666992 0.523920 0.017578 0.035494
0 0.673340 0.554012 0.020508 0.037037
0 0.696777 0.589506 0.026367 0.043210
0 0.692871 0.521605 0.020508 0.027778
0 0.719727 0.556327 0.019531 0.038580
0 0.728516 0.419753 0.011719 0.021605
0 0.708008 0.490741 0.015625 0.033951
0 0.753906 0.578704 0.025391 0.040123
0 0.763184 0.650463 0.024414 0.038580
0 0.791504 0.577932 0.022461 0.044753
0 0.788086 0.528549 0.023438 0.038580
0 0.812988 0.505401 0.014648 0.032407
0 0.837891 0.570216 0.023438 0.044753
0 0.859375 0.639660 0.025391 0.044753
0 0.902832 0.564815 0.028320 0.049383
0 0.939941 0.673611 0.030273 0.047840
0 0.973633 0.611111 0.019531 0.037037
0 0.937500 0.503858 0.013672 0.032407
0 0.751465 0.447531 0.016602 0.027778
0 0.729004 0.388117 0.010742 0.020062
0 0.751953 0.411265 0.009766 0.023148
0 0.745605 0.374228 0.008789 0.013889
0 0.942383 0.378858 0.007812 0.023148
0 0.975098 0.380401 0.012695 0.023148
0 0.971680 0.459877 0.017578 0.030864
0 0.798340 0.461420 0.008789 0.027778
0 0.809570 0.414352 0.011719 0.023148
0 0.826660 0.415895 0.012695 0.020062
0 0.827637 0.450617 0.006836 0.024691
0 0.862305 0.587963 0.009766 0.027778
0 0.886230 0.523920 0.006836 0.023148
0 0.719727 0.367284 0.009766 0.018519
0 0.726562 0.333333 0.007812 0.012346
0 0.728516 0.313272 0.005859 0.015432
0 0.778809 0.327160 0.004883 0.012346
0 0.771973 0.307870 0.008789 0.013889
0 0.759277 0.305556 0.006836 0.012346
0 0.747070 0.313272 0.005859 0.009259
0 0.736328 0.313272 0.005859 0.012346
0 0.800781 0.365741 0.007812 0.015432
0 0.781738 0.304012 0.004883 0.009259
0 0.800781 0.318673 0.005859 0.013889
0 0.808594 0.320988 0.007812 0.012346
0 0.815918 0.337191 0.008789 0.013889
0 0.816895 0.317901 0.006836 0.012346
0 0.850586 0.365741 0.009766 0.015432
0 0.842285 0.334105 0.008789 0.013889
0 0.869141 0.297840 0.007812 0.015432
0 0.782227 0.295525 0.005859 0.007716
0 0.995605 0.476080 0.006836 0.032407
0 0.596191 0.523920 0.020508 0.044753
0 0.639648 0.405864 0.011719 0.024691
0 0.468750 0.435957 0.017578 0.026235
