0 0.984375 0.873353 0.029297 0.057101
0 0.923340 0.703514 0.010742 0.024890
0 0.873535 0.676428 0.012695 0.029283
0 0.829102 0.696925 0.013672 0.049780
0 0.703613 0.624451 0.008789 0.024890
0 0.725098 0.621523 0.008789 0.024890
0 0.530273 0.217423 0.011719 0.024890
0 0.771973 0.752562 0.010742 0.040996
0 0.763672 0.759151 0.007812 0.027818
0 0.329102 0.934846 0.013672 0.024890
0 0.296387 0.978770 0.010742 0.027818
0 0.204590 0.972182 0.010742 0.026354
0 0.218262 0.992679 0.014648 0.011713
0 0.542969 0.439971 0.019531 0.030747
0 0.584473 0.542460 0.020508 0.033675
0 0.447266 0.634700 0.021484 0.033675
