0 0.863281 0.466463 0.023438 0.063008
0 0.845703 0.404472 0.019531 0.048780
0 0.933105 0.544715 0.022461 0.052846
0 0.904297 0.517276 0.021484 0.050813
0 0.802734 0.479675 0.019531 0.036585
0 0.702637 0.495935 0.022461 0.044715
0 0.779785 0.446138 0.018555 0.046748
0 0.797363 0.413618 0.016602 0.038618
0 0.958008 0.358740 0.017578 0.042683
0 0.534668 0.816057 0.034180 0.075203
0 0.605957 0.721545 0.006836 0.016260
0 0.550293 0.680894 0.030273 0.077236
0 0.509277 0.680894 0.032227 0.077236
0 0.409668 0.493902 0.020508 0.052846
0 0.403320 0.422764 0.019531 0.052846
0 0.295898 0.376016 0.021484 0.060976
0 0.437500 0.646341 0.027344 0.060976
0 0.666992 0.507114 0.023438 0.071138
