0 0.144043 0.722386 0.131836 0.248895
0 0.111816 0.463181 0.051758 0.107511
0 0.127441 0.435199 0.049805 0.107511
0 0.077148 0.324006 0.035156 0.070692
0 0.137207 0.321797 0.024414 0.048601
0 0.135742 0.276141 0.017578 0.033873
0 0.145020 0.276141 0.012695 0.033873
0 0.005371 0.282769 0.010742 0.038292
0 0.039062 0.254050 0.023438 0.045655
0 0.054688 0.252577 0.013672 0.027982
0 0.062500 0.231959 0.013672 0.027982
0 0.307129 0.305596 0.020508 0.060383
0 0.278320 0.243741 0.017578 0.036819
0 0.297363 0.256259 0.010742 0.026510
0 0.245605 0.233432 0.008789 0.019146
0 0.342285 0.427099 0.040039 0.106038
0 0.215332 0.195876 0.008789 0.014728
0 0.173340 0.200295 0.008789 0.014728
0 0.130371 0.193667 0.008789 0.013255
0 0.115234 0.196613 0.009766 0.013255
0 0.136719 0.153903 0.009766 0.016200
0 0.161133 0.202504 0.005859 0.016200
0 0.148926 0.206186 0.008789 0.017673
0 0.066895 0.176730 0.008789 0.020619
0 0.184570 0.206186 0.005859 0.008837
0 0.494141 0.481591 0.037109 0.103093
0 0.405273 0.354934 0.025391 0.070692
0 0.540039 0.381443 0.029297 0.076583
0 0.585449 0.373343 0.028320 0.054492
0 0.552246 0.321797 0.038086 0.063328
0 0.430176 0.318851 0.018555 0.045655
0 0.359375 0.293078 0.019531 0.044183
0 0.373535 0.288660 0.012695 0.029455
0 0.375977 0.273196 0.015625 0.030928
0 0.393555 0.255523 0.011719 0.030928
0 0.510254 0.195140 0.014648 0.025037
0 0.566406 0.206186 0.005859 0.008837
0 0.596680 0.183358 0.005859 0.010309
0 0.488770 0.203976 0.006836 0.010309
0 0.976074 0.617820 0.036133 0.081001
0 0.716309 0.335788 0.020508 0.047128
0 0.669922 0.328424 0.021484 0.041237
0 0.688965 0.287923 0.018555 0.036819
0 0.782227 0.301915 0.013672 0.029455
0 0.811523 0.320324 0.011719 0.025037
0 0.833984 0.369661 0.009766 0.023564
0 0.890137 0.350515 0.020508 0.038292
0 0.852051 0.326951 0.014648 0.029455
0 0.832520 0.312960 0.012695 0.025037
0 0.833496 0.292342 0.010742 0.019146
0 0.820801 0.276878 0.010742 0.020619
0 0.842285 0.270250 0.014648 0.027982
0 0.861816 0.294551 0.010742 0.017673
0 0.850098 0.285714 0.008789 0.014728
0 0.799316 0.270250 0.010742 0.019146
0 0.796387 0.293814 0.010742 0.019146
0 0.796387 0.238586 0.006836 0.014728
0 0.858887 0.209131 0.006836 0.011782
0 0.858398 0.234168 0.007812 0.014728
0 0.901367 0.286451 0.011719 0.022091
0 0.888184 0.269514 0.008789 0.020619
0 0.902832 0.266568 0.010742 0.020619
0 0.891113 0.242268 0.006836 0.013255
0 0.975586 0.305596 0.025391 0.042710
0 0.238281 0.184094 0.005859 0.011782
0 0.266602 0.176730 0.005859 0.011782
0 0.541504 0.693667 0.057617 0.138439
