0 0.807617 0.432216 0.005859 0.010204
0 0.650391 0.440233 0.005859 0.008746
0 0.635742 0.430029 0.005859 0.008746
0 0.620605 0.434402 0.004883 0.008746
0 0.607910 0.430758 0.004883 0.007289
0 0.683105 0.437318 0.004883 0.008746
0 0.485352 0.435131 0.003906 0.007289
0 0.465820 0.440233 0.005859 0.008746
0 0.457031 0.439504 0.005859 0.010204
0 0.403320 0.403790 0.023438 0.043732
0 0.062500 0.426385 0.007812 0.013120
0 0.028320 0.421283 0.007812 0.011662
0 0.050781 0.427114 0.005859 0.008746
0 0.108887 0.447522 0.012695 0.017493
0 0.272949 0.403061 0.026367 0.045190
0 0.207520 0.345481 0.030273 0.055394
