0 0.680664 0.662045 0.060547 0.176776
0 0.587402 0.688908 0.049805 0.126516
0 0.856445 0.610919 0.056641 0.147314
0 0.345215 0.170711 0.041992 0.102253
0 0.297363 0.377816 0.053711 0.093588
0 0.394043 0.233102 0.032227 0.084922
0 0.246582 0.036395 0.040039 0.065858
0 0.391602 0.057192 0.033203 0.079723
0 0.115723 0.309359 0.038086 0.116118
0 0.530762 0.414211 0.055664 0.149047
0 0.600098 0.278163 0.053711 0.123050
0 0.542969 0.292028 0.046875 0.095321
0 0.525391 0.233102 0.042969 0.071057
0 0.692383 0.540728 0.056641 0.107452
0 0.519043 0.031196 0.034180 0.062392
0 0.470215 0.149913 0.026367 0.077990
0 0.572266 0.046794 0.041016 0.090121
0 0.716797 0.082322 0.042969 0.095321
0 0.772461 0.049393 0.044922 0.091854
0 0.881836 0.052860 0.037109 0.095321
0 0.816895 0.162912 0.041992 0.103986
0 0.809570 0.343154 0.050781 0.124783
0 0.686035 0.216638 0.034180 0.083189
0 0.850098 0.267764 0.041992 0.098787
0 0.910645 0.442808 0.055664 0.077990
0 0.975586 0.574523 0.048828 0.126516
0 0.087891 0.444541 0.033203 0.123050
0 0.154297 0.025130 0.035156 0.050260
