0 0.337891 0.735411 0.031250 0.051724
0 0.254883 0.795756 0.031250 0.058355
0 0.331055 0.869363 0.050781 0.075597
0 0.154785 0.867374 0.040039 0.053050
0 0.142090 0.894562 0.040039 0.025199
0 0.045410 0.706897 0.030273 0.042440
0 0.083008 0.779841 0.035156 0.050398
0 0.133789 0.717507 0.031250 0.047745
0 0.218750 0.773873 0.035156 0.057029
0 0.292480 0.701592 0.028320 0.045093
0 0.347168 0.690981 0.026367 0.047745
0 0.255371 0.688329 0.022461 0.037135
0 0.062500 0.630637 0.019531 0.033156
0 0.019043 0.625995 0.018555 0.037135
0 0.031738 0.565650 0.010742 0.019894
0 0.087402 0.573607 0.012695 0.019894
0 0.117676 0.578249 0.014648 0.023873
0 0.105469 0.645889 0.017578 0.031830
0 0.442383 0.521220 0.013672 0.026525
0 0.486816 0.531167 0.012695 0.025199
0 0.461914 0.506631 0.011719 0.023873
0 0.514648 0.649204 0.023438 0.043767
0 0.570801 0.642573 0.020508 0.033156
0 0.555176 0.748011 0.034180 0.042440
0 0.608398 0.719496 0.029297 0.038462
0 0.606934 0.808355 0.038086 0.062334
0 0.624512 0.687003 0.018555 0.029178
0 0.690918 0.629310 0.020508 0.030504
0 0.662598 0.637268 0.018555 0.030504
0 0.695801 0.592838 0.016602 0.029178
0 0.691895 0.538462 0.012695 0.021220
0 0.555664 0.598143 0.013672 0.021220
0 0.592773 0.618700 0.015625 0.033156
0 0.596191 0.599469 0.014648 0.029178
0 0.533691 0.503316 0.010742 0.019894
0 0.493652 0.513926 0.010742 0.022546
0 0.485352 0.610743 0.017578 0.027851
0 0.471680 0.768568 0.029297 0.051724
0 0.509277 0.618700 0.016602 0.027851
0 0.562012 0.716844 0.026367 0.041114
0 0.746094 0.800398 0.035156 0.059682
0 0.760742 0.716180 0.029297 0.047745
0 0.812012 0.741379 0.036133 0.050398
0 0.847168 0.818966 0.041992 0.075597
0 0.886230 0.829576 0.028320 0.054377
0 0.874512 0.706897 0.022461 0.047745
0 0.784668 0.661141 0.022461 0.043767
0 0.731934 0.624005 0.022461 0.022546
0 0.725098 0.580902 0.012695 0.031830
0 0.085449 0.673740 0.018555 0.031830
0 0.110352 0.700928 0.017578 0.033156
0 0.204102 0.604111 0.015625 0.027851
0 0.245605 0.622679 0.018555 0.030504
0 0.229980 0.647215 0.016602 0.029178
0 0.031738 0.664456 0.020508 0.034483
0 0.335449 0.596154 0.014648 0.025199
0 0.187012 0.690318 0.024414 0.035809
0 0.014160 0.869363 0.028320 0.054377
0 0.387695 0.751326 0.031250 0.051724
0 0.381348 0.650531 0.016602 0.030504
0 0.304199 0.677056 0.018555 0.033156
0 0.251953 0.666446 0.023438 0.035809
0 0.386719 0.594164 0.015625 0.026525
0 0.367188 0.588859 0.013672 0.026525
0 0.477539 0.821618 0.039062 0.075597
0 0.433105 0.685676 0.022461 0.042440
0 0.484863 0.678382 0.024414 0.041114
0 0.429199 0.635942 0.018555 0.033156
0 0.448730 0.608090 0.016602 0.033156
0 0.441895 0.580239 0.014648 0.027851
0 0.732910 0.549072 0.012695 0.021220
0 0.753906 0.592838 0.017578 0.026525
0 0.862305 0.555040 0.013672 0.027851
0 0.884277 0.535809 0.016602 0.026525
0 0.833496 0.673077 0.022461 0.043767
0 0.815430 0.632626 0.019531 0.031830
0 0.913574 0.685013 0.024414 0.033156
0 0.535156 0.891247 0.048828 0.026525
0 0.960449 0.764589 0.036133 0.075597
0 0.943359 0.657162 0.021484 0.033156
0 0.983398 0.656499 0.029297 0.045093
0 0.929199 0.572281 0.016602 0.027851
0 0.955078 0.562997 0.015625 0.027851
0 0.885742 0.610080 0.015625 0.029178
0 0.196289 0.661804 0.019531 0.037135
0 0.156250 0.642573 0.017578 0.025199
0 0.190430 0.586207 0.013672 0.023873
0 0.316406 0.626658 0.013672 0.027851
0 0.443848 0.665782 0.018555 0.034483
0 0.416016 0.565650 0.015625 0.022546
0 0.461426 0.580902 0.010742 0.021220
0 0.609375 0.572944 0.013672 0.023873
0 0.619629 0.564324 0.010742 0.019894
0 0.569824 0.532493 0.012695 0.025199
0 0.583008 0.524536 0.011719 0.022546
0 0.859863 0.740716 0.022461 0.051724
0 0.751465 0.619363 0.022461 0.042440
0 0.777344 0.575597 0.011719 0.018568
0 0.826660 0.543767 0.012695 0.021220
0 0.789062 0.543103 0.011719 0.017241
0 0.842285 0.519231 0.006836 0.011936
0 0.840820 0.492042 0.005859 0.010610
0 0.606934 0.669761 0.024414 0.037135
0 0.015625 0.584218 0.009766 0.019894
0 0.039062 0.554377 0.009766 0.018568
0 0.149414 0.594828 0.013672 0.019894
0 0.356934 0.568966 0.016602 0.029178
0 0.655273 0.755968 0.023438 0.042440
0 0.476562 0.586207 0.017578 0.029178
0 0.635742 0.562997 0.013672 0.022546
0 0.652344 0.539125 0.009766 0.017241
0 0.958984 0.877321 0.041016 0.064987
0 0.046387 0.610743 0.018555 0.033156
0 0.103516 0.606101 0.015625 0.026525
0 0.394531 0.586870 0.011719 0.022546
0 0.329590 0.570292 0.010742 0.021220
0 0.353516 0.612069 0.013672 0.027851
0 0.344727 0.651194 0.019531 0.034483
0 0.262695 0.616048 0.007812 0.017241
0 0.502930 0.590186 0.017578 0.034483
0 0.827637 0.583554 0.016602 0.034483
0 0.908203 0.607427 0.021484 0.031830
0 0.831543 0.621353 0.020508 0.035809
0 0.992188 0.569629 0.013672 0.022546
0 0.913086 0.547082 0.013672 0.027851
0 0.898438 0.544430 0.011719 0.019894
0 0.964844 0.545093 0.013672 0.018568
0 0.774414 0.625995 0.017578 0.034483
0 0.184570 0.499337 0.017578 0.025199
