0 0.295898 0.255714 0.015625 0.020000
0 0.320801 0.250000 0.014648 0.020000
0 0.343262 0.225714 0.014648 0.028571
0 0.380859 0.230714 0.015625 0.024286
0 0.073242 0.287857 0.013672 0.021429
0 0.061035 0.431429 0.022461 0.042857
0 0.174805 0.413571 0.025391 0.041429
0 0.180664 0.455714 0.023438 0.048571
0 0.127441 0.430714 0.016602 0.024286
0 0.091309 0.413571 0.022461 0.038571
0 0.208496 0.490714 0.032227 0.047143
0 0.264160 0.417857 0.022461 0.038571
0 0.205566 0.362143 0.018555 0.030000
0 0.098633 0.529286 0.035156 0.061429
0 0.062500 0.526429 0.025391 0.041429
0 0.109375 0.685714 0.042969 0.082857
0 0.064453 0.667857 0.033203 0.072857
0 0.262207 0.754286 0.041992 0.071429
0 0.277344 0.740000 0.042969 0.074286
0 0.314941 0.745714 0.053711 0.085714
0 0.435059 0.784286 0.053711 0.097143
0 0.456543 0.660000 0.040039 0.074286
0 0.481445 0.869286 0.058594 0.112857
0 0.437500 0.547143 0.037109 0.051429
0 0.504883 0.560714 0.044922 0.067143
0 0.293945 0.540714 0.027344 0.044286
0 0.352539 0.500000 0.039062 0.065714
0 0.285645 0.402857 0.024414 0.037143
0 0.298340 0.428571 0.024414 0.045714
0 0.335449 0.393571 0.022461 0.041429
0 0.330078 0.439286 0.033203 0.047143
0 0.387207 0.423571 0.026367 0.055714
0 0.450684 0.336429 0.016602 0.024286
0 0.488281 0.361429 0.021484 0.037143
0 0.542969 0.498571 0.033203 0.048571
0 0.517578 0.327143 0.019531 0.031429
0 0.556152 0.351429 0.020508 0.031429
0 0.431152 0.237857 0.010742 0.015714
0 0.530273 0.272857 0.009766 0.014286
0 0.567871 0.202143 0.006836 0.012857
0 0.582520 0.385714 0.024414 0.034286
0 0.625000 0.400714 0.058594 0.124286
0 0.681152 0.320000 0.014648 0.022857
0 0.772949 0.525000 0.061523 0.092857
0 0.834473 0.443571 0.026367 0.047143
0 0.722656 0.329286 0.015625 0.024286
0 0.727539 0.245000 0.011719 0.012857
0 0.695312 0.240714 0.007812 0.012857
0 0.770020 0.262143 0.008789 0.015714
0 0.828125 0.275714 0.011719 0.022857
0 0.857910 0.261429 0.014648 0.020000
0 0.872559 0.230000 0.008789 0.017143
0 0.830078 0.222857 0.009766 0.017143
0 0.782227 0.239286 0.009766 0.012857
0 0.942383 0.245714 0.009766 0.017143
0 0.896973 0.225714 0.008789 0.017143
0 0.762695 0.885000 0.062500 0.095714
