0 0.063477 0.482048 0.027344 0.051862
0 0.166992 0.506649 0.025391 0.045213
0 0.259277 0.478059 0.024414 0.046543
0 0.343262 0.514628 0.022461 0.034574
0 0.389160 0.463431 0.022461 0.043883
0 0.458984 0.445479 0.021484 0.039894
0 0.513184 0.477394 0.024414 0.045213
0 0.587891 0.527261 0.021484 0.038564
0 0.665039 0.517287 0.027344 0.047872
0 0.784180 0.455452 0.033203 0.059840
0 0.712891 0.478723 0.013672 0.023936
0 0.947754 0.444149 0.069336 0.103723
0 0.234375 0.506649 0.017578 0.037234
0 0.329590 0.501330 0.016602 0.037234
0 0.317871 0.501995 0.010742 0.030585
0 0.297363 0.488032 0.010742 0.021277
0 0.364746 0.484043 0.014648 0.034574
0 0.829102 0.507979 0.017578 0.045213
0 0.684082 0.485372 0.014648 0.026596
0 0.643555 0.492021 0.011719 0.037234
0 0.616699 0.489362 0.012695 0.023936
0 0.541504 0.502660 0.018555 0.034574
0 0.533203 0.473404 0.011719 0.018617
0 0.496582 0.497340 0.016602 0.023936
0 0.440430 0.476729 0.015625 0.025266
0 0.145020 0.521941 0.016602 0.019947
