0 0.005859 0.430990 0.011719 0.057292
0 0.156250 0.442708 0.009766 0.018229
0 0.163574 0.429036 0.006836 0.016927
0 0.135742 0.428385 0.009766 0.018229
0 0.119141 0.417969 0.007812 0.018229
0 0.312500 0.402995 0.025391 0.045573
0 0.414062 0.430339 0.029297 0.042969
0 0.397949 0.428385 0.010742 0.020833
0 0.426758 0.422526 0.019531 0.029948
0 0.546875 0.415365 0.027344 0.046875
0 0.568848 0.434245 0.026367 0.042969
0 0.582520 0.407552 0.010742 0.018229
0 0.619629 0.413411 0.014648 0.024740
0 0.631836 0.425130 0.025391 0.045573
0 0.654297 0.413411 0.015625 0.029948
0 0.721680 0.417969 0.041016 0.065104
0 0.683594 0.416667 0.007812 0.015625
0 0.764160 0.399740 0.004883 0.010417
0 0.824707 0.413411 0.008789 0.016927
0 0.829102 0.442708 0.003906 0.010417
0 0.885254 0.415365 0.006836 0.013021
0 0.841309 0.420573 0.006836 0.015625
0 0.859863 0.421224 0.024414 0.050781
0 0.943848 0.458984 0.030273 0.055990
