0 0.184570 0.694239 0.050781 0.079764
0 0.261230 0.600443 0.034180 0.060561
0 0.058105 0.584934 0.051758 0.079764
0 0.133789 0.437223 0.029297 0.050222
0 0.008789 0.456425 0.017578 0.056130
0 0.018066 0.432053 0.026367 0.048744
0 0.346191 0.406204 0.034180 0.059084
0 0.242188 0.428360 0.039062 0.062038
0 0.143066 0.372969 0.030273 0.042836
0 0.333984 0.526588 0.035156 0.063516
0 0.107910 0.321270 0.016602 0.033973
0 0.073730 0.343427 0.022461 0.033973
0 0.024902 0.324225 0.018555 0.033973
0 0.047363 0.334564 0.014648 0.028065
0 0.005371 0.303545 0.010742 0.028065
0 0.047363 0.280650 0.014648 0.026588
0 0.062500 0.292467 0.019531 0.032496
0 0.088867 0.290990 0.017578 0.032496
0 0.143066 0.282866 0.018555 0.028065
0 0.162109 0.257755 0.011719 0.022157
0 0.271973 0.276957 0.014648 0.025111
0 0.235352 0.246677 0.011719 0.023634
0 0.214355 0.240030 0.008789 0.016248
0 0.201660 0.237814 0.008789 0.014771
0 0.190430 0.229690 0.005859 0.010340
0 0.206543 0.268833 0.010742 0.014771
0 0.198730 0.324963 0.010742 0.017725
0 0.169922 0.295421 0.015625 0.023634
0 0.178223 0.269572 0.010742 0.019202
0 0.083496 0.257755 0.010742 0.019202
0 0.048340 0.240768 0.008789 0.014771
0 0.472656 0.443870 0.035156 0.069424
0 0.510254 0.434269 0.028320 0.050222
0 0.513184 0.385524 0.022461 0.035451
0 0.581543 0.380355 0.026367 0.048744
0 0.698242 0.438700 0.027344 0.064993
0 0.570801 0.341211 0.020508 0.038405
0 0.462402 0.371492 0.022461 0.033973
0 0.532715 0.319055 0.016602 0.032496
0 0.462891 0.307238 0.019531 0.041359
0 0.580078 0.290990 0.015625 0.029542
0 0.585449 0.271049 0.014648 0.022157
0 0.562012 0.286558 0.012695 0.020679
0 0.533203 0.272526 0.015625 0.025111
0 0.545410 0.265140 0.010742 0.022157
0 0.611328 0.273264 0.007812 0.020679
0 0.382324 0.298375 0.024414 0.041359
0 0.412598 0.261448 0.010742 0.017725
0 0.608398 0.236337 0.007812 0.011817
0 0.623047 0.239291 0.005859 0.014771
0 0.597168 0.234121 0.004883 0.010340
0 0.731934 0.511078 0.030273 0.062038
0 0.964355 0.420975 0.032227 0.053176
0 0.810547 0.418759 0.025391 0.048744
0 0.737305 0.346381 0.021484 0.036928
0 0.898926 0.377400 0.020508 0.042836
0 0.953613 0.338996 0.018555 0.028065
0 0.971680 0.327179 0.013672 0.022157
0 0.737305 0.280650 0.011719 0.020679
0 0.750488 0.285081 0.012695 0.023634
0 0.791504 0.251846 0.010742 0.019202
0 0.828125 0.252585 0.009766 0.017725
0 0.776855 0.370753 0.014648 0.032496
0 0.682617 0.329394 0.013672 0.026588
0 0.686035 0.254801 0.010742 0.016248
0 0.937012 0.290251 0.008789 0.019202
0 0.919434 0.308715 0.014648 0.023634
0 0.031738 0.270310 0.012695 0.023634
0 0.479492 0.389217 0.025391 0.054653
0 0.873535 0.238552 0.012695 0.028065
