0 0.146973 0.247774 0.045898 0.083086
0 0.034668 0.122404 0.016602 0.037092
0 0.084473 0.226261 0.041992 0.063798
0 0.113770 0.135015 0.018555 0.035608
0 0.068848 0.091246 0.020508 0.037092
0 0.141602 0.114985 0.015625 0.037092
0 0.157227 0.114985 0.013672 0.025223
0 0.183105 0.149110 0.022461 0.034125
0 0.156738 0.100890 0.018555 0.032641
0 0.239258 0.068249 0.007812 0.014837
0 0.233398 0.136499 0.017578 0.032641
0 0.276367 0.132047 0.011719 0.020772
0 0.297363 0.123145 0.006836 0.011869
0 0.320801 0.143917 0.024414 0.041543
0 0.396973 0.176558 0.026367 0.032641
0 0.408691 0.120178 0.010742 0.014837
0 0.447266 0.174332 0.015625 0.040059
0 0.443359 0.132789 0.011719 0.010386
0 0.471191 0.151335 0.014648 0.029674
0 0.561523 0.089021 0.017578 0.023739
0 0.587402 0.077151 0.010742 0.020772
0 0.632812 0.084570 0.007812 0.014837
0 0.659668 0.074184 0.010742 0.017804
0 0.656250 0.110534 0.017578 0.031157
0 0.645996 0.143917 0.020508 0.032641
0 0.605469 0.111276 0.009766 0.017804
0 0.735840 0.123887 0.018555 0.034125
0 0.703125 0.163947 0.017578 0.034125
0 0.579590 0.132789 0.010742 0.016320
0 0.577637 0.161721 0.016602 0.035608
0 0.602539 0.215875 0.029297 0.043027
0 0.522461 0.198813 0.019531 0.026706
0 0.483887 0.290801 0.026367 0.035608
0 0.826172 0.129080 0.015625 0.044510
0 0.786621 0.158754 0.014648 0.032641
0 0.795898 0.232196 0.035156 0.060831
0 0.447266 0.539318 0.031250 0.066766
0 0.875488 0.568249 0.034180 0.059347
0 0.776855 0.532641 0.030273 0.062315
