0 0.917480 0.330080 0.038086 0.036876
0 0.854004 0.329356 0.038086 0.036876
0 0.852539 0.160159 0.037109 0.038322
0 0.748535 0.186551 0.061523 0.033261
0 0.773926 0.139552 0.030273 0.027477
0 0.708008 0.154013 0.033203 0.031815
0 0.653320 0.178959 0.060547 0.029646
0 0.589355 0.141359 0.038086 0.035430
0 0.531250 0.119667 0.039062 0.036876
0 0.533691 0.189082 0.055664 0.029646
0 0.500977 0.146782 0.046875 0.033261
0 0.437988 0.116775 0.032227 0.041215
0 0.416016 0.185828 0.054688 0.018800
0 0.103516 0.097975 0.037109 0.045553
0 0.066895 0.150398 0.036133 0.041938
0 0.086914 0.146059 0.025391 0.036153
0 0.125977 0.312726 0.044922 0.036876
0 0.302734 0.199566 0.029297 0.031815
0 0.472168 0.908171 0.055664 0.047722
0 0.774902 0.942878 0.043945 0.046276
0 0.529297 0.979393 0.046875 0.041215
