0 0.353516 0.386247 0.015625 0.029563
0 0.323730 0.375321 0.012695 0.020566
0 0.392090 0.369537 0.020508 0.034704
0 0.386230 0.420951 0.016602 0.037275
0 0.396973 0.419023 0.020508 0.035990
0 0.433105 0.404242 0.016602 0.034704
0 0.423340 0.435090 0.026367 0.037275
0 0.467773 0.381105 0.017578 0.029563
0 0.436035 0.489717 0.026367 0.051414
0 0.340820 0.455013 0.021484 0.051414
0 0.325684 0.454370 0.016602 0.042416
0 0.591797 0.449871 0.033203 0.051414
0 0.906250 0.368252 0.011719 0.019280
0 0.799316 0.399100 0.012695 0.021851
0 0.927734 0.397172 0.013672 0.023136
0 0.968750 0.389460 0.021484 0.038560
0 0.984375 0.360540 0.009766 0.016710
0 0.941895 0.459512 0.024414 0.037275
0 0.796875 0.436375 0.023438 0.042416
0 0.272461 0.438303 0.035156 0.056555
0 0.251953 0.456298 0.025391 0.043702
0 0.201172 0.466581 0.035156 0.059126
0 0.086914 0.460154 0.027344 0.046272
0 0.067871 0.475578 0.030273 0.061697
0 0.173340 0.656170 0.028320 0.047558
