0 0.916504 0.488235 0.116211 0.228758
0 0.841309 0.347059 0.014648 0.030065
0 0.790527 0.348366 0.014648 0.019608
0 0.725098 0.315686 0.012695 0.022222
0 0.642090 0.315686 0.014648 0.022222
0 0.656738 0.322222 0.012695 0.019608
0 0.579590 0.333333 0.014648 0.015686
0 0.592285 0.330719 0.008789 0.015686
0 0.658691 0.419608 0.032227 0.088889
0 0.517578 0.337255 0.011719 0.020915
0 0.476562 0.343137 0.011719 0.024837
0 0.473633 0.313072 0.007812 0.016993
0 0.381348 0.339216 0.010742 0.022222
0 0.365723 0.335948 0.024414 0.047059
0 0.266602 0.366667 0.017578 0.027451
0 0.263672 0.339216 0.015625 0.022222
0 0.150879 0.362092 0.020508 0.028758
