0 0.034180 0.520498 0.035156 0.074671
0 0.024414 0.609810 0.035156 0.068814
0 0.344727 0.710102 0.083984 0.190337
0 0.289551 0.728404 0.124023 0.247438
0 0.105957 0.880673 0.077148 0.191801
0 0.747070 0.748902 0.083984 0.147877
0 0.433105 0.713031 0.075195 0.128843
0 0.619629 0.505857 0.045898 0.092240
0 0.833496 0.443631 0.014648 0.032211
0 0.859863 0.431186 0.012695 0.033675
0 0.811523 0.431918 0.011719 0.023426
0 0.964844 0.680088 0.070312 0.142020
0 0.815430 0.502928 0.023438 0.042460
0 0.806641 0.484627 0.023438 0.040996
0 0.069824 0.702050 0.055664 0.086384
0 0.023926 0.737921 0.047852 0.105417
