0 0.251953 0.441176 0.062500 0.079412
0 0.542480 0.208088 0.041992 0.077941
0 0.640137 0.271324 0.053711 0.110294
0 0.984375 0.250735 0.031250 0.130882
0 0.862305 0.066176 0.027344 0.052941
0 0.988281 0.040441 0.019531 0.051471
0 0.664062 0.123529 0.027344 0.064706
0 0.482910 0.132353 0.032227 0.052941
0 0.131348 0.169118 0.040039 0.082353
0 0.205566 0.089706 0.034180 0.061765
0 0.308105 0.078676 0.028320 0.051471
0 0.031250 0.030882 0.023438 0.061765
0 0.157715 0.027941 0.030273 0.055882
0 0.098633 0.031618 0.033203 0.051471
0 0.238770 0.006618 0.020508 0.013235
0 0.625000 0.030882 0.023438 0.041176
