0 0.677734 0.762973 0.031250 0.050491
0 0.903320 0.625526 0.007812 0.016830
0 0.841797 0.619215 0.007812 0.015428
0 0.816406 0.631136 0.011719 0.019635
0 0.739746 0.615007 0.008789 0.015428
0 0.712891 0.623422 0.011719 0.018233
0 0.697266 0.586957 0.007812 0.015428
0 0.673828 0.600281 0.009766 0.016830
0 0.652344 0.578541 0.007812 0.012623
0 0.677734 0.578541 0.005859 0.009818
0 0.708008 0.585554 0.007812 0.012623
0 0.802734 0.597475 0.005859 0.011220
0 0.975098 0.709677 0.018555 0.028050
0 0.776855 0.605891 0.006836 0.011220
0 0.937500 0.605189 0.005859 0.012623
0 0.886719 0.617812 0.005859 0.012623
0 0.608887 0.573633 0.010742 0.019635
0 0.576172 0.579243 0.009766 0.016830
0 0.505371 0.591865 0.016602 0.028050
0 0.533203 0.576438 0.011719 0.019635
0 0.436035 0.594670 0.014648 0.025245
0 0.463379 0.550491 0.006836 0.012623
0 0.443848 0.546283 0.006836 0.012623
0 0.418457 0.542076 0.006836 0.012623
0 0.400879 0.556802 0.008789 0.014025
0 0.639160 0.584853 0.006836 0.014025
0 0.190918 0.561010 0.012695 0.019635
0 0.321289 0.580645 0.013672 0.022440
0 0.347168 0.552595 0.008789 0.016830
0 0.011719 0.525245 0.009766 0.018233
0 0.259277 0.524544 0.006836 0.014025
0 0.498047 0.568724 0.013672 0.021038
0 0.555664 0.567321 0.007812 0.012623
