0 0.812988 0.787390 0.004883 0.005865
0 0.821777 0.846774 0.010742 0.027859
0 0.880859 0.870235 0.015625 0.027859
0 0.772461 0.907625 0.015625 0.026393
0 0.808594 0.936950 0.015625 0.026393
0 0.857422 0.894428 0.013672 0.029326
0 0.873047 0.904692 0.013672 0.020528
0 0.118652 0.627566 0.004883 0.008798
0 0.023438 0.189150 0.007812 0.014663
0 0.059082 0.148094 0.004883 0.008798
0 0.190918 0.161290 0.004883 0.005865
0 0.658203 0.984604 0.015625 0.030792
0 0.458496 0.977273 0.022461 0.030792
0 0.474609 0.969208 0.013672 0.029326
0 0.483887 0.953812 0.018555 0.030792
0 0.518066 0.943548 0.018555 0.033724
0 0.539062 0.956012 0.015625 0.023460
0 0.556152 0.953812 0.016602 0.027859
0 0.527832 0.986070 0.018555 0.027859
0 0.575684 0.948680 0.018555 0.038123
0 0.602539 0.876100 0.013672 0.007331
0 0.599121 0.899560 0.016602 0.030792
0 0.607910 0.929619 0.016602 0.043988
0 0.779297 0.989736 0.017578 0.020528
0 0.824707 0.982405 0.014648 0.032258
0 0.911621 0.986070 0.016602 0.024927
0 0.303711 0.923754 0.013672 0.026393
0 0.412598 0.675953 0.012695 0.035191
0 0.389648 0.656891 0.009766 0.026393
0 0.569824 0.595308 0.006836 0.008798
0 0.977539 0.394428 0.023438 0.055718
0 0.871094 0.456012 0.007812 0.014663
0 0.858398 0.527126 0.009766 0.016129
0 0.891113 0.486070 0.004883 0.013196
0 0.889160 0.466276 0.006836 0.014663
0 0.839355 0.411290 0.004883 0.010264
0 0.852051 0.414956 0.008789 0.017595
0 0.914551 0.417155 0.006836 0.016129
0 0.828125 0.458211 0.003906 0.010264
0 0.824219 0.484604 0.003906 0.007331
0 0.769531 0.520528 0.011719 0.017595
0 0.780273 0.546188 0.007812 0.013196
0 0.781738 0.517595 0.006836 0.008798
0 0.893555 0.270528 0.005859 0.007331
0 0.088867 0.524194 0.007812 0.019062
0 0.006348 0.506598 0.008789 0.019062
0 0.021973 0.436950 0.006836 0.014663
0 0.017578 0.387097 0.007812 0.011730
0 0.059570 0.491935 0.007812 0.013196
0 0.056641 0.376100 0.007812 0.007331
0 0.159668 0.493402 0.006836 0.010264
0 0.189941 0.565249 0.006836 0.013196
0 0.026367 0.596041 0.009766 0.013196
0 0.080078 0.516862 0.007812 0.013196
0 0.030273 0.463343 0.005859 0.011730
0 0.002441 0.530059 0.004883 0.010264
0 0.197754 0.154692 0.002930 0.004399
0 0.162109 0.166422 0.003906 0.007331
0 0.175293 0.153226 0.004883 0.007331
0 0.061523 0.252933 0.003906 0.010264
0 0.054688 0.258065 0.005859 0.008798
0 0.017578 0.255865 0.005859 0.007331
0 0.039551 0.273460 0.006836 0.007331
0 0.120117 0.178152 0.005859 0.007331
0 0.118652 0.190616 0.008789 0.011730
0 0.161621 0.120235 0.002930 0.005865
0 0.082031 0.242669 0.005859 0.010264
0 0.092773 0.252933 0.005859 0.007331
0 0.076172 0.258798 0.005859 0.013196
0 0.249023 0.162757 0.003906 0.008798
0 0.166016 0.920821 0.019531 0.041056
0 0.016602 0.907625 0.007812 0.020528
0 0.303223 0.983871 0.018555 0.026393
0 0.370605 0.972141 0.020508 0.035191
0 0.372070 0.848974 0.013672 0.017595
0 0.370117 0.920088 0.017578 0.027859
0 0.336914 0.980938 0.011719 0.023460
0 0.624512 0.874633 0.010742 0.024927
0 0.641602 0.908358 0.015625 0.027859
0 0.654297 0.906891 0.009766 0.019062
0 0.664062 0.903226 0.011719 0.026393
0 0.656250 0.949413 0.017578 0.024927
0 0.682617 0.947214 0.015625 0.023460
0 0.696289 0.990469 0.015625 0.019062
0 0.726562 0.957478 0.009766 0.017595
0 0.604980 0.848974 0.008789 0.017595
0 0.092773 0.265396 0.005859 0.008798
0 0.030762 0.291056 0.004883 0.007331
0 0.064941 0.520528 0.004883 0.008798
0 0.028809 0.417889 0.004883 0.008798
0 0.236328 0.510997 0.005859 0.010264
0 0.176270 0.519795 0.008789 0.013196
0 0.169434 0.492669 0.008789 0.014663
0 0.170410 0.472141 0.010742 0.011730
0 0.105469 0.460411 0.001953 0.005865
0 0.183105 0.467742 0.002930 0.005865
0 0.189453 0.467742 0.005859 0.005865
0 0.806641 0.785924 0.005859 0.008798
0 0.370605 0.884897 0.016602 0.019062
0 0.596191 0.937683 0.004883 0.007331
0 0.983398 0.824780 0.013672 0.016129
0 0.839355 0.987537 0.014648 0.019062
0 0.751953 0.817449 0.015625 0.021994
0 0.738281 0.807185 0.009766 0.016129
0 0.789551 0.906158 0.014648 0.026393
0 0.955078 0.541789 0.009766 0.016129
0 0.831543 0.551320 0.010742 0.014663
0 0.744629 0.540323 0.008789 0.013196
0 0.714844 0.542522 0.007812 0.014663
0 0.793945 0.517595 0.005859 0.011730
0 0.880371 0.484604 0.006836 0.010264
0 0.548340 0.564516 0.008789 0.014663
0 0.565918 0.563783 0.010742 0.021994
0 0.491211 0.582845 0.007812 0.016129
0 0.483887 0.567449 0.006836 0.014663
0 0.510254 0.562317 0.006836 0.013196
0 0.072754 0.321848 0.006836 0.013196
0 0.030273 0.337977 0.005859 0.010264
0 0.073242 0.200147 0.003906 0.007331
0 0.066406 0.203079 0.003906 0.007331
0 0.082520 0.439883 0.008789 0.014663
0 0.075684 0.436217 0.004883 0.013196
0 0.080078 0.423754 0.005859 0.011730
0 0.280762 0.205279 0.006836 0.008798
0 0.166016 0.183284 0.003906 0.008798
0 0.061523 0.144428 0.007812 0.010264
0 0.048340 0.192082 0.004883 0.008798
0 0.279297 0.178152 0.005859 0.007331
0 0.184570 0.103372 0.003906 0.007331
0 0.064453 0.210411 0.005859 0.010264
0 0.061523 0.195748 0.003906 0.007331
0 0.073730 0.149560 0.004883 0.008798
0 0.988281 0.129032 0.005859 0.011730
0 0.978516 0.165689 0.005859 0.014663
0 0.954590 0.231672 0.004883 0.014663
0 0.394531 0.932551 0.015625 0.026393
0 0.255859 0.380499 0.007812 0.016129
0 0.646484 0.480205 0.007812 0.013196
0 0.640137 0.545455 0.010742 0.017595
0 0.637207 0.596041 0.010742 0.016129
0 0.640137 0.568182 0.008789 0.019062
0 0.820801 0.810117 0.008789 0.024927
0 0.756836 0.758065 0.009766 0.017595
0 0.949707 0.752199 0.012695 0.023460
0 0.954590 0.782991 0.010742 0.023460
0 0.934570 0.741935 0.011719 0.020528
0 0.924316 0.756598 0.010742 0.023460
0 0.918945 0.931818 0.013672 0.027859
0 0.901367 0.914223 0.015625 0.030792
0 0.974121 0.832845 0.008789 0.017595
0 0.830078 0.959677 0.005859 0.016129
0 0.867676 0.928886 0.016602 0.027859
0 0.832031 0.914956 0.011719 0.014663
0 0.824707 0.931818 0.006836 0.013196
0 0.764160 0.770528 0.006836 0.016129
0 0.716309 0.921554 0.014648 0.019062
0 0.677246 0.913490 0.004883 0.011730
0 0.701172 0.918622 0.005859 0.010264
0 0.582031 0.914956 0.007812 0.014663
0 0.665039 0.807918 0.009766 0.011730
0 0.773926 0.767595 0.006836 0.013196
0 0.153809 0.964809 0.010742 0.026393
0 0.121582 0.924487 0.006836 0.013196
0 0.136230 0.920088 0.006836 0.013196
0 0.140625 0.951613 0.009766 0.020528
0 0.244629 0.945748 0.008789 0.014663
0 0.255859 0.955279 0.007812 0.016129
0 0.099609 0.976540 0.009766 0.035191
0 0.114746 0.930352 0.008789 0.016129
0 0.005371 0.919355 0.008789 0.014663
0 0.050781 0.897361 0.007812 0.011730
0 0.009277 0.908358 0.006836 0.016129
0 0.079102 0.931085 0.009766 0.014663
0 0.045410 0.469941 0.006836 0.016129
0 0.049805 0.445015 0.007812 0.010264
0 0.086914 0.401026 0.003906 0.007331
0 0.153809 0.350440 0.008789 0.014663
0 0.162109 0.356305 0.005859 0.008798
0 0.247559 0.392229 0.008789 0.013196
0 0.235840 0.367302 0.004883 0.013196
0 0.245117 0.350440 0.007812 0.011730
0 0.245117 0.369501 0.005859 0.008798
0 0.120605 0.395894 0.004883 0.011730
0 0.051758 0.464809 0.009766 0.014663
0 0.067383 0.461144 0.005859 0.010264
0 0.061523 0.469208 0.005859 0.011730
0 0.076660 0.502199 0.004883 0.010264
0 0.817383 0.318182 0.015625 0.020528
0 0.800293 0.276393 0.008789 0.016129
0 0.848145 0.313050 0.004883 0.007331
0 0.851074 0.324047 0.004883 0.005865
0 0.859863 0.289589 0.010742 0.016129
0 0.878418 0.305718 0.018555 0.019062
0 0.916992 0.293988 0.011719 0.021994
0 0.937012 0.155425 0.006836 0.017595
0 0.961914 0.151760 0.007812 0.021994
0 0.319824 0.310117 0.008789 0.013196
0 0.321777 0.287390 0.006836 0.011730
0 0.313477 0.304252 0.005859 0.013196
0 0.379395 0.303519 0.006836 0.011730
0 0.424316 0.318182 0.008789 0.011730
0 0.188965 0.307185 0.006836 0.013196
0 0.176758 0.293255 0.005859 0.008798
0 0.234863 0.165689 0.002930 0.005865
0 0.195312 0.125367 0.003906 0.007331
0 0.035156 0.252199 0.009766 0.014663
0 0.324219 0.074780 0.005859 0.011730
0 0.432129 0.590909 0.004883 0.008798
0 0.455078 0.633431 0.007812 0.011730
0 0.206055 0.404692 0.005859 0.011730
0 0.828613 0.258065 0.012695 0.017595
0 0.769043 0.252199 0.010742 0.014663
0 0.781250 0.222141 0.011719 0.019062
0 0.718262 0.193548 0.012695 0.014663
0 0.521973 0.436217 0.010742 0.016129
0 0.415039 0.396628 0.009766 0.013196
0 0.385254 0.374633 0.010742 0.013196
0 0.399902 0.609971 0.008789 0.014663
0 0.318848 0.148094 0.008789 0.017595
0 0.375000 0.423754 0.007812 0.011730
