0 0.515625 0.655930 0.109375 0.231332
0 0.742676 0.349927 0.063477 0.120059
0 0.892578 0.279649 0.058594 0.108346
0 0.841797 0.267204 0.033203 0.060029
0 0.790527 0.216691 0.028320 0.061493
0 0.495117 0.314056 0.064453 0.118594
0 0.353516 0.367496 0.048828 0.099561
0 0.219727 0.403367 0.070312 0.142020
0 0.937988 0.281113 0.032227 0.079063
0 0.962891 0.218155 0.035156 0.058565
0 0.546875 0.213031 0.025391 0.048316
0 0.489258 0.204246 0.037109 0.077599
0 0.431152 0.175695 0.018555 0.032211
0 0.519531 0.168375 0.017578 0.035139
0 0.824707 0.572474 0.096680 0.178624
0 0.019043 0.417277 0.038086 0.131772
0 0.811523 0.220351 0.017578 0.039531
