0 0.970215 0.775074 0.059570 0.143068
0 0.907227 0.713127 0.033203 0.075221
0 0.803711 0.662979 0.050781 0.101770
0 0.777832 0.615782 0.041992 0.081121
0 0.739258 0.848820 0.072266 0.119469
0 0.828125 0.936578 0.089844 0.126844
0 0.628906 0.896755 0.083984 0.174041
0 0.720703 0.452802 0.023438 0.041298
0 0.696777 0.424041 0.018555 0.039823
0 0.634277 0.387906 0.014648 0.029499
0 0.655762 0.464602 0.020508 0.035398
0 0.578613 0.410767 0.016602 0.028024
0 0.702637 0.317109 0.012695 0.026549
0 0.727051 0.362094 0.016602 0.030973
0 0.411133 0.541298 0.035156 0.064897
0 0.401367 0.639381 0.037109 0.066372
0 0.296387 0.785398 0.061523 0.125369
0 0.274414 0.696165 0.050781 0.082596
0 0.401367 0.880531 0.083984 0.144543
0 0.508789 0.931416 0.058594 0.125369
0 0.151367 0.878319 0.087891 0.151917
0 0.018066 0.754425 0.036133 0.143068
0 0.065918 0.592183 0.028320 0.054572
0 0.078613 0.522124 0.026367 0.044248
0 0.420410 0.389381 0.012695 0.023599
0 0.470703 0.353982 0.009766 0.017699
0 0.433105 0.342920 0.010742 0.022124
0 0.674316 0.425516 0.012695 0.030973
0 0.070312 0.392330 0.015625 0.032448
