0 0.792969 0.505208 0.015625 0.020833
0 0.764160 0.524740 0.014648 0.020833
0 0.711914 0.513021 0.017578 0.028646
0 0.690430 0.491536 0.015625 0.022135
0 0.648926 0.488932 0.022461 0.042969
0 0.628906 0.473958 0.025391 0.039062
0 0.568359 0.507812 0.019531 0.026042
0 0.517090 0.486979 0.020508 0.044271
0 0.501953 0.498698 0.013672 0.023438
0 0.589844 0.509766 0.011719 0.019531
0 0.422363 0.473307 0.026367 0.040365
0 0.381348 0.493490 0.026367 0.033854
0 0.329102 0.505208 0.015625 0.031250
0 0.287109 0.490885 0.019531 0.033854
0 0.264160 0.499349 0.020508 0.045573
0 0.226074 0.488932 0.018555 0.040365
0 0.104980 0.474609 0.020508 0.048177
0 0.021973 0.481771 0.028320 0.044271
