0 0.987793 0.207906 0.024414 0.070278
0 0.988281 0.139824 0.023438 0.045388
0 0.940430 0.257687 0.048828 0.081991
0 0.874512 0.249634 0.051758 0.101025
0 0.839355 0.192533 0.071289 0.101025
0 0.893066 0.161786 0.036133 0.060029
0 0.785645 0.231332 0.061523 0.108346
0 0.741211 0.248902 0.039062 0.076135
0 0.739258 0.109810 0.015625 0.023426
0 0.697266 0.228404 0.060547 0.131772
0 0.601562 0.181552 0.050781 0.096633
0 0.604980 0.270864 0.051758 0.093704
0 0.648926 0.128111 0.014648 0.024890
0 0.580078 0.073939 0.015625 0.027818
0 0.535645 0.226208 0.055664 0.106881
0 0.447754 0.054173 0.016602 0.023426
0 0.423828 0.078331 0.015625 0.024890
0 0.361816 0.055637 0.014648 0.023426
0 0.376953 0.289165 0.058594 0.106881
0 0.400879 0.230600 0.038086 0.077599
0 0.334473 0.346266 0.061523 0.106881
0 0.299316 0.196925 0.043945 0.077599
0 0.328613 0.048316 0.014648 0.020498
0 0.318359 0.274524 0.044922 0.071742
0 0.276367 0.322840 0.050781 0.109810
0 0.208496 0.320644 0.059570 0.108346
0 0.166016 0.284773 0.050781 0.092240
0 0.123535 0.351391 0.063477 0.114202
0 0.343750 0.205710 0.027344 0.048316
0 0.146973 0.040996 0.018555 0.032211
0 0.183105 0.038067 0.014648 0.023426
0 0.356934 0.103953 0.016602 0.026354
0 0.021484 0.281845 0.042969 0.112738
0 0.021973 0.053441 0.018555 0.027818
0 0.701172 0.092240 0.017578 0.026354
