0 0.092773 0.423358 0.009766 0.014599
0 0.103516 0.421898 0.005859 0.014599
0 0.107910 0.421168 0.006836 0.010219
0 0.136230 0.417518 0.004883 0.008759
0 0.118164 0.409489 0.007812 0.010219
0 0.116211 0.424088 0.005859 0.010219
0 0.462891 0.421168 0.017578 0.024818
0 0.450195 0.409489 0.015625 0.018978
0 0.427246 0.435766 0.016602 0.024818
0 0.416992 0.402920 0.015625 0.020438
0 0.379395 0.411679 0.012695 0.023358
0 0.359375 0.405839 0.013672 0.017518
0 0.326660 0.416788 0.010742 0.016058
0 0.316895 0.428467 0.010742 0.016058
0 0.348145 0.421898 0.006836 0.011679
0 0.523926 0.423358 0.022461 0.032117
0 0.591309 0.407299 0.026367 0.043796
0 0.631348 0.403650 0.020508 0.033577
0 0.654297 0.431387 0.009766 0.018978
0 0.679688 0.440876 0.007812 0.014599
0 0.695312 0.439416 0.007812 0.014599
0 0.725586 0.409489 0.021484 0.033577
0 0.755371 0.436496 0.020508 0.029197
0 0.807129 0.431387 0.014648 0.024818
0 0.833008 0.437956 0.015625 0.023358
0 0.789062 0.435766 0.005859 0.013139
0 0.818848 0.429197 0.006836 0.014599
0 0.708496 0.432847 0.006836 0.013139
0 0.950684 0.459854 0.004883 0.008759
0 0.992676 0.454015 0.008789 0.014599
0 0.970215 0.440876 0.004883 0.008759
0 0.981445 0.443796 0.003906 0.005839
