0 0.093750 0.671032 0.039062 0.057011
0 0.154785 0.614022 0.034180 0.060092
0 0.253906 0.579353 0.042969 0.058552
0 0.257812 0.675655 0.041016 0.069337
0 0.209473 0.771186 0.045898 0.081664
0 0.161133 0.714176 0.042969 0.075501
0 0.161621 0.895994 0.051758 0.084746
0 0.063477 0.800462 0.041016 0.075501
0 0.274902 0.956086 0.051758 0.087827
0 0.395508 0.860555 0.046875 0.081664
0 0.500977 0.665639 0.037109 0.073960
0 0.365234 0.687982 0.039062 0.063174
0 0.313965 0.702619 0.041992 0.061633
0 0.182617 0.844376 0.044922 0.067797
0 0.017578 0.648690 0.035156 0.064715
0 0.019043 0.741911 0.038086 0.066256
0 0.046875 0.590139 0.027344 0.064715
0 0.026855 0.615562 0.034180 0.060092
0 0.591309 0.713405 0.043945 0.080123
0 0.124512 0.569337 0.036133 0.050847
0 0.206543 0.544684 0.032227 0.057011
0 0.369629 0.556240 0.038086 0.061633
0 0.301758 0.561633 0.035156 0.053929
0 0.328613 0.502311 0.032227 0.058552
0 0.375977 0.510015 0.035156 0.052388
0 0.463379 0.521572 0.036133 0.057011
0 0.449219 0.665639 0.035156 0.067797
0 0.379883 0.643297 0.033203 0.053929
0 0.539551 0.512327 0.032227 0.053929
0 0.174805 0.511556 0.029297 0.049307
0 0.500488 0.963020 0.051758 0.073960
0 0.601562 0.953005 0.031250 0.090909
0 0.701660 0.929892 0.057617 0.090909
0 0.760254 0.862096 0.036133 0.097072
0 0.860352 0.966102 0.048828 0.067797
0 0.603516 0.564715 0.037109 0.069337
0 0.729980 0.549307 0.038086 0.069337
0 0.770508 0.634052 0.042969 0.063174
0 0.625000 0.669492 0.037109 0.063174
0 0.766113 0.543143 0.032227 0.060092
0 0.875000 0.560092 0.039062 0.063174
0 0.851562 0.794299 0.048828 0.081664
0 0.916504 0.710324 0.043945 0.064715
0 0.985352 0.861325 0.029297 0.083205
0 0.857422 0.739599 0.039062 0.061633
0 0.882812 0.684129 0.027344 0.067797
0 0.707031 0.520031 0.031250 0.057011
0 0.908203 0.441448 0.029297 0.047766
0 0.990234 0.382126 0.019531 0.052388
0 0.977539 0.332049 0.019531 0.035439
0 0.922852 0.325116 0.021484 0.040062
0 0.934570 0.510786 0.031250 0.053929
0 0.886719 0.503082 0.027344 0.044684
0 0.941895 0.584746 0.030273 0.047766
0 0.965332 0.674884 0.036133 0.058552
0 0.905762 0.634823 0.030273 0.040062
0 0.951660 0.459938 0.026367 0.038521
0 0.795410 0.544684 0.016602 0.035439
0 0.701660 0.466872 0.024414 0.040062
0 0.628418 0.513867 0.028320 0.053929
0 0.583984 0.464561 0.025391 0.026194
0 0.790527 0.486133 0.018555 0.035439
0 0.232422 0.487673 0.029297 0.057011
0 0.311523 0.470724 0.029297 0.041602
0 0.356934 0.471495 0.026367 0.043143
0 0.409668 0.483051 0.028320 0.038521
0 0.100098 0.497689 0.026367 0.049307
0 0.006836 0.557011 0.013672 0.050847
0 0.010254 0.506934 0.020508 0.055470
0 0.058594 0.413713 0.021484 0.029276
0 0.005371 0.365177 0.010742 0.036980
0 0.119141 0.477658 0.019531 0.030817
0 0.407715 0.177966 0.008789 0.010786
0 0.425293 0.174884 0.006836 0.010786
0 0.769531 0.134052 0.007812 0.009245
0 0.689941 0.458398 0.016602 0.035439
0 0.970703 0.453005 0.025391 0.055470
0 0.477539 0.486903 0.029297 0.058552
0 0.130859 0.693374 0.033203 0.064715
0 0.074219 0.567797 0.031250 0.063174
0 0.020996 0.828197 0.041992 0.075501
