0 0.953125 0.502497 0.029297 0.036205
0 0.906738 0.575531 0.030273 0.042447
0 0.828613 0.564295 0.032227 0.042447
0 0.778809 0.541823 0.020508 0.034956
0 0.908691 0.528090 0.014648 0.019975
0 0.990723 0.508115 0.008789 0.017478
0 0.858887 0.507491 0.014648 0.021223
0 0.849121 0.537453 0.016602 0.018727
0 0.793457 0.501873 0.016602 0.024969
0 0.807129 0.488140 0.008789 0.017478
0 0.749023 0.511860 0.017578 0.027466
0 0.715820 0.480649 0.013672 0.022472
0 0.694336 0.500624 0.015625 0.022472
0 0.675781 0.475655 0.013672 0.019975
0 0.668945 0.574906 0.025391 0.041199
0 0.663086 0.529338 0.019531 0.034956
0 0.627930 0.500000 0.017578 0.026217
0 0.596680 0.475031 0.011719 0.018727
0 0.581055 0.553683 0.025391 0.038702
0 0.576660 0.502497 0.012695 0.023720
0 0.486328 0.509363 0.015625 0.022472
0 0.456543 0.501873 0.020508 0.034956
0 0.417969 0.554931 0.027344 0.041199
0 0.404297 0.503121 0.013672 0.022472
0 0.337891 0.539326 0.021484 0.037453
0 0.369629 0.525593 0.020508 0.027466
0 0.298340 0.506866 0.022461 0.034956
0 0.353516 0.484395 0.013672 0.017478
0 0.338867 0.471910 0.007812 0.014981
0 0.371582 0.490637 0.006836 0.012484
0 0.378418 0.470037 0.008789 0.013733
0 0.231445 0.541199 0.023438 0.041199
0 0.121582 0.532459 0.032227 0.046192
0 0.195312 0.497503 0.011719 0.016230
0 0.256836 0.483146 0.011719 0.014981
0 0.149414 0.506242 0.019531 0.026217
0 0.008789 0.542447 0.017578 0.038702
0 0.026855 0.508115 0.024414 0.029963
0 0.532715 0.519351 0.016602 0.029963
