0 0.108398 0.235767 0.041016 0.058168
0 0.063477 0.266708 0.021484 0.033416
0 0.213379 0.243193 0.016602 0.023515
0 0.303711 0.237624 0.013672 0.019802
0 0.333984 0.239480 0.011719 0.023515
0 0.699707 0.300124 0.057617 0.097772
0 0.649414 0.215965 0.029297 0.063119
0 0.603027 0.246906 0.032227 0.107673
0 0.881836 0.174505 0.044922 0.086634
0 0.512695 0.243812 0.007812 0.017327
0 0.479492 0.235149 0.003906 0.004950
0 0.472168 0.238861 0.002930 0.007426
0 0.456055 0.251856 0.003906 0.006188
0 0.465332 0.255569 0.004883 0.006188
