0 0.131348 0.038003 0.002930 0.004471
0 0.126953 0.033532 0.003906 0.007452
0 0.124023 0.023845 0.003906 0.005961
0 0.081055 0.047690 0.005859 0.008942
0 0.079590 0.059613 0.004883 0.008942
0 0.089355 0.058122 0.004883 0.008942
0 0.099609 0.058122 0.003906 0.005961
0 0.095703 0.080477 0.005859 0.011923
0 0.069336 0.070045 0.005859 0.008942
0 0.059570 0.070045 0.003906 0.005961
0 0.060059 0.078241 0.004883 0.010432
0 0.048828 0.063338 0.005859 0.007452
0 0.041992 0.070790 0.003906 0.007452
0 0.051758 0.087183 0.005859 0.010432
0 0.049805 0.076006 0.003906 0.005961
0 0.053223 0.096125 0.004883 0.007452
0 0.047363 0.135618 0.004883 0.008942
0 0.036133 0.131893 0.005859 0.010432
0 0.027344 0.119970 0.005859 0.010432
0 0.031738 0.111773 0.004883 0.008942
0 0.031250 0.101341 0.005859 0.008942
0 0.035645 0.076751 0.004883 0.010432
0 0.016113 0.103577 0.004883 0.007452
0 0.012695 0.119970 0.005859 0.010432
0 0.014648 0.131893 0.003906 0.007452
0 0.012695 0.138599 0.003906 0.005961
0 0.018066 0.143815 0.004883 0.010432
0 0.017578 0.156483 0.005859 0.011923
0 0.024902 0.161699 0.004883 0.007452
0 0.016113 0.011177 0.004883 0.007452
0 0.019043 0.017139 0.004883 0.007452
0 0.026367 0.008197 0.003906 0.007452
0 0.048340 0.013413 0.004883 0.008942
0 0.054688 0.012668 0.005859 0.007452
0 0.007324 0.014903 0.004883 0.008942
0 0.006836 0.026080 0.003906 0.004471
0 0.010254 0.033532 0.004883 0.007452
0 0.006348 0.041729 0.004883 0.005961
0 0.009766 0.048435 0.003906 0.004471
0 0.017578 0.037258 0.005859 0.008942
0 0.022949 0.048435 0.004883 0.004471
0 0.023926 0.057377 0.004883 0.007452
0 0.017090 0.062593 0.004883 0.005961
0 0.009277 0.061848 0.004883 0.007452
0 0.008789 0.075261 0.003906 0.007452
0 0.004883 0.084203 0.003906 0.007452
0 0.020508 0.086438 0.007812 0.011923
0 0.024414 0.074516 0.003906 0.008942
0 0.030273 0.067064 0.005859 0.011923
0 0.035645 0.060358 0.004883 0.007452
0 0.035156 0.046200 0.003906 0.008942
0 0.024902 0.038748 0.004883 0.008942
0 0.041992 0.046945 0.003906 0.007452
0 0.033203 0.031297 0.003906 0.008942
0 0.038086 0.035022 0.001953 0.007452
0 0.055664 0.059613 0.005859 0.008942
0 0.057617 0.052161 0.005859 0.008942
0 0.036621 0.167660 0.008789 0.016393
0 0.046387 0.156483 0.004883 0.008942
0 0.051270 0.159463 0.004883 0.011923
0 0.064941 0.151267 0.004883 0.010432
0 0.057129 0.154993 0.004883 0.008942
0 0.064453 0.137854 0.003906 0.007452
0 0.035645 0.184054 0.004883 0.010432
0 0.017090 0.184799 0.004883 0.008942
0 0.004883 0.167660 0.003906 0.007452
0 0.047363 0.184054 0.004883 0.010432
0 0.070312 0.184054 0.007812 0.013413
0 0.062012 0.170641 0.004883 0.010432
0 0.089355 0.096870 0.006836 0.011923
0 0.103516 0.095380 0.003906 0.005961
0 0.119629 0.098361 0.006836 0.011923
0 0.112305 0.084948 0.005859 0.011923
0 0.118652 0.078241 0.004883 0.010432
0 0.116211 0.067064 0.003906 0.008942
0 0.128906 0.084203 0.003906 0.007452
0 0.134277 0.078987 0.004883 0.008942
0 0.134766 0.061103 0.003906 0.011923
0 0.131348 0.115499 0.004883 0.010432
0 0.145996 0.097615 0.002930 0.007452
0 0.137695 0.091654 0.003906 0.010432
0 0.153320 0.077496 0.005859 0.008942
0 0.147461 0.061848 0.003906 0.007452
0 0.143555 0.051416 0.003906 0.010432
0 0.142578 0.038748 0.003906 0.005961
0 0.148438 0.030551 0.003906 0.010432
0 0.141602 0.027571 0.003906 0.004471
0 0.135742 0.015648 0.003906 0.007452
0 0.058105 0.036513 0.004883 0.007452
0 0.052734 0.024590 0.003906 0.007452
0 0.049316 0.002235 0.004883 0.004471
0 0.058105 0.004471 0.004883 0.005961
0 0.065918 0.049925 0.004883 0.007452
0 0.074219 0.043219 0.003906 0.008942
0 0.071289 0.035022 0.003906 0.007452
0 0.077148 0.032042 0.003906 0.007452
0 0.081543 0.017139 0.002930 0.007452
0 0.079590 0.012668 0.002930 0.007452
0 0.070312 0.013413 0.003906 0.008942
0 0.092285 0.007452 0.004883 0.008942
0 0.099609 0.010432 0.003906 0.005961
0 0.096680 0.020864 0.003906 0.008942
0 0.093262 0.026826 0.004883 0.008942
0 0.090332 0.036513 0.006836 0.010432
0 0.092285 0.047690 0.004883 0.008942
0 0.100098 0.046200 0.004883 0.008942
0 0.110352 0.047690 0.005859 0.008942
0 0.107910 0.029061 0.002930 0.007452
0 0.109375 0.018629 0.003906 0.007452
0 0.120605 0.049180 0.002930 0.005961
0 0.126953 0.053651 0.005859 0.008942
0 0.125977 0.043964 0.003906 0.004471
0 0.132324 0.044709 0.002930 0.005961
0 0.142578 0.010432 0.003906 0.005961
0 0.114258 0.005216 0.005859 0.007452
0 0.149902 0.016393 0.002930 0.008942
0 0.164551 0.022355 0.002930 0.005961
0 0.160156 0.032042 0.003906 0.007452
0 0.170410 0.014158 0.002930 0.007452
0 0.176758 0.021610 0.003906 0.007452
0 0.183105 0.014903 0.004883 0.008942
0 0.185547 0.029061 0.003906 0.004471
0 0.185547 0.040238 0.003906 0.008942
0 0.192383 0.048435 0.003906 0.010432
0 0.174316 0.041729 0.004883 0.008942
0 0.167480 0.063338 0.004883 0.010432
0 0.167969 0.050671 0.003906 0.005961
0 0.184082 0.063338 0.004883 0.010432
0 0.175293 0.076006 0.002930 0.005961
0 0.185059 0.083458 0.004883 0.008942
0 0.198242 0.072280 0.003906 0.010432
0 0.190918 0.058867 0.004883 0.007452
0 0.206055 0.076751 0.003906 0.010432
0 0.212891 0.068554 0.005859 0.008942
0 0.221191 0.075261 0.004883 0.010432
0 0.213867 0.090909 0.003906 0.008942
0 0.220703 0.094635 0.003906 0.007452
0 0.226074 0.091654 0.004883 0.010432
0 0.205566 0.090909 0.004883 0.008942
0 0.197754 0.096125 0.004883 0.010432
0 0.180176 0.106557 0.006836 0.010432
0 0.169922 0.087183 0.005859 0.007452
0 0.168457 0.099106 0.004883 0.010432
0 0.171387 0.111028 0.004883 0.010432
0 0.176758 0.126677 0.005859 0.008942
0 0.173340 0.135618 0.004883 0.011923
0 0.166504 0.134873 0.004883 0.007452
0 0.159180 0.128912 0.005859 0.010432
0 0.153809 0.143815 0.004883 0.010432
0 0.161621 0.148286 0.004883 0.007452
0 0.159180 0.166170 0.005859 0.013413
0 0.157227 0.158718 0.003906 0.007452
0 0.166016 0.161699 0.005859 0.010432
0 0.172363 0.167660 0.004883 0.010432
0 0.178223 0.152012 0.004883 0.011923
0 0.197266 0.152757 0.005859 0.010432
0 0.198730 0.137854 0.004883 0.007452
0 0.196777 0.146051 0.002930 0.005961
0 0.185059 0.161699 0.004883 0.010432
0 0.199219 0.163934 0.005859 0.008942
0 0.197754 0.172876 0.004883 0.005961
0 0.201660 0.187779 0.006836 0.014903
0 0.187500 0.184799 0.005859 0.011923
0 0.188477 0.197466 0.005859 0.010432
0 0.175781 0.205663 0.005859 0.011923
0 0.166504 0.209389 0.004883 0.010432
0 0.164551 0.198957 0.004883 0.007452
0 0.171875 0.192250 0.005859 0.008942
0 0.166504 0.184054 0.006836 0.010432
0 0.152344 0.191505 0.005859 0.010432
0 0.136719 0.174367 0.003906 0.005961
0 0.137207 0.187034 0.002930 0.010432
0 0.127441 0.224292 0.004883 0.013413
0 0.135742 0.228018 0.005859 0.014903
0 0.143555 0.222802 0.005859 0.010432
0 0.116211 0.219821 0.005859 0.016393
0 0.098633 0.230999 0.005859 0.011923
0 0.104492 0.247392 0.005859 0.011923
0 0.117676 0.260060 0.006836 0.013413
0 0.125488 0.245156 0.006836 0.013413
0 0.139648 0.260060 0.007812 0.016393
0 0.140625 0.245156 0.007812 0.010432
0 0.158691 0.234724 0.006836 0.013413
0 0.159180 0.270492 0.005859 0.010432
0 0.171875 0.262295 0.007812 0.014903
0 0.168457 0.248137 0.004883 0.007452
0 0.195312 0.234724 0.005859 0.010432
0 0.183105 0.246647 0.006836 0.010432
0 0.187500 0.260060 0.005859 0.010432
0 0.208984 0.260805 0.005859 0.011923
0 0.206543 0.281669 0.006836 0.014903
0 0.200684 0.307750 0.006836 0.016393
0 0.194824 0.293592 0.006836 0.011923
0 0.183594 0.297317 0.007812 0.013413
0 0.181641 0.315946 0.007812 0.011923
0 0.169434 0.312221 0.008789 0.013413
0 0.176270 0.283905 0.008789 0.010432
0 0.149902 0.302534 0.004883 0.008942
0 0.141602 0.314456 0.005859 0.011923
0 0.141602 0.286885 0.005859 0.010432
0 0.147949 0.280179 0.004883 0.008942
0 0.114746 0.299553 0.006836 0.011923
0 0.123535 0.293592 0.006836 0.008942
0 0.113770 0.282414 0.006836 0.010432
0 0.102051 0.279434 0.004883 0.010432
0 0.100098 0.269001 0.004883 0.010432
0 0.093262 0.263040 0.006836 0.013413
0 0.087402 0.248137 0.006836 0.013413
0 0.082031 0.263040 0.003906 0.007452
0 0.083008 0.276453 0.005859 0.016393
0 0.076172 0.292846 0.007812 0.013413
0 0.083984 0.305514 0.007812 0.014903
0 0.095215 0.307004 0.008789 0.014903
0 0.094238 0.294337 0.006836 0.010432
0 0.071289 0.324888 0.007812 0.011923
0 0.053711 0.315946 0.007812 0.017884
0 0.055176 0.297317 0.006836 0.010432
0 0.047852 0.289866 0.007812 0.013413
0 0.062988 0.267511 0.006836 0.007452
0 0.065430 0.251863 0.005859 0.008942
0 0.048340 0.248882 0.006836 0.011923
0 0.039062 0.275708 0.005859 0.011923
0 0.028809 0.305514 0.008789 0.014903
0 0.032227 0.324143 0.007812 0.007452
0 0.018555 0.316692 0.007812 0.013413
0 0.009277 0.315201 0.006836 0.013413
0 0.006348 0.288376 0.006836 0.010432
0 0.025879 0.275708 0.006836 0.011923
0 0.012207 0.263785 0.004883 0.011923
0 0.019043 0.256334 0.006836 0.011923
0 0.004883 0.269747 0.005859 0.011923
0 0.004883 0.148286 0.003906 0.007452
0 0.199219 0.114009 0.005859 0.010432
0 0.206543 0.128167 0.004883 0.008942
0 0.223633 0.125186 0.005859 0.008942
0 0.224121 0.106557 0.002930 0.007452
0 0.224121 0.155738 0.004883 0.007452
0 0.221191 0.166915 0.004883 0.008942
0 0.208496 0.165425 0.004883 0.008942
0 0.224609 0.185544 0.005859 0.013413
0 0.225098 0.222057 0.004883 0.011923
0 0.214355 0.225782 0.006836 0.013413
0 0.208496 0.203428 0.006836 0.010432
0 0.200684 0.219076 0.004883 0.008942
0 0.201172 0.211624 0.005859 0.005961
0 0.213867 0.244411 0.005859 0.008942
0 0.223145 0.246647 0.006836 0.013413
0 0.244141 0.230253 0.005859 0.007452
0 0.240723 0.253353 0.006836 0.014903
0 0.254395 0.269747 0.006836 0.014903
0 0.231445 0.283905 0.005859 0.013413
0 0.229492 0.309985 0.005859 0.011923
0 0.246582 0.310730 0.006836 0.013413
0 0.253418 0.289866 0.006836 0.013413
0 0.262695 0.277943 0.007812 0.013413
0 0.266602 0.292101 0.005859 0.014903
0 0.265625 0.313711 0.005859 0.013413
0 0.274902 0.304769 0.006836 0.010432
0 0.291016 0.295827 0.007812 0.013413
0 0.306152 0.305514 0.006836 0.011923
0 0.308105 0.282414 0.006836 0.013413
0 0.293457 0.277943 0.006836 0.013413
0 0.306641 0.259314 0.005859 0.011923
0 0.284180 0.257079 0.005859 0.007452
0 0.287109 0.272727 0.003906 0.011923
0 0.283203 0.231744 0.007812 0.013413
0 0.298828 0.248882 0.005859 0.011923
0 0.306152 0.231744 0.006836 0.013413
0 0.298828 0.214605 0.003906 0.005961
0 0.296875 0.207154 0.005859 0.008942
0 0.288574 0.217586 0.006836 0.008942
0 0.275391 0.216095 0.003906 0.008942
0 0.271973 0.198212 0.004883 0.008942
0 0.281738 0.195231 0.004883 0.008942
0 0.288574 0.183308 0.006836 0.011923
0 0.291504 0.166915 0.004883 0.008942
0 0.310547 0.187779 0.005859 0.014903
0 0.313965 0.205663 0.006836 0.011923
0 0.298340 0.189270 0.002930 0.008942
0 0.309082 0.171386 0.004883 0.008942
0 0.308105 0.165425 0.004883 0.008942
0 0.303711 0.157228 0.003906 0.007452
0 0.282715 0.154247 0.004883 0.010432
0 0.272461 0.178092 0.005859 0.010432
0 0.258301 0.195231 0.004883 0.008942
0 0.250488 0.201937 0.004883 0.010432
0 0.238770 0.213860 0.004883 0.007452
0 0.232910 0.198212 0.004883 0.008942
0 0.224121 0.212370 0.004883 0.007452
0 0.243652 0.187034 0.006836 0.007452
0 0.253418 0.178092 0.004883 0.007452
0 0.236328 0.166170 0.005859 0.013413
0 0.249023 0.150522 0.005859 0.011923
0 0.264648 0.157973 0.007812 0.011923
0 0.265625 0.133383 0.005859 0.010432
0 0.275391 0.140835 0.005859 0.010432
0 0.284180 0.129657 0.003906 0.008942
0 0.287109 0.140835 0.003906 0.007452
0 0.305664 0.119970 0.003906 0.010432
0 0.313965 0.125931 0.004883 0.010432
0 0.295410 0.107303 0.004883 0.008942
0 0.287109 0.087183 0.005859 0.010432
0 0.276367 0.120715 0.005859 0.011923
0 0.271484 0.110283 0.003906 0.011923
0 0.263672 0.108048 0.003906 0.007452
0 0.250488 0.122951 0.004883 0.013413
0 0.242188 0.125931 0.005859 0.010432
0 0.241211 0.105812 0.005859 0.008942
0 0.246094 0.083458 0.005859 0.011923
0 0.232910 0.081222 0.004883 0.010432
0 0.247559 0.072280 0.004883 0.007452
0 0.257324 0.083458 0.004883 0.008942
0 0.262207 0.088674 0.004883 0.010432
0 0.273926 0.078987 0.004883 0.008942
0 0.296875 0.072280 0.003906 0.007452
0 0.313477 0.075261 0.005859 0.007452
0 0.310059 0.067809 0.004883 0.007452
0 0.304199 0.061848 0.002930 0.007452
0 0.300293 0.046945 0.004883 0.007452
0 0.306641 0.040984 0.005859 0.010432
0 0.288574 0.056632 0.004883 0.008942
0 0.223145 0.054396 0.004883 0.010432
0 0.212891 0.055887 0.005859 0.007452
0 0.210449 0.049180 0.004883 0.008942
0 0.215820 0.042474 0.003906 0.007452
0 0.217773 0.029061 0.003906 0.007452
0 0.206055 0.026826 0.003906 0.008942
0 0.197266 0.042474 0.005859 0.010432
0 0.190918 0.035022 0.002930 0.007452
0 0.211914 0.018629 0.003906 0.007452
0 0.206055 0.014903 0.003906 0.005961
0 0.201172 0.014903 0.001953 0.005961
0 0.223145 0.023845 0.002930 0.005961
0 0.228027 0.030551 0.002930 0.007452
0 0.232422 0.038748 0.003906 0.011923
0 0.233887 0.026826 0.004883 0.005961
0 0.244141 0.032787 0.003906 0.005961
0 0.241699 0.017884 0.004883 0.008942
0 0.234863 0.009687 0.004883 0.010432
0 0.253418 0.006706 0.004883 0.007452
0 0.263184 0.004471 0.004883 0.005961
0 0.268555 0.008942 0.003906 0.005961
0 0.259766 0.054396 0.003906 0.004471
0 0.272949 0.050671 0.004883 0.005961
0 0.260254 0.028316 0.002930 0.005961
0 0.255371 0.019374 0.004883 0.008942
0 0.281738 0.027571 0.004883 0.007452
0 0.270020 0.021610 0.002930 0.007452
0 0.278320 0.010432 0.003906 0.005961
0 0.285156 0.011177 0.003906 0.007452
0 0.298340 0.028316 0.004883 0.008942
0 0.309570 0.008197 0.003906 0.007452
0 0.302734 0.005961 0.003906 0.008942
0 0.295898 0.009687 0.003906 0.007452
0 0.259766 0.047690 0.005859 0.008942
0 0.137207 0.164680 0.004883 0.007452
0 0.310547 0.088674 0.003906 0.010432
0 0.295410 0.064083 0.004883 0.005961
0 0.022949 0.248137 0.006836 0.013413
0 0.319824 0.014158 0.002930 0.010432
0 0.327637 0.010432 0.004883 0.005961
0 0.339355 0.011923 0.004883 0.008942
0 0.335938 0.029061 0.005859 0.010432
0 0.328125 0.022355 0.003906 0.005961
0 0.345215 0.031297 0.004883 0.005961
0 0.350586 0.029061 0.005859 0.007452
0 0.355469 0.020119 0.003906 0.001490
0 0.359375 0.023845 0.003906 0.005961
0 0.349609 0.014158 0.003906 0.004471
0 0.365723 0.009687 0.004883 0.007452
0 0.372559 0.018629 0.002930 0.007452
0 0.376953 0.026080 0.003906 0.007452
0 0.386719 0.032042 0.003906 0.007452
0 0.387695 0.045455 0.001953 0.007452
0 0.393066 0.046945 0.002930 0.007452
0 0.375000 0.041729 0.003906 0.008942
0 0.361328 0.041729 0.003906 0.005961
0 0.366211 0.029806 0.003906 0.008942
0 0.357422 0.044709 0.003906 0.008942
0 0.356934 0.058122 0.004883 0.005961
0 0.365234 0.053651 0.003906 0.008942
0 0.385254 0.065574 0.004883 0.005961
0 0.387695 0.055142 0.003906 0.005961
0 0.365234 0.071535 0.003906 0.005961
0 0.361328 0.087928 0.003906 0.005961
0 0.365234 0.100596 0.003906 0.010432
0 0.376465 0.096870 0.004883 0.008942
0 0.378906 0.077496 0.003906 0.008942
0 0.388672 0.084203 0.005859 0.010432
0 0.397461 0.070790 0.003906 0.010432
0 0.403809 0.089419 0.004883 0.008942
0 0.348145 0.072280 0.004883 0.007452
0 0.345215 0.063338 0.002930 0.004471
0 0.345703 0.052161 0.003906 0.005961
0 0.337891 0.049180 0.001953 0.008942
0 0.330566 0.043219 0.004883 0.008942
0 0.323242 0.040984 0.003906 0.010432
0 0.325684 0.068554 0.004883 0.008942
0 0.333008 0.075261 0.003906 0.007452
0 0.320801 0.096125 0.004883 0.010432
0 0.323730 0.110283 0.004883 0.008942
0 0.329102 0.116244 0.003906 0.011923
0 0.336914 0.119225 0.001953 0.008942
0 0.344727 0.117735 0.003906 0.008942
0 0.343262 0.107303 0.002930 0.005961
0 0.344238 0.096125 0.002930 0.007452
0 0.403320 0.058867 0.003906 0.007452
0 0.405273 0.069300 0.001953 0.007452
0 0.411133 0.073025 0.003906 0.008942
0 0.418457 0.079732 0.004883 0.007452
0 0.422363 0.058867 0.002930 0.007452
0 0.417969 0.053651 0.001953 0.008942
0 0.409180 0.051416 0.001953 0.007452
0 0.406738 0.036513 0.002930 0.007452
0 0.407715 0.017139 0.004883 0.010432
0 0.395508 0.026826 0.001953 0.005961
0 0.392090 0.013413 0.002930 0.008942
0 0.414551 0.025335 0.002930 0.008942
0 0.418457 0.035768 0.002930 0.005961
0 0.423340 0.043219 0.004883 0.005961
0 0.427246 0.035768 0.002930 0.005961
0 0.423828 0.019374 0.003906 0.008942
0 0.437012 0.036513 0.004883 0.007452
0 0.436523 0.020119 0.003906 0.007452
0 0.446777 0.023100 0.004883 0.007452
0 0.451172 0.032787 0.003906 0.011923
0 0.449219 0.046945 0.003906 0.007452
0 0.455078 0.044709 0.003906 0.005961
0 0.449219 0.058867 0.003906 0.007452
0 0.457031 0.070790 0.003906 0.007452
0 0.464355 0.061103 0.004883 0.011923
0 0.474121 0.068554 0.004883 0.008942
0 0.471191 0.055887 0.002930 0.007452
0 0.483887 0.058122 0.006836 0.008942
0 0.487793 0.049925 0.002930 0.007452
0 0.483398 0.036513 0.003906 0.007452
0 0.495605 0.041729 0.004883 0.008942
0 0.484375 0.019374 0.003906 0.005961
0 0.475098 0.033532 0.004883 0.010432
0 0.468750 0.035768 0.003906 0.008942
0 0.466309 0.026080 0.002930 0.007452
0 0.469238 0.020119 0.002930 0.007452
0 0.461426 0.016393 0.002930 0.008942
0 0.439453 0.014158 0.003906 0.007452
0 0.433105 0.052906 0.002930 0.007452
0 0.437500 0.058122 0.003906 0.008942
0 0.431641 0.065574 0.001953 0.008942
0 0.440918 0.071535 0.004883 0.008942
0 0.451660 0.086438 0.002930 0.005961
0 0.466797 0.096870 0.003906 0.005961
0 0.473145 0.088674 0.002930 0.010432
0 0.481934 0.079732 0.002930 0.007452
0 0.487793 0.083458 0.002930 0.005961
0 0.500488 0.085693 0.004883 0.010432
0 0.591309 0.081967 0.004883 0.008942
0 0.538574 0.052906 0.004883 0.007452
0 0.552734 0.052906 0.005859 0.007452
0 0.543945 0.045455 0.003906 0.007452
0 0.537598 0.040984 0.004883 0.010432
0 0.564941 0.040984 0.004883 0.010432
0 0.560547 0.029806 0.005859 0.008942
0 0.567383 0.026826 0.003906 0.005961
0 0.571777 0.026080 0.002930 0.007452
0 0.577148 0.040238 0.001953 0.005961
0 0.589355 0.046200 0.004883 0.005961
0 0.586914 0.061103 0.003906 0.005961
0 0.577637 0.051416 0.002930 0.007452
0 0.544922 0.028316 0.003906 0.005961
0 0.549805 0.023100 0.003906 0.007452
0 0.553223 0.015648 0.002930 0.007452
0 0.544922 0.011177 0.005859 0.010432
0 0.540527 0.020864 0.002930 0.005961
0 0.569824 0.010432 0.002930 0.005961
0 0.580078 0.020119 0.003906 0.004471
0 0.585449 0.027571 0.002930 0.004471
0 0.588867 0.020119 0.003906 0.004471
0 0.602051 0.018629 0.004883 0.007452
0 0.599121 0.033532 0.002930 0.004471
0 0.604980 0.055887 0.004883 0.007452
0 0.614258 0.061848 0.001953 0.004471
0 0.621094 0.053651 0.003906 0.002981
0 0.627441 0.061848 0.002930 0.007452
0 0.620605 0.068554 0.004883 0.005961
0 0.617676 0.081222 0.004883 0.010432
0 0.606445 0.077496 0.003906 0.005961
0 0.604492 0.072280 0.005859 0.007452
0 0.610352 0.088674 0.003906 0.007452
0 0.624512 0.089419 0.002930 0.005961
0 0.641602 0.086438 0.005859 0.011923
0 0.645996 0.095380 0.002930 0.008942
0 0.650391 0.102086 0.003906 0.010432
0 0.649414 0.112519 0.003906 0.004471
0 0.636719 0.125931 0.003906 0.007452
0 0.637695 0.151267 0.005859 0.010432
0 0.650879 0.156483 0.004883 0.008942
0 0.657227 0.163189 0.005859 0.010432
0 0.662109 0.150522 0.005859 0.011923
0 0.655273 0.135618 0.005859 0.011923
0 0.659668 0.128167 0.004883 0.011923
0 0.660156 0.114009 0.005859 0.010432
0 0.668457 0.117735 0.004883 0.008942
0 0.670410 0.105812 0.002930 0.005961
0 0.670898 0.097615 0.003906 0.004471
0 0.659668 0.087928 0.004883 0.008942
0 0.656738 0.070790 0.004883 0.007452
0 0.651855 0.054396 0.002930 0.007452
0 0.657227 0.053651 0.003906 0.008942
0 0.656738 0.036513 0.004883 0.010432
0 0.645508 0.032042 0.003906 0.007452
0 0.646484 0.041729 0.003906 0.005961
0 0.642578 0.049925 0.003906 0.007452
0 0.640137 0.063338 0.004883 0.007452
0 0.639160 0.046200 0.004883 0.008942
0 0.633301 0.039493 0.004883 0.010432
0 0.631348 0.026080 0.004883 0.007452
0 0.621094 0.013413 0.005859 0.011923
0 0.641113 0.014903 0.004883 0.008942
0 0.616699 0.044709 0.004883 0.005961
0 0.623047 0.049180 0.003906 0.005961
0 0.613281 0.021610 0.003906 0.010432
0 0.619629 0.110283 0.004883 0.008942
0 0.610352 0.139344 0.003906 0.007452
0 0.595215 0.134128 0.004883 0.011923
0 0.587891 0.128912 0.005859 0.010432
0 0.609863 0.113264 0.004883 0.008942
0 0.610352 0.099106 0.003906 0.007452
0 0.627930 0.151267 0.005859 0.010432
0 0.670410 0.136364 0.004883 0.010432
0 0.677246 0.125186 0.004883 0.008942
0 0.690918 0.154247 0.006836 0.013413
0 0.679688 0.153502 0.003906 0.005961
0 0.689453 0.140835 0.003906 0.007452
0 0.688477 0.116244 0.005859 0.011923
0 0.689941 0.097615 0.004883 0.010432
0 0.682617 0.085693 0.005859 0.010432
0 0.688965 0.078987 0.004883 0.011923
0 0.695801 0.087183 0.004883 0.010432
0 0.704102 0.093145 0.005859 0.010432
0 0.713379 0.096125 0.004883 0.010432
0 0.727051 0.090909 0.006836 0.011923
0 0.726074 0.108793 0.002930 0.008942
0 0.731445 0.135618 0.005859 0.011923
0 0.742188 0.129657 0.005859 0.011923
0 0.754395 0.122206 0.004883 0.008942
0 0.773438 0.140835 0.005859 0.010432
0 0.760742 0.137109 0.001953 0.008942
0 0.759277 0.127422 0.002930 0.007452
0 0.502441 0.071535 0.004883 0.008942
0 0.498535 0.058867 0.002930 0.004471
0 0.500977 0.051416 0.001953 0.004471
0 0.506836 0.049925 0.003906 0.007452
0 0.507812 0.064829 0.003906 0.007452
0 0.515625 0.055142 0.003906 0.008942
0 0.521484 0.049925 0.003906 0.007452
0 0.513672 0.046945 0.003906 0.007452
0 0.510254 0.040984 0.002930 0.004471
0 0.503418 0.026826 0.002930 0.005961
0 0.508789 0.028316 0.003906 0.005961
0 0.493652 0.023100 0.002930 0.004471
0 0.517578 0.017884 0.003906 0.005961
0 0.522949 0.008197 0.002930 0.004471
0 0.525391 0.019374 0.001953 0.008942
0 0.530273 0.023100 0.003906 0.007452
0 0.522949 0.035022 0.004883 0.007452
0 0.531250 0.050671 0.003906 0.005961
0 0.524414 0.063338 0.003906 0.004471
0 0.532227 0.064083 0.001953 0.008942
0 0.526855 0.071535 0.002930 0.005961
0 0.522949 0.083458 0.004883 0.008942
0 0.521484 0.073025 0.003906 0.002981
0 0.494141 0.068554 0.005859 0.008942
0 0.488281 0.108793 0.003906 0.008942
0 0.483398 0.103577 0.003906 0.010432
0 0.494629 0.102832 0.002930 0.005961
0 0.518555 0.100596 0.003906 0.007452
0 0.509277 0.127422 0.004883 0.010432
0 0.505371 0.119970 0.002930 0.007452
0 0.500488 0.125186 0.004883 0.008942
0 0.760742 0.096870 0.005859 0.011923
0 0.748047 0.099106 0.005859 0.010432
0 0.745605 0.092399 0.004883 0.008942
0 0.743652 0.065574 0.004883 0.008942
0 0.755371 0.071535 0.004883 0.008942
0 0.768066 0.086438 0.004883 0.005961
0 0.769531 0.071535 0.003906 0.008942
0 0.763184 0.076006 0.002930 0.005961
0 0.763184 0.054396 0.004883 0.007452
0 0.734863 0.076006 0.006836 0.011923
0 0.741699 0.078241 0.004883 0.007452
0 0.723633 0.077496 0.005859 0.008942
0 0.716309 0.074516 0.004883 0.008942
0 0.727539 0.059613 0.003906 0.008942
0 0.730957 0.052906 0.002930 0.004471
0 0.734375 0.049925 0.003906 0.007452
0 0.750977 0.052161 0.003906 0.005961
0 0.752930 0.040984 0.003906 0.007452
0 0.760254 0.038748 0.004883 0.008942
0 0.773926 0.043219 0.004883 0.011923
0 0.754883 0.029061 0.005859 0.007452
0 0.740234 0.025335 0.003906 0.005961
0 0.734375 0.035768 0.005859 0.011923
0 0.726074 0.032042 0.004883 0.010432
0 0.716797 0.038748 0.005859 0.008942
0 0.705078 0.062593 0.003906 0.005961
0 0.702148 0.073770 0.003906 0.007452
0 0.737305 0.112519 0.005859 0.010432
0 0.708008 0.123696 0.005859 0.011923
0 0.715332 0.137109 0.004883 0.005961
0 0.688965 0.067064 0.004883 0.008942
0 0.681152 0.050671 0.004883 0.011923
0 0.675781 0.044709 0.003906 0.008942
0 0.669434 0.054396 0.004883 0.010432
0 0.675781 0.076006 0.003906 0.005961
0 0.668457 0.046200 0.002930 0.005961
0 0.666504 0.039493 0.004883 0.010432
0 0.663574 0.029806 0.002930 0.005961
0 0.661621 0.026080 0.004883 0.007452
0 0.664551 0.018629 0.004883 0.007452
0 0.675293 0.021610 0.004883 0.013413
0 0.683594 0.028316 0.003906 0.008942
0 0.686523 0.037258 0.003906 0.008942
0 0.688965 0.053651 0.004883 0.011923
0 0.697754 0.047690 0.004883 0.008942
0 0.687500 0.014158 0.003906 0.007452
0 0.667969 0.011177 0.003906 0.007452
0 0.760254 0.014903 0.004883 0.008942
0 0.754395 0.134873 0.004883 0.007452
0 0.746094 0.149031 0.005859 0.014903
0 0.762207 0.169896 0.004883 0.008942
0 0.771484 0.179583 0.005859 0.013413
0 0.758301 0.187034 0.006836 0.013413
0 0.768066 0.213860 0.004883 0.010432
0 0.758789 0.213860 0.005859 0.013413
0 0.749512 0.202683 0.006836 0.011923
0 0.736816 0.195231 0.004883 0.011923
0 0.738770 0.160954 0.004883 0.014903
0 0.731934 0.158718 0.004883 0.013413
0 0.711426 0.164680 0.004883 0.007452
0 0.706055 0.155738 0.003906 0.007452
0 0.712891 0.185544 0.003906 0.007452
0 0.720215 0.190015 0.006836 0.013413
0 0.710449 0.201937 0.004883 0.010432
0 0.709473 0.213115 0.004883 0.008942
0 0.727539 0.242176 0.007812 0.016393
0 0.730957 0.229508 0.006836 0.008942
0 0.732910 0.213115 0.004883 0.011923
0 0.745605 0.229508 0.006836 0.011923
0 0.765137 0.236960 0.008789 0.014903
0 0.750000 0.267511 0.005859 0.013413
0 0.749023 0.251863 0.007812 0.008942
0 0.766602 0.260060 0.007812 0.013413
0 0.770508 0.275708 0.005859 0.014903
0 0.750000 0.278689 0.005859 0.014903
0 0.762695 0.286885 0.005859 0.013413
0 0.750977 0.312966 0.007812 0.017884
0 0.756836 0.324888 0.007812 0.014903
0 0.770020 0.356185 0.004883 0.008942
0 0.767578 0.374069 0.007812 0.014903
0 0.752930 0.377794 0.007812 0.016393
0 0.748047 0.395678 0.007812 0.013413
0 0.771484 0.396423 0.003906 0.014903
0 0.750488 0.414307 0.010742 0.014903
0 0.759766 0.434426 0.005859 0.010432
0 0.764160 0.461997 0.006836 0.005961
0 0.767090 0.476155 0.006836 0.013413
0 0.763672 0.453800 0.007812 0.010432
0 0.730957 0.431446 0.006836 0.016393
0 0.729980 0.453800 0.010742 0.016393
0 0.717285 0.446349 0.006836 0.016393
0 0.705566 0.440387 0.006836 0.016393
0 0.521484 0.134128 0.005859 0.011923
0 0.527344 0.121461 0.003906 0.007452
0 0.531250 0.131893 0.003906 0.007452
0 0.537109 0.114754 0.003906 0.008942
0 0.541992 0.122206 0.003906 0.008942
0 0.548828 0.128167 0.003906 0.008942
0 0.555176 0.115499 0.004883 0.007452
0 0.542480 0.100596 0.004883 0.007452
0 0.541016 0.087928 0.001953 0.005961
0 0.541992 0.076751 0.003906 0.007452
0 0.536621 0.074516 0.000977 0.008942
0 0.541504 0.064083 0.004883 0.008942
0 0.549805 0.073025 0.003906 0.008942
0 0.558105 0.078241 0.004883 0.007452
0 0.556152 0.067064 0.004883 0.008942
0 0.563477 0.061103 0.003906 0.008942
0 0.569336 0.070045 0.003906 0.008942
0 0.571777 0.059613 0.002930 0.011923
0 0.578125 0.064829 0.003906 0.007452
0 0.584961 0.070045 0.003906 0.008942
0 0.576172 0.087183 0.005859 0.010432
0 0.575195 0.073770 0.005859 0.007452
0 0.564453 0.085693 0.003906 0.010432
0 0.563477 0.101341 0.003906 0.008942
0 0.575684 0.109538 0.004883 0.007452
0 0.573242 0.101341 0.003906 0.008942
0 0.580566 0.099106 0.004883 0.010432
0 0.587891 0.098361 0.003906 0.008942
0 0.592773 0.111773 0.005859 0.008942
0 0.602539 0.102832 0.003906 0.011923
0 0.596680 0.094635 0.005859 0.007452
0 0.694824 0.445604 0.006836 0.011923
0 0.698730 0.423249 0.006836 0.014903
0 0.715332 0.423249 0.006836 0.011923
0 0.729980 0.412817 0.006836 0.014903
0 0.728516 0.386736 0.005859 0.010432
0 0.721680 0.371088 0.007812 0.017884
0 0.750488 0.350224 0.006836 0.011923
0 0.730469 0.359911 0.005859 0.010432
0 0.730469 0.322653 0.005859 0.013413
0 0.727051 0.299553 0.004883 0.011923
0 0.715820 0.340537 0.005859 0.013413
0 0.702148 0.349478 0.005859 0.013413
0 0.709473 0.330104 0.006836 0.013413
0 0.699707 0.327869 0.006836 0.011923
0 0.696289 0.309985 0.005859 0.011923
0 0.684082 0.354694 0.004883 0.008942
0 0.695312 0.399404 0.007812 0.014903
0 0.704590 0.386736 0.008789 0.013413
0 0.691895 0.377794 0.006836 0.010432
0 0.676270 0.423249 0.008789 0.014903
0 0.668945 0.451565 0.007812 0.014903
0 0.647461 0.468703 0.007812 0.016393
0 0.657715 0.483607 0.006836 0.016393
0 0.640137 0.442623 0.008789 0.020864
0 0.665039 0.438897 0.007812 0.016393
0 0.657227 0.412072 0.007812 0.016393
0 0.668945 0.391207 0.007812 0.016393
0 0.675781 0.375559 0.005859 0.011923
0 0.662598 0.358420 0.008789 0.016393
0 0.646484 0.388972 0.007812 0.014903
0 0.631348 0.419523 0.008789 0.016393
0 0.634277 0.399404 0.008789 0.017884
0 0.626465 0.455291 0.006836 0.016393
0 0.606445 0.476900 0.005859 0.011923
0 0.615234 0.478390 0.009766 0.011923
0 0.610840 0.459762 0.006836 0.010432
0 0.608887 0.447839 0.006836 0.010432
0 0.609375 0.427720 0.009766 0.011923
0 0.605469 0.414307 0.005859 0.011923
0 0.621094 0.406110 0.007812 0.010432
0 0.613770 0.385246 0.006836 0.013413
0 0.620605 0.371088 0.006836 0.011923
0 0.608887 0.356185 0.006836 0.014903
0 0.622070 0.336066 0.005859 0.013413
0 0.641113 0.321162 0.006836 0.013413
0 0.657227 0.330849 0.007812 0.008942
0 0.670898 0.312966 0.007812 0.011923
0 0.670898 0.343517 0.005859 0.010432
0 0.658203 0.314456 0.005859 0.011923
0 0.644531 0.307750 0.003906 0.007452
0 0.630859 0.317437 0.007812 0.014903
0 0.618652 0.308495 0.008789 0.011923
0 0.624512 0.295827 0.006836 0.016393
0 0.607422 0.327124 0.007812 0.013413
0 0.601562 0.300298 0.007812 0.013413
0 0.609375 0.277198 0.005859 0.014903
0 0.601562 0.266021 0.005859 0.007452
0 0.592773 0.277943 0.007812 0.016393
0 0.629883 0.262295 0.007812 0.014903
0 0.634277 0.283905 0.006836 0.013413
0 0.645508 0.278689 0.005859 0.011923
0 0.667969 0.278689 0.005859 0.011923
0 0.659180 0.292846 0.005859 0.010432
0 0.671387 0.299553 0.006836 0.011923
0 0.682129 0.285395 0.006836 0.010432
0 0.705078 0.289866 0.007812 0.013413
0 0.725586 0.275708 0.007812 0.014903
0 0.725586 0.263785 0.007812 0.011923
0 0.715332 0.275708 0.004883 0.011923
0 0.718750 0.239195 0.003906 0.010432
0 0.702148 0.228018 0.007812 0.011923
0 0.693359 0.242176 0.003906 0.010432
0 0.701660 0.251863 0.004883 0.014903
0 0.694824 0.269001 0.006836 0.013413
0 0.688965 0.263785 0.006836 0.011923
0 0.675293 0.257824 0.006836 0.011923
0 0.667480 0.254098 0.004883 0.010432
0 0.685059 0.241431 0.006836 0.011923
0 0.685059 0.222802 0.006836 0.013413
0 0.675781 0.219821 0.003906 0.007452
0 0.685547 0.204173 0.005859 0.011923
0 0.680664 0.187779 0.005859 0.011923
0 0.695312 0.186289 0.005859 0.011923
0 0.684082 0.175857 0.004883 0.008942
0 0.664062 0.195231 0.007812 0.008942
0 0.656250 0.226528 0.007812 0.014903
0 0.648438 0.245902 0.005859 0.008942
0 0.637695 0.252608 0.007812 0.010432
0 0.637695 0.237705 0.007812 0.013413
0 0.628418 0.234724 0.006836 0.013413
0 0.623535 0.219821 0.004883 0.013413
0 0.624512 0.209389 0.006836 0.010432
0 0.647461 0.227273 0.003906 0.010432
0 0.639160 0.201937 0.006836 0.013413
0 0.653320 0.203428 0.005859 0.010432
0 0.645996 0.192250 0.004883 0.008942
0 0.636719 0.179583 0.005859 0.010432
0 0.644531 0.172876 0.003906 0.008942
0 0.642090 0.160209 0.004883 0.010432
0 0.626465 0.200447 0.004883 0.010432
0 0.624512 0.184799 0.006836 0.011923
0 0.623047 0.173621 0.005859 0.007452
0 0.614258 0.195231 0.005859 0.011923
0 0.604980 0.191505 0.006836 0.013413
0 0.605957 0.231744 0.006836 0.013413
0 0.603027 0.248882 0.004883 0.008942
0 0.584473 0.269747 0.006836 0.008942
0 0.595703 0.157228 0.005859 0.010432
0 0.586426 0.155738 0.004883 0.010432
0 0.605957 0.177347 0.004883 0.008942
0 0.591797 0.182563 0.003906 0.007452
0 0.599121 0.183308 0.004883 0.008942
0 0.582031 0.186289 0.003906 0.008942
0 0.577148 0.173621 0.003906 0.010432
0 0.572754 0.160954 0.004883 0.008942
0 0.575195 0.151267 0.003906 0.007452
0 0.572266 0.136364 0.003906 0.010432
0 0.563965 0.136364 0.004883 0.010432
0 0.565430 0.116990 0.003906 0.007452
0 0.556152 0.154247 0.004883 0.007452
0 0.558594 0.166915 0.005859 0.011923
0 0.565918 0.187034 0.006836 0.013413
0 0.568359 0.175112 0.003906 0.010432
0 0.558105 0.192250 0.004883 0.008942
0 0.571777 0.213115 0.006836 0.011923
0 0.582031 0.217586 0.005859 0.011923
0 0.588867 0.250373 0.005859 0.011923
0 0.591309 0.233234 0.004883 0.010432
0 0.574707 0.260805 0.006836 0.014903
0 0.564453 0.245156 0.005859 0.013413
0 0.568359 0.227273 0.007812 0.010432
0 0.560059 0.233234 0.004883 0.013413
0 0.551270 0.255589 0.006836 0.013413
0 0.559570 0.277198 0.007812 0.011923
0 0.564453 0.272727 0.007812 0.014903
0 0.572266 0.300298 0.003906 0.010432
0 0.576172 0.310730 0.005859 0.013413
0 0.588379 0.329359 0.004883 0.008942
0 0.587891 0.350969 0.007812 0.016393
0 0.586426 0.385991 0.006836 0.011923
0 0.596680 0.394188 0.009766 0.016393
0 0.578613 0.406855 0.008789 0.014903
0 0.589844 0.417288 0.005859 0.011923
0 0.583984 0.439642 0.007812 0.014903
0 0.577637 0.429955 0.006836 0.013413
0 0.574707 0.444113 0.008789 0.017884
0 0.563477 0.467958 0.009766 0.008942
0 0.567871 0.394933 0.006836 0.014903
0 0.553711 0.425484 0.009766 0.016393
0 0.564453 0.432191 0.007812 0.011923
0 0.554199 0.456036 0.008789 0.014903
0 0.544922 0.470939 0.005859 0.008942
0 0.526855 0.470939 0.006836 0.008942
0 0.525391 0.450075 0.007812 0.005961
0 0.541016 0.421759 0.005859 0.008942
0 0.521973 0.423994 0.006836 0.013413
0 0.532227 0.407601 0.007812 0.013413
0 0.536133 0.386736 0.007812 0.013413
0 0.565918 0.375559 0.004883 0.008942
0 0.555176 0.356930 0.006836 0.013413
0 0.528320 0.368107 0.007812 0.014903
0 0.528320 0.350224 0.005859 0.014903
0 0.542969 0.333085 0.005859 0.013413
0 0.535156 0.324143 0.005859 0.013413
0 0.537598 0.310730 0.008789 0.013413
0 0.555176 0.308495 0.008789 0.014903
0 0.564453 0.327869 0.007812 0.014903
0 0.563965 0.345753 0.008789 0.014903
0 0.541016 0.247392 0.005859 0.011923
0 0.537598 0.234724 0.006836 0.013413
0 0.545410 0.222057 0.006836 0.011923
0 0.529297 0.247392 0.005859 0.011923
0 0.519531 0.288376 0.005859 0.010432
0 0.527832 0.291356 0.004883 0.013413
0 0.518066 0.308495 0.006836 0.014903
0 0.517578 0.316692 0.007812 0.016393
0 0.514160 0.342772 0.008789 0.014903
0 0.518066 0.361401 0.004883 0.007452
0 0.504395 0.366617 0.006836 0.011923
0 0.509277 0.398659 0.008789 0.016393
0 0.507812 0.444858 0.007812 0.013413
0 0.493164 0.458271 0.007812 0.016393
0 0.488281 0.449329 0.007812 0.016393
0 0.471191 0.467958 0.008789 0.014903
0 0.478027 0.435171 0.008789 0.014903
0 0.458984 0.429210 0.009766 0.014903
0 0.450684 0.445604 0.008789 0.014903
0 0.636719 0.346498 0.005859 0.013413
0 0.496582 0.416542 0.006836 0.013413
0 0.488770 0.410581 0.006836 0.013413
0 0.482422 0.389717 0.009766 0.013413
0 0.468750 0.394933 0.007812 0.014903
0 0.461426 0.384501 0.004883 0.011923
0 0.461426 0.365872 0.006836 0.013413
0 0.467773 0.354694 0.007812 0.014903
0 0.493652 0.357675 0.008789 0.014903
0 0.500488 0.330849 0.006836 0.014903
0 0.491699 0.333830 0.006836 0.011923
0 0.488770 0.315201 0.004883 0.010432
0 0.458984 0.337556 0.007812 0.016393
0 0.469238 0.322653 0.004883 0.010432
0 0.469727 0.307004 0.005859 0.008942
0 0.485840 0.293592 0.004883 0.011923
0 0.477051 0.287630 0.006836 0.014903
0 0.495605 0.305514 0.004883 0.008942
0 0.511719 0.268256 0.005859 0.011923
0 0.495605 0.271982 0.006836 0.010432
0 0.505859 0.269001 0.003906 0.013413
0 0.495117 0.261550 0.005859 0.010432
0 0.480957 0.257079 0.006836 0.013413
0 0.470215 0.274963 0.006836 0.013413
0 0.496094 0.246647 0.005859 0.013413
0 0.518066 0.244411 0.006836 0.014903
0 0.510254 0.236215 0.006836 0.013413
0 0.518066 0.220566 0.006836 0.011923
0 0.537109 0.211624 0.007812 0.014903
0 0.541016 0.204173 0.005859 0.014903
0 0.545410 0.191505 0.004883 0.007452
0 0.544434 0.181073 0.006836 0.010432
0 0.538574 0.162444 0.006836 0.014903
0 0.542969 0.152012 0.003906 0.008942
0 0.541504 0.140089 0.004883 0.005961
0 0.529297 0.158718 0.005859 0.010432
0 0.529785 0.192250 0.004883 0.011923
0 0.516113 0.180328 0.006836 0.014903
0 0.506836 0.198212 0.005859 0.011923
0 0.499023 0.178838 0.003906 0.008942
0 0.494141 0.219821 0.005859 0.013413
0 0.484863 0.233234 0.006836 0.013413
0 0.479492 0.242176 0.003906 0.007452
0 0.487305 0.204173 0.003906 0.008942
0 0.491699 0.175857 0.006836 0.011923
0 0.483887 0.160954 0.004883 0.005961
0 0.494629 0.147541 0.006836 0.011923
0 0.497070 0.163189 0.003906 0.007452
0 0.476562 0.144560 0.005859 0.011923
0 0.474609 0.130402 0.005859 0.007452
0 0.472168 0.110283 0.004883 0.008942
0 0.461914 0.123696 0.005859 0.005961
0 0.461426 0.137109 0.006836 0.011923
0 0.459961 0.157228 0.005859 0.013413
0 0.471680 0.177347 0.003906 0.011923
0 0.474609 0.171386 0.005859 0.011923
0 0.456543 0.181818 0.006836 0.011923
0 0.470215 0.192250 0.006836 0.011923
0 0.460938 0.204173 0.005859 0.011923
0 0.446777 0.216095 0.006836 0.011923
0 0.468750 0.221311 0.005859 0.010432
0 0.443359 0.192996 0.007812 0.013413
0 0.437500 0.204173 0.003906 0.008942
0 0.430664 0.213115 0.003906 0.008942
0 0.446777 0.178838 0.006836 0.011923
0 0.438477 0.166915 0.003906 0.008942
0 0.448242 0.147541 0.005859 0.011923
0 0.445801 0.138599 0.004883 0.011923
0 0.452148 0.131148 0.003906 0.005961
0 0.455078 0.113264 0.003906 0.005961
0 0.441895 0.110283 0.004883 0.008942
0 0.432129 0.125931 0.004883 0.010432
0 0.421875 0.120715 0.003906 0.011923
0 0.410645 0.129657 0.004883 0.008942
0 0.427734 0.147541 0.005859 0.011923
0 0.416504 0.161699 0.006836 0.013413
0 0.399414 0.145306 0.005859 0.013413
0 0.408691 0.190015 0.004883 0.007452
0 0.399902 0.192996 0.004883 0.013413
0 0.396484 0.176602 0.005859 0.007452
0 0.407227 0.208644 0.005859 0.011923
0 0.417480 0.224292 0.006836 0.010432
0 0.426758 0.237705 0.005859 0.010432
0 0.447754 0.240686 0.004883 0.007452
0 0.451172 0.260805 0.007812 0.011923
0 0.455566 0.283159 0.006836 0.011923
0 0.444824 0.292101 0.006836 0.011923
0 0.440430 0.275708 0.005859 0.011923
0 0.427734 0.253353 0.005859 0.011923
0 0.415039 0.258569 0.005859 0.010432
0 0.423828 0.280179 0.005859 0.011923
0 0.414062 0.240686 0.005859 0.010432
0 0.396484 0.131148 0.005859 0.008942
0 0.392578 0.114754 0.005859 0.005961
0 0.399414 0.104322 0.005859 0.005961
0 0.416504 0.105067 0.006836 0.007452
0 0.382324 0.137854 0.006836 0.013413
0 0.375977 0.126677 0.003906 0.008942
0 0.381348 0.121461 0.004883 0.010432
0 0.389648 0.146051 0.003906 0.011923
0 0.372559 0.154993 0.004883 0.008942
0 0.369141 0.138599 0.003906 0.011923
0 0.358887 0.123696 0.004883 0.008942
0 0.355469 0.146051 0.005859 0.008942
0 0.345215 0.157228 0.004883 0.010432
0 0.365723 0.166170 0.004883 0.010432
0 0.384766 0.180328 0.005859 0.008942
0 0.393066 0.201937 0.004883 0.010432
0 0.392090 0.216841 0.004883 0.007452
0 0.364258 0.204918 0.005859 0.010432
0 0.369141 0.195231 0.005859 0.008942
0 0.372070 0.187779 0.005859 0.011923
0 0.353516 0.165425 0.005859 0.005961
0 0.347656 0.203428 0.003906 0.010432
0 0.348145 0.192996 0.006836 0.007452
0 0.346680 0.181818 0.005859 0.008942
0 0.339355 0.174367 0.004883 0.008942
0 0.323242 0.175857 0.005859 0.011923
0 0.326660 0.145306 0.004883 0.010432
0 0.340820 0.146796 0.005859 0.010432
0 0.342285 0.136364 0.004883 0.010432
0 0.318848 0.153502 0.006836 0.011923
0 0.331543 0.220566 0.006836 0.005961
0 0.326660 0.234724 0.006836 0.010432
0 0.320801 0.210134 0.004883 0.008942
0 0.330566 0.195976 0.006836 0.010432
0 0.350586 0.225037 0.003906 0.008942
0 0.370117 0.226528 0.007812 0.014903
0 0.365723 0.239940 0.004883 0.005961
0 0.366699 0.256334 0.006836 0.011923
0 0.357422 0.248882 0.005859 0.008942
0 0.350586 0.242921 0.005859 0.008942
0 0.343262 0.234724 0.004883 0.010432
0 0.335938 0.243666 0.003906 0.007452
0 0.333984 0.258569 0.005859 0.010432
0 0.320312 0.250373 0.005859 0.011923
0 0.392090 0.232489 0.006836 0.011923
0 0.403809 0.251863 0.006836 0.011923
0 0.397461 0.268256 0.005859 0.011923
0 0.389160 0.248882 0.006836 0.014903
0 0.380859 0.260060 0.005859 0.010432
0 0.399902 0.300298 0.008789 0.016393
0 0.392578 0.290611 0.005859 0.008942
0 0.388672 0.302534 0.005859 0.008942
0 0.385742 0.324888 0.007812 0.014903
0 0.375488 0.305514 0.008789 0.008942
0 0.423828 0.317437 0.007812 0.008942
0 0.429199 0.298808 0.006836 0.013413
0 0.434082 0.319672 0.006836 0.013413
0 0.444824 0.324143 0.008789 0.013413
0 0.439453 0.338301 0.007812 0.011923
0 0.446777 0.351714 0.006836 0.014903
0 0.453613 0.307750 0.004883 0.010432
0 0.407227 0.312966 0.007812 0.011923
0 0.398438 0.335320 0.005859 0.011923
0 0.410645 0.365872 0.006836 0.013413
0 0.420410 0.375559 0.004883 0.008942
0 0.435059 0.378539 0.008789 0.014903
0 0.441895 0.406110 0.004883 0.013413
0 0.434570 0.419523 0.005859 0.010432
0 0.421875 0.426975 0.005859 0.013413
0 0.424805 0.441133 0.003906 0.008942
0 0.421387 0.460507 0.006836 0.014903
0 0.411621 0.475410 0.008789 0.017884
0 0.390625 0.423994 0.007812 0.013413
0 0.418945 0.413562 0.005859 0.010432
0 0.408203 0.398659 0.007812 0.013413
0 0.407715 0.379285 0.008789 0.016393
0 0.423340 0.395678 0.006836 0.016393
0 0.391602 0.355440 0.003906 0.010432
0 0.386230 0.385246 0.008789 0.013413
0 0.375488 0.377049 0.008789 0.014903
0 0.366699 0.391207 0.006836 0.013413
0 0.360352 0.418033 0.007812 0.016393
0 0.354980 0.401639 0.008789 0.016393
0 0.356934 0.445604 0.006836 0.014903
0 0.339844 0.467213 0.007812 0.013413
0 0.333984 0.444858 0.009766 0.013413
0 0.320312 0.443368 0.005859 0.010432
0 0.321289 0.469449 0.007812 0.017884
0 0.334473 0.412072 0.006836 0.016393
0 0.345215 0.388972 0.004883 0.008942
0 0.350098 0.374814 0.008789 0.016393
0 0.370605 0.361401 0.006836 0.010432
0 0.368164 0.343517 0.001953 0.010432
0 0.378418 0.347988 0.006836 0.013413
0 0.365723 0.328614 0.004883 0.010432
0 0.354492 0.311475 0.005859 0.011923
0 0.347168 0.316692 0.006836 0.010432
0 0.327637 0.342772 0.006836 0.008942
0 0.319824 0.376304 0.006836 0.013413
0 0.319824 0.324888 0.002930 0.014903
0 0.319824 0.356930 0.006836 0.013413
0 0.336914 0.314456 0.005859 0.011923
0 0.327148 0.292846 0.005859 0.013413
0 0.347656 0.298808 0.005859 0.013413
0 0.342285 0.292101 0.004883 0.011923
0 0.347656 0.279434 0.007812 0.013413
0 0.336914 0.271237 0.003906 0.008942
0 0.319336 0.269001 0.003906 0.010432
0 0.353516 0.274218 0.007812 0.011923
0 0.393066 0.409091 0.006836 0.013413
0 0.394531 0.452310 0.007812 0.010432
0 0.349609 0.087183 0.003906 0.007452
0 0.496094 0.135618 0.005859 0.011923
0 0.481445 0.309985 0.003906 0.008942
0 0.726074 0.008197 0.006836 0.007452
0 0.026367 0.350969 0.007812 0.013413
0 0.037109 0.345007 0.005859 0.013413
0 0.062500 0.350224 0.007812 0.008942
0 0.093262 0.347243 0.006836 0.011923
0 0.078125 0.337556 0.005859 0.010432
0 0.079102 0.355440 0.005859 0.010432
0 0.093750 0.369598 0.005859 0.011923
0 0.069336 0.375559 0.005859 0.011923
0 0.081543 0.403875 0.004883 0.008942
0 0.079590 0.373323 0.004883 0.010432
0 0.103516 0.395678 0.003906 0.007452
0 0.101074 0.336811 0.004883 0.008942
0 0.107910 0.347988 0.004883 0.013413
0 0.109863 0.329359 0.002930 0.008942
0 0.121094 0.332340 0.003906 0.011923
0 0.126953 0.340537 0.003906 0.010432
0 0.138184 0.359165 0.004883 0.011923
0 0.145508 0.351714 0.005859 0.014903
0 0.144531 0.327124 0.003906 0.010432
0 0.132324 0.370343 0.004883 0.007452
0 0.128418 0.381520 0.004883 0.011923
0 0.122070 0.391952 0.007812 0.011923
0 0.137695 0.397914 0.005859 0.011923
0 0.133789 0.415797 0.005859 0.011923
0 0.129883 0.438897 0.007812 0.019374
0 0.136230 0.429955 0.004883 0.010432
0 0.110840 0.429210 0.006836 0.011923
0 0.102539 0.412817 0.005859 0.011923
0 0.087891 0.414307 0.005859 0.008942
0 0.098145 0.433681 0.006836 0.011923
0 0.099121 0.459762 0.006836 0.016393
0 0.118164 0.468703 0.005859 0.019374
0 0.083008 0.479136 0.007812 0.016393
0 0.077148 0.454545 0.007812 0.017884
0 0.070312 0.429210 0.005859 0.005961
0 0.053711 0.428465 0.005859 0.010432
0 0.066895 0.394933 0.004883 0.011923
0 0.050781 0.402385 0.005859 0.011923
0 0.040039 0.373323 0.005859 0.013413
0 0.029297 0.369598 0.003906 0.011923
0 0.023438 0.380030 0.007812 0.011923
0 0.014648 0.398659 0.005859 0.016393
0 0.000977 0.375559 0.001953 0.011923
0 0.002441 0.359165 0.004883 0.008942
0 0.001953 0.333830 0.003906 0.011923
0 0.016602 0.334575 0.003906 0.007452
0 0.047363 0.369598 0.004883 0.011923
0 0.060059 0.340537 0.004883 0.010432
0 0.023438 0.413562 0.005859 0.010432
0 0.020508 0.431446 0.005859 0.016393
0 0.018555 0.442623 0.007812 0.014903
0 0.016602 0.464978 0.007812 0.017884
0 0.037598 0.477645 0.004883 0.010432
0 0.051270 0.484352 0.004883 0.008942
0 0.060059 0.445604 0.006836 0.014903
0 0.067871 0.450075 0.004883 0.014903
0 0.043457 0.503726 0.006836 0.014903
0 0.028809 0.502235 0.006836 0.011923
0 0.016113 0.495529 0.004883 0.013413
0 0.011719 0.519374 0.005859 0.016393
0 0.024902 0.534277 0.006836 0.016393
0 0.064453 0.528316 0.007812 0.013413
0 0.071289 0.509687 0.005859 0.011923
0 0.103027 0.513413 0.006836 0.016393
0 0.113281 0.487332 0.005859 0.011923
0 0.121582 0.497765 0.004883 0.011923
0 0.108887 0.512668 0.004883 0.014903
0 0.102539 0.537258 0.003906 0.010432
0 0.104492 0.560358 0.005859 0.008942
0 0.086914 0.557377 0.005859 0.011923
0 0.050781 0.557377 0.003906 0.017884
0 0.039062 0.578987 0.007812 0.016393
0 0.043945 0.599106 0.005859 0.014903
0 0.019531 0.584948 0.005859 0.013413
0 0.003906 0.570045 0.003906 0.013413
0 0.014648 0.620715 0.009766 0.019374
0 0.044922 0.618480 0.005859 0.011923
0 0.038086 0.635618 0.005859 0.013413
0 0.033203 0.660209 0.009766 0.020864
0 0.002930 0.649031 0.005859 0.022355
0 0.033691 0.679583 0.004883 0.014903
0 0.047363 0.685544 0.008789 0.020864
0 0.005859 0.695231 0.007812 0.016393
0 0.019531 0.701937 0.005859 0.017884
0 0.042480 0.708644 0.006836 0.019374
0 0.074219 0.625186 0.007812 0.016393
0 0.109375 0.630402 0.005859 0.011923
0 0.106934 0.657973 0.004883 0.013413
0 0.135254 0.680328 0.008789 0.013413
0 0.143066 0.634873 0.006836 0.014903
0 0.154785 0.647541 0.006836 0.013413
0 0.161621 0.628167 0.006836 0.013413
0 0.143066 0.617735 0.004883 0.010432
0 0.110840 0.612519 0.004883 0.014903
0 0.120605 0.603577 0.004883 0.014903
0 0.108887 0.575261 0.006836 0.014903
0 0.135742 0.578987 0.005859 0.016393
0 0.174316 0.588674 0.008789 0.017884
0 0.175293 0.561103 0.004883 0.016393
0 0.158203 0.538748 0.005859 0.016393
0 0.145508 0.538003 0.005859 0.014903
0 0.156738 0.518629 0.004883 0.011923
0 0.140625 0.503726 0.007812 0.017884
0 0.152344 0.476900 0.007812 0.014903
0 0.145508 0.459016 0.005859 0.011923
0 0.176270 0.465723 0.008789 0.016393
0 0.177734 0.476900 0.005859 0.014903
0 0.180176 0.489568 0.006836 0.019374
0 0.196777 0.491058 0.006836 0.016393
0 0.176758 0.522355 0.009766 0.019374
0 0.196777 0.541729 0.006836 0.013413
0 0.200684 0.598361 0.004883 0.013413
0 0.172852 0.641580 0.005859 0.016393
0 0.182129 0.652012 0.006836 0.019374
0 0.190430 0.671386 0.005859 0.016393
0 0.218750 0.652757 0.007812 0.017884
0 0.221191 0.695976 0.008789 0.020864
0 0.230469 0.714605 0.007812 0.016393
0 0.249023 0.667660 0.009766 0.017884
0 0.266602 0.691505 0.007812 0.017884
0 0.265137 0.648286 0.006836 0.014903
0 0.251465 0.638599 0.006836 0.016393
0 0.222168 0.587183 0.008789 0.017884
0 0.272461 0.585693 0.007812 0.011923
0 0.266113 0.572280 0.006836 0.014903
0 0.240723 0.522355 0.008789 0.016393
0 0.225586 0.511923 0.007812 0.013413
0 0.211426 0.509687 0.008789 0.017884
0 0.218750 0.477645 0.007812 0.010432
0 0.229980 0.477645 0.008789 0.019374
0 0.239746 0.488077 0.006836 0.016393
0 0.002441 0.140089 0.004883 0.008942
0 0.206543 0.299553 0.006836 0.014903
0 0.189941 0.532787 0.008789 0.016393
0 0.024902 0.559613 0.004883 0.016393
0 0.002441 0.482861 0.004883 0.014903
0 0.032227 0.462742 0.005859 0.016393
0 0.078125 0.574516 0.007812 0.016393
0 0.225586 0.017884 0.005859 0.008942
0 0.309082 0.024590 0.004883 0.010432
0 0.321289 0.027571 0.003906 0.007452
0 0.366699 0.149031 0.004883 0.008942
0 0.316406 0.310730 0.007812 0.013413
0 0.453613 0.251118 0.006836 0.013413
0 0.302734 0.400894 0.007812 0.014903
0 0.380371 0.472429 0.008789 0.017884
0 0.461914 0.722802 0.009766 0.020864
0 0.372559 0.618480 0.008789 0.020864
0 0.633301 0.056632 0.004883 0.008942
0 0.681641 0.011923 0.003906 0.008942
0 0.916016 0.049925 0.005859 0.010432
0 0.711426 0.361401 0.008789 0.013413
0 0.723145 0.314456 0.006836 0.011923
0 0.579590 0.684799 0.006836 0.013413
0 0.589355 0.968703 0.012695 0.032787
0 0.775391 0.207154 0.007812 0.014903
0 0.803711 0.038748 0.005859 0.008942
0 0.659180 0.530551 0.007812 0.017884
0 0.705566 0.554396 0.006836 0.017884
0 0.389160 0.195231 0.004883 0.008942
0 0.293457 0.609538 0.008789 0.020864
0 0.283203 0.602086 0.007812 0.020864
0 0.294922 0.631148 0.007812 0.019374
0 0.288574 0.667660 0.008789 0.020864
0 0.310059 0.655738 0.010742 0.020864
0 0.319824 0.699702 0.008789 0.016393
0 0.353027 0.671386 0.008789 0.019374
0 0.369629 0.684054 0.008789 0.017884
0 0.360840 0.613264 0.010742 0.016393
0 0.348633 0.590909 0.007812 0.016393
0 0.357422 0.570790 0.009766 0.017884
0 0.363770 0.532787 0.010742 0.022355
0 0.165039 0.565574 0.005859 0.013413
0 0.323242 0.600596 0.009766 0.020864
0 0.353516 0.646796 0.011719 0.017884
0 0.063965 0.646796 0.006836 0.014903
0 0.182617 0.711624 0.007812 0.016393
0 0.131836 0.656483 0.007812 0.013413
0 0.179199 0.339791 0.006836 0.011923
0 0.206055 0.356930 0.003906 0.010432
0 0.327637 0.366617 0.006836 0.014903
0 0.384277 0.479881 0.006836 0.008942
0 0.384277 0.494039 0.008789 0.019374
0 0.397461 0.514158 0.007812 0.017884
0 0.428711 0.493294 0.007812 0.011923
0 0.437988 0.505961 0.006836 0.013413
0 0.448242 0.465723 0.005859 0.010432
0 0.462402 0.481371 0.006836 0.011923
0 0.450684 0.518629 0.008789 0.020864
0 0.463379 0.521610 0.004883 0.011923
0 0.474609 0.504471 0.009766 0.010432
0 0.485840 0.508942 0.004883 0.010432
0 0.497070 0.491803 0.005859 0.014903
0 0.506348 0.500745 0.008789 0.017884
0 0.526855 0.492548 0.006836 0.010432
0 0.530273 0.516393 0.005859 0.013413
0 0.534668 0.538748 0.010742 0.016393
0 0.515137 0.526826 0.010742 0.016393
0 0.484863 0.531297 0.006836 0.016393
0 0.475586 0.546945 0.007812 0.017884
0 0.470215 0.535022 0.006836 0.017884
0 0.427246 0.552906 0.010742 0.017884
0 0.390625 0.559613 0.009766 0.016393
0 0.427734 0.567809 0.009766 0.011923
0 0.442383 0.581967 0.007812 0.019374
0 0.458984 0.592399 0.011719 0.019374
0 0.477051 0.605812 0.010742 0.022355
0 0.480469 0.573025 0.009766 0.019374
0 0.490234 0.589419 0.009766 0.013413
0 0.494629 0.608793 0.008789 0.016393
0 0.514160 0.602832 0.010742 0.019374
0 0.525879 0.573770 0.006836 0.014903
0 0.554199 0.585693 0.010742 0.020864
0 0.548828 0.556632 0.007812 0.016393
0 0.545898 0.502981 0.007812 0.016393
0 0.541992 0.483607 0.007812 0.013413
0 0.561523 0.514903 0.007812 0.016393
0 0.549805 0.529806 0.009766 0.016393
0 0.587891 0.525335 0.007812 0.016393
0 0.581543 0.480626 0.008789 0.016393
0 0.414062 0.603577 0.011719 0.023845
0 0.389648 0.599851 0.009766 0.019374
0 0.388672 0.579732 0.007812 0.011923
0 0.390137 0.637854 0.008789 0.017884
0 0.401367 0.649031 0.009766 0.022355
0 0.410645 0.658718 0.010742 0.017884
0 0.416992 0.638599 0.007812 0.016393
0 0.433594 0.623696 0.007812 0.016393
0 0.443848 0.645306 0.008789 0.020864
0 0.461914 0.656483 0.007812 0.016393
0 0.484863 0.678838 0.010742 0.019374
0 0.497070 0.662444 0.011719 0.022355
0 0.497070 0.643070 0.007812 0.016393
0 0.528320 0.657228 0.011719 0.017884
0 0.542969 0.654247 0.009766 0.017884
0 0.529785 0.677347 0.010742 0.019374
0 0.544434 0.695976 0.012695 0.020864
0 0.499512 0.712370 0.010742 0.017884
0 0.523438 0.729508 0.013672 0.019374
0 0.555664 0.749627 0.011719 0.023845
0 0.570312 0.716841 0.011719 0.020864
0 0.589844 0.730253 0.009766 0.020864
0 0.595215 0.770492 0.010742 0.020864
0 0.548828 0.776453 0.009766 0.017884
0 0.540527 0.804024 0.012695 0.019374
0 0.521484 0.799553 0.007812 0.016393
0 0.529785 0.783159 0.008789 0.016393
0 0.499512 0.756334 0.010742 0.022355
0 0.463867 0.762295 0.011719 0.022355
0 0.462891 0.698957 0.007812 0.014903
0 0.464844 0.736960 0.007812 0.019374
0 0.431152 0.760060 0.008789 0.020864
0 0.410645 0.714605 0.010742 0.016393
0 0.425293 0.675857 0.010742 0.019374
0 0.386719 0.700447 0.011719 0.020864
0 0.346680 0.746647 0.009766 0.020864
0 0.389648 0.762295 0.009766 0.019374
0 0.333008 0.714605 0.007812 0.013413
0 0.319336 0.725037 0.005859 0.019374
0 0.322266 0.749627 0.009766 0.023845
0 0.305664 0.809240 0.009766 0.026826
0 0.327148 0.822653 0.007812 0.020864
0 0.350586 0.789866 0.007812 0.020864
0 0.364258 0.793592 0.009766 0.022355
0 0.384277 0.821908 0.006836 0.019374
0 0.376465 0.861401 0.008789 0.023845
0 0.372559 0.847243 0.010742 0.022355
0 0.361328 0.888972 0.009766 0.022355
0 0.367188 0.871088 0.007812 0.016393
0 0.342773 0.915797 0.009766 0.019374
0 0.307129 0.918778 0.010742 0.022355
0 0.306152 0.888227 0.006836 0.017884
0 0.387695 0.918033 0.009766 0.017884
0 0.478027 0.923994 0.008789 0.011923
0 0.497559 0.921759 0.012695 0.025335
0 0.472656 0.902385 0.009766 0.019374
0 0.468750 0.862891 0.009766 0.014903
0 0.427734 0.810730 0.007812 0.020864
0 0.458496 0.843517 0.008789 0.020864
0 0.473633 0.807750 0.009766 0.017884
0 0.395020 0.792846 0.010742 0.011923
0 0.526367 0.836066 0.011719 0.020864
0 0.544434 0.891207 0.006836 0.020864
0 0.550781 0.874814 0.007812 0.017884
0 0.551270 0.851714 0.008789 0.019374
0 0.577148 0.886736 0.009766 0.020864
0 0.589355 0.923994 0.006836 0.017884
0 0.705078 0.942623 0.011719 0.025335
0 0.744141 0.902385 0.011719 0.025335
0 0.705078 0.871833 0.013672 0.026826
0 0.707031 0.843517 0.011719 0.023845
0 0.728516 0.803279 0.009766 0.020864
0 0.745117 0.836066 0.007812 0.014903
0 0.750977 0.845007 0.009766 0.020864
0 0.668945 0.821162 0.011719 0.026826
0 0.652832 0.796572 0.012695 0.022355
0 0.626465 0.777198 0.012695 0.022355
0 0.641113 0.747392 0.010742 0.022355
0 0.659180 0.765276 0.009766 0.016393
0 0.678223 0.733234 0.010742 0.017884
0 0.695801 0.749627 0.006836 0.017884
0 0.710449 0.741431 0.010742 0.019374
0 0.708496 0.773472 0.010742 0.020864
0 0.745605 0.750373 0.010742 0.025335
0 0.790039 0.793592 0.009766 0.019374
0 0.797363 0.870343 0.010742 0.020864
0 0.798828 0.699702 0.009766 0.022355
0 0.795898 0.675857 0.007812 0.022355
0 0.762207 0.690760 0.008789 0.019374
0 0.739746 0.669151 0.010742 0.017884
0 0.752441 0.642325 0.008789 0.020864
0 0.723145 0.597615 0.008789 0.017884
0 0.704102 0.644560 0.009766 0.019374
0 0.706055 0.670641 0.009766 0.014903
0 0.703613 0.710879 0.010742 0.023845
0 0.699219 0.694486 0.009766 0.020864
0 0.685059 0.712370 0.010742 0.017884
0 0.679688 0.679583 0.009766 0.023845
0 0.665527 0.655738 0.012695 0.026826
0 0.632812 0.713860 0.009766 0.020864
0 0.645996 0.701192 0.006836 0.016393
0 0.629395 0.671386 0.010742 0.019374
0 0.597656 0.698212 0.009766 0.022355
0 0.569336 0.672131 0.007812 0.014903
0 0.592773 0.669151 0.007812 0.023845
0 0.609375 0.661699 0.007812 0.017884
0 0.593750 0.639344 0.005859 0.014903
0 0.562988 0.622951 0.004883 0.017884
0 0.570312 0.606557 0.007812 0.014903
0 0.610352 0.610283 0.009766 0.019374
0 0.600586 0.603577 0.007812 0.017884
0 0.636230 0.620715 0.006836 0.019374
0 0.641113 0.638599 0.010742 0.022355
0 0.645996 0.608048 0.010742 0.017884
0 0.658691 0.593890 0.008789 0.016393
0 0.676270 0.583458 0.010742 0.019374
0 0.661133 0.578241 0.009766 0.014903
0 0.666504 0.551416 0.008789 0.020864
0 0.624023 0.555887 0.013672 0.017884
0 0.563965 0.548435 0.006836 0.014903
0 0.590820 0.568554 0.009766 0.019374
0 0.612305 0.509687 0.007812 0.011923
0 0.626953 0.496274 0.007812 0.014903
0 0.641602 0.528316 0.007812 0.016393
0 0.659668 0.509687 0.006836 0.014903
0 0.683594 0.516393 0.007812 0.019374
0 0.680176 0.540238 0.006836 0.019374
0 0.690430 0.552906 0.007812 0.020864
0 0.718750 0.530551 0.007812 0.014903
0 0.755371 0.550671 0.004883 0.016393
0 0.775879 0.587928 0.010742 0.019374
0 0.787598 0.551416 0.004883 0.017884
0 0.785645 0.528316 0.010742 0.028316
0 0.782715 0.501490 0.008789 0.013413
0 0.779297 0.479136 0.003906 0.010432
0 0.791504 0.464232 0.004883 0.007452
0 0.790039 0.447839 0.007812 0.016393
0 0.745605 0.507452 0.010742 0.019374
0 0.764160 0.493294 0.004883 0.011923
0 0.736816 0.482861 0.006836 0.017884
0 0.720703 0.492548 0.009766 0.019374
0 0.701172 0.512668 0.007812 0.017884
0 0.694336 0.491058 0.007812 0.016393
0 0.696777 0.476900 0.008789 0.014903
0 0.712402 0.569300 0.006836 0.017884
0 0.686523 0.606557 0.005859 0.008942
0 0.687012 0.628167 0.006836 0.016393
0 0.687500 0.640835 0.009766 0.017884
0 0.767578 0.580477 0.005859 0.019374
0 0.761719 0.526080 0.009766 0.020864
0 0.369141 0.736215 0.011719 0.020864
0 0.109375 0.688525 0.009766 0.020864
0 0.123047 0.726528 0.011719 0.022355
0 0.136230 0.715350 0.008789 0.005961
0 0.143066 0.740686 0.010742 0.023845
0 0.168945 0.774963 0.011719 0.020864
0 0.183594 0.748137 0.009766 0.020864
0 0.245605 0.723547 0.008789 0.019374
0 0.256836 0.741431 0.011719 0.022355
0 0.282715 0.716841 0.008789 0.014903
0 0.273926 0.774963 0.010742 0.020864
0 0.270996 0.851714 0.010742 0.025335
0 0.293457 0.865872 0.008789 0.017884
0 0.262207 0.910581 0.012695 0.023845
0 0.229004 0.900894 0.012695 0.022355
0 0.225586 0.877049 0.009766 0.016393
0 0.254395 0.829359 0.010742 0.022355
0 0.244141 0.791356 0.009766 0.020864
0 0.213867 0.774218 0.009766 0.022355
0 0.200195 0.786885 0.009766 0.017884
0 0.229004 0.815946 0.008789 0.016393
0 0.199707 0.839791 0.010742 0.025335
0 0.172852 0.830849 0.009766 0.022355
0 0.154785 0.809240 0.006836 0.020864
0 0.120605 0.797317 0.008789 0.023845
0 0.136719 0.831595 0.005859 0.017884
0 0.118652 0.839791 0.008789 0.019374
0 0.140625 0.817437 0.005859 0.019374
0 0.152832 0.867362 0.008789 0.020864
0 0.188477 0.890462 0.009766 0.025335
0 0.198730 0.922504 0.004883 0.014903
0 0.156250 0.929210 0.009766 0.025335
0 0.136719 0.918778 0.007812 0.016393
0 0.104980 0.878539 0.008789 0.025335
0 0.066895 0.893443 0.008789 0.022355
0 0.081543 0.925484 0.006836 0.029806
0 0.120117 0.904620 0.007812 0.020864
0 0.070312 0.948584 0.009766 0.019374
0 0.113281 0.952310 0.009766 0.020864
0 0.092773 0.979881 0.005859 0.019374
0 0.060059 0.825633 0.008789 0.023845
0 0.045898 0.760805 0.007812 0.016393
0 0.047852 0.865127 0.005859 0.016393
0 0.173340 0.974665 0.006836 0.017884
0 0.183105 0.946349 0.008789 0.014903
0 0.230957 0.967958 0.012695 0.028316
0 0.220215 0.936662 0.010742 0.022355
0 0.281738 0.985097 0.008789 0.020864
0 0.292480 0.949329 0.008789 0.017884
0 0.320312 0.935917 0.011719 0.020864
0 0.331055 0.981371 0.013672 0.028316
0 0.379395 0.977645 0.012695 0.017884
0 0.413574 0.974665 0.010742 0.014903
0 0.430176 0.938897 0.008789 0.023845
0 0.499512 0.973920 0.010742 0.028316
0 0.505859 0.953800 0.013672 0.020864
0 0.595215 0.979881 0.014648 0.031297
0 0.629883 0.985097 0.011719 0.023845
0 0.691895 0.984352 0.008789 0.022355
0 0.716797 0.959016 0.011719 0.022355
0 0.766602 0.979136 0.011719 0.026826
0 0.761230 0.953055 0.012695 0.016393
0 0.784668 0.948584 0.010742 0.022355
0 0.798828 0.904620 0.009766 0.014903
0 0.802734 0.810730 0.011719 0.020864
0 0.817383 0.771237 0.011719 0.016393
0 0.802734 0.749627 0.007812 0.020864
0 0.811035 0.716841 0.006836 0.020864
0 0.804199 0.652757 0.008789 0.020864
0 0.827637 0.657228 0.008789 0.020864
0 0.771973 0.005961 0.004883 0.005961
0 0.776367 0.018629 0.001953 0.004471
0 0.782715 0.014158 0.002930 0.004471
0 0.785645 0.005961 0.002930 0.002981
0 0.793945 0.014903 0.003906 0.008942
0 0.800781 0.008197 0.001953 0.004471
0 0.805176 0.015648 0.002930 0.007452
0 0.799805 0.027571 0.003906 0.007452
0 0.789062 0.027571 0.003906 0.007452
0 0.783691 0.044709 0.004883 0.008942
0 0.792480 0.052161 0.002930 0.005961
0 0.816406 0.031297 0.003906 0.005961
0 0.825684 0.008942 0.002930 0.005961
0 0.833984 0.014903 0.003906 0.008942
0 0.837891 0.017884 0.003906 0.008942
0 0.841797 0.023845 0.003906 0.005961
0 0.831055 0.046945 0.003906 0.007452
0 0.853516 0.045455 0.005859 0.010432
0 0.846680 0.050671 0.005859 0.008942
0 0.863281 0.039493 0.003906 0.007452
0 0.862305 0.023845 0.003906 0.008942
0 0.858887 0.011177 0.002930 0.010432
0 0.848145 0.005961 0.002930 0.005961
0 0.864258 0.010432 0.005859 0.008942
0 0.875488 0.023845 0.004883 0.011923
0 0.875488 0.014903 0.004883 0.008942
0 0.881348 0.006706 0.004883 0.001490
0 0.892090 0.024590 0.004883 0.007452
0 0.896973 0.014903 0.004883 0.008942
0 0.902344 0.007452 0.005859 0.008942
0 0.909668 0.019374 0.002930 0.005961
0 0.902344 0.038748 0.003906 0.008942
0 0.882812 0.040984 0.003906 0.010432
0 0.887207 0.031297 0.002930 0.005961
0 0.904785 0.029806 0.004883 0.005961
0 0.925781 0.038748 0.003906 0.008942
0 0.929199 0.027571 0.004883 0.007452
0 0.942383 0.023100 0.005859 0.010432
0 0.954590 0.017139 0.004883 0.007452
0 0.963867 0.008942 0.005859 0.008942
0 0.966797 0.023100 0.003906 0.007452
0 0.971191 0.013413 0.004883 0.002981
0 0.974609 0.022355 0.003906 0.005961
0 0.982422 0.014158 0.003906 0.007452
0 0.986328 0.005961 0.003906 0.005961
0 0.974121 0.032042 0.002930 0.007452
0 0.985352 0.035022 0.005859 0.010432
0 0.960449 0.030551 0.004883 0.010432
0 0.977539 0.054396 0.003906 0.004471
0 0.965820 0.045455 0.003906 0.007452
0 0.951660 0.049180 0.004883 0.005961
0 0.961914 0.064829 0.005859 0.007452
0 0.981445 0.059613 0.003906 0.005961
0 0.987793 0.072280 0.002930 0.007452
0 0.992188 0.041729 0.003906 0.005961
0 0.995605 0.021610 0.004883 0.010432
0 0.997070 0.101341 0.005859 0.011923
0 0.986328 0.117735 0.005859 0.011923
0 0.967773 0.076006 0.003906 0.011923
0 0.981445 0.082712 0.003906 0.007452
0 0.967773 0.098361 0.005859 0.008942
0 0.961426 0.092399 0.004883 0.008942
0 0.951172 0.099106 0.005859 0.010432
0 0.956055 0.074516 0.003906 0.008942
0 0.947266 0.082712 0.003906 0.007452
0 0.927246 0.056632 0.004883 0.005961
0 0.952148 0.114754 0.005859 0.008942
0 0.958984 0.119225 0.005859 0.011923
0 0.943359 0.107303 0.005859 0.008942
0 0.935547 0.109538 0.005859 0.010432
0 0.929199 0.120715 0.006836 0.011923
0 0.928223 0.104322 0.004883 0.011923
0 0.929199 0.093890 0.006836 0.011923
0 0.919922 0.107303 0.005859 0.008942
0 0.913086 0.100596 0.003906 0.010432
0 0.908203 0.114009 0.003906 0.010432
0 0.906738 0.106557 0.006836 0.010432
0 0.907227 0.092399 0.005859 0.005961
0 0.915039 0.076006 0.005859 0.008942
0 0.926270 0.069300 0.004883 0.007452
0 0.911621 0.064083 0.004883 0.008942
0 0.902344 0.058122 0.003906 0.008942
0 0.903320 0.078987 0.005859 0.011923
0 0.895996 0.100596 0.004883 0.010432
0 0.894531 0.111028 0.005859 0.010432
0 0.887695 0.068554 0.005859 0.008942
0 0.884766 0.079732 0.005859 0.013413
0 0.861816 0.102086 0.004883 0.010432
0 0.854492 0.073770 0.003906 0.010432
0 0.860840 0.070790 0.006836 0.010432
0 0.862305 0.061103 0.005859 0.008942
0 0.845215 0.067809 0.004883 0.010432
0 0.840820 0.078987 0.003906 0.008942
0 0.833496 0.064083 0.002930 0.005961
0 0.821289 0.074516 0.007812 0.008942
0 0.805664 0.090909 0.005859 0.011923
0 0.802246 0.082712 0.004883 0.010432
0 0.794922 0.077496 0.003906 0.008942
0 0.787109 0.081967 0.005859 0.011923
0 0.790039 0.068554 0.005859 0.011923
0 0.809082 0.011923 0.002930 0.008942
0 0.822754 0.093145 0.006836 0.010432
0 0.848145 0.086438 0.004883 0.005961
0 0.841797 0.105812 0.005859 0.008942
0 0.847168 0.102832 0.004883 0.008942
0 0.835938 0.116244 0.003906 0.005961
0 0.819336 0.108793 0.005859 0.011923
0 0.806152 0.108048 0.004883 0.010432
0 0.803711 0.122206 0.003906 0.008942
0 0.798828 0.115499 0.005859 0.007452
0 0.798828 0.102086 0.005859 0.010432
0 0.781250 0.109538 0.003906 0.010432
0 0.775391 0.105067 0.005859 0.010432
0 0.772461 0.096870 0.003906 0.011923
0 0.778320 0.122206 0.003906 0.008942
0 0.784668 0.136364 0.004883 0.010432
0 0.792969 0.140089 0.003906 0.005961
0 0.791016 0.149031 0.003906 0.008942
0 0.802246 0.163189 0.004883 0.010432
0 0.811035 0.171386 0.006836 0.011923
0 0.789551 0.184799 0.006836 0.014903
0 0.788574 0.166915 0.006836 0.011923
0 0.830078 0.144560 0.009766 0.011923
0 0.843750 0.137854 0.005859 0.010432
0 0.839844 0.126677 0.005859 0.008942
0 0.850586 0.117735 0.005859 0.008942
0 0.871094 0.116244 0.005859 0.005961
0 0.871582 0.135618 0.006836 0.011923
0 0.871582 0.163189 0.006836 0.013413
0 0.853027 0.140835 0.004883 0.010432
0 0.840820 0.183308 0.007812 0.011923
0 0.834961 0.166915 0.005859 0.011923
0 0.840820 0.159463 0.003906 0.008942
0 0.898926 0.151267 0.004883 0.010432
0 0.897461 0.137109 0.005859 0.011923
0 0.912598 0.134873 0.006836 0.010432
0 0.930176 0.141580 0.004883 0.008942
0 0.920410 0.155738 0.004883 0.010432
0 0.908203 0.165425 0.003906 0.008942
0 0.915039 0.178838 0.005859 0.011923
0 0.926270 0.183308 0.004883 0.008942
0 0.931152 0.172131 0.004883 0.010432
0 0.940430 0.160954 0.003906 0.008942
0 0.939941 0.179583 0.004883 0.010432
0 0.958984 0.191505 0.005859 0.010432
0 0.957520 0.155738 0.004883 0.010432
0 0.945312 0.149776 0.005859 0.010432
0 0.953125 0.143070 0.003906 0.008942
0 0.951660 0.134128 0.004883 0.011923
0 0.972656 0.146051 0.005859 0.011923
0 0.980469 0.129657 0.005859 0.011923
0 0.981934 0.160209 0.006836 0.013413
0 0.991211 0.145306 0.005859 0.013413
0 0.994629 0.164680 0.004883 0.013413
0 0.979004 0.179583 0.004883 0.010432
0 0.980469 0.192996 0.003906 0.010432
0 0.995117 0.201192 0.003906 0.011923
0 0.975098 0.218331 0.006836 0.013413
0 0.958984 0.214605 0.005859 0.014903
0 0.943848 0.201937 0.006836 0.010432
0 0.934570 0.193741 0.005859 0.011923
0 0.923828 0.210879 0.007812 0.013413
0 0.925781 0.227273 0.005859 0.016393
0 0.943359 0.228763 0.005859 0.010432
0 0.953613 0.245156 0.006836 0.016393
0 0.978516 0.264531 0.005859 0.010432
0 0.989258 0.272727 0.005859 0.011923
0 0.995117 0.246647 0.005859 0.019374
0 0.979492 0.304024 0.009766 0.014903
0 0.975586 0.290611 0.003906 0.011923
0 0.957520 0.283159 0.006836 0.011923
0 0.964355 0.269747 0.006836 0.014903
0 0.946777 0.254098 0.006836 0.013413
0 0.938965 0.271237 0.006836 0.011923
0 0.930664 0.263785 0.005859 0.011923
0 0.930176 0.244411 0.006836 0.008942
0 0.917969 0.262295 0.005859 0.011923
0 0.902344 0.259314 0.005859 0.011923
0 0.903320 0.242921 0.005859 0.011923
0 0.893555 0.215350 0.007812 0.016393
0 0.911133 0.208644 0.005859 0.011923
0 0.875488 0.241431 0.004883 0.011923
0 0.886719 0.254098 0.005859 0.010432
0 0.868164 0.228018 0.003906 0.008942
0 0.846191 0.219076 0.004883 0.008942
0 0.856445 0.216841 0.005859 0.010432
0 0.838379 0.206408 0.006836 0.010432
0 0.812500 0.199702 0.005859 0.011923
0 0.814453 0.184054 0.003906 0.004471
0 0.817871 0.218331 0.004883 0.010432
0 0.786621 0.222057 0.006836 0.014903
0 0.785156 0.239940 0.005859 0.011923
0 0.779297 0.254844 0.007812 0.011923
0 0.796875 0.256334 0.005859 0.011923
0 0.802734 0.245156 0.005859 0.010432
0 0.827637 0.231744 0.006836 0.010432
0 0.832031 0.242921 0.005859 0.011923
0 0.861328 0.257824 0.005859 0.011923
0 0.867188 0.247392 0.003906 0.008942
0 0.861328 0.232489 0.005859 0.011923
0 0.880859 0.271237 0.003906 0.011923
0 0.872070 0.269747 0.005859 0.014903
0 0.868164 0.283905 0.003906 0.010432
0 0.857910 0.292846 0.006836 0.013413
0 0.843750 0.305514 0.007812 0.011923
0 0.844727 0.276453 0.007812 0.013413
0 0.833008 0.262295 0.005859 0.008942
0 0.826660 0.292101 0.006836 0.011923
0 0.831543 0.302534 0.006836 0.014903
0 0.861328 0.189270 0.009766 0.011923
0 0.877441 0.299553 0.004883 0.011923
0 0.884277 0.287630 0.004883 0.005961
0 0.895508 0.293592 0.003906 0.008942
0 0.918457 0.299553 0.008789 0.017884
0 0.921387 0.280924 0.004883 0.010432
0 0.931641 0.321162 0.005859 0.007452
0 0.940918 0.307750 0.006836 0.013413
0 0.951172 0.304024 0.005859 0.008942
0 0.960449 0.321162 0.002930 0.013413
0 0.950684 0.336811 0.004883 0.008942
0 0.973633 0.351714 0.005859 0.014903
0 0.986328 0.354694 0.007812 0.011923
0 0.983398 0.328614 0.007812 0.010432
0 0.995117 0.369598 0.003906 0.011923
0 0.977051 0.384501 0.006836 0.011923
0 0.985352 0.399404 0.003906 0.011923
0 0.985352 0.417288 0.005859 0.011923
0 0.993652 0.459762 0.006836 0.016393
0 0.983398 0.461252 0.005859 0.007452
0 0.991699 0.493294 0.006836 0.008942
0 0.995605 0.511177 0.006836 0.014903
0 0.995605 0.530551 0.008789 0.017884
0 0.962402 0.532042 0.006836 0.014903
0 0.970703 0.488823 0.009766 0.011923
0 0.953613 0.475410 0.008789 0.011923
0 0.952148 0.459762 0.007812 0.013413
0 0.960938 0.450820 0.007812 0.013413
0 0.973145 0.432191 0.006836 0.011923
0 0.952148 0.425484 0.007812 0.016393
0 0.931152 0.445604 0.006836 0.017884
0 0.926270 0.491058 0.004883 0.016393
0 0.934082 0.507452 0.008789 0.019374
0 0.946289 0.520119 0.007812 0.011923
0 0.928711 0.538003 0.005859 0.008942
0 0.900391 0.535022 0.007812 0.014903
0 0.911621 0.502235 0.006836 0.014903
0 0.905273 0.480626 0.007812 0.016393
0 0.919922 0.473174 0.009766 0.016393
0 0.907715 0.441878 0.008789 0.019374
0 0.921387 0.429955 0.008789 0.016393
0 0.932617 0.417288 0.007812 0.017884
0 0.930176 0.398659 0.006836 0.010432
0 0.958984 0.398659 0.005859 0.013413
0 0.959961 0.385246 0.005859 0.010432
0 0.956543 0.366617 0.008789 0.011923
0 0.953125 0.355440 0.005859 0.010432
0 0.922363 0.344262 0.006836 0.011923
0 0.939941 0.333830 0.008789 0.017884
0 0.920898 0.321908 0.007812 0.014903
0 0.895996 0.312966 0.006836 0.011923
0 0.902344 0.340537 0.007812 0.013413
0 0.913574 0.344262 0.006836 0.014903
0 0.917480 0.378539 0.006836 0.011923
0 0.909180 0.388227 0.007812 0.010432
0 0.899902 0.370343 0.006836 0.016393
0 0.889648 0.362891 0.007812 0.016393
0 0.885742 0.345753 0.007812 0.014903
0 0.877930 0.327124 0.007812 0.016393
0 0.894043 0.431446 0.006836 0.016393
0 0.880859 0.459762 0.007812 0.016393
0 0.896484 0.464978 0.007812 0.017884
0 0.902344 0.511177 0.005859 0.014903
0 0.874512 0.517139 0.008789 0.017884
0 0.871094 0.545455 0.009766 0.014903
0 0.854004 0.529806 0.008789 0.019374
0 0.865234 0.503726 0.009766 0.017884
0 0.848145 0.491803 0.008789 0.014903
0 0.857422 0.472429 0.007812 0.014903
0 0.848633 0.458271 0.007812 0.016393
0 0.866211 0.443368 0.007812 0.016393
0 0.876953 0.430700 0.007812 0.014903
0 0.875000 0.400149 0.007812 0.016393
0 0.874023 0.377794 0.007812 0.019374
0 0.863281 0.372578 0.007812 0.017884
0 0.862793 0.344262 0.006836 0.011923
0 0.866699 0.323398 0.006836 0.014903
0 0.846680 0.336066 0.007812 0.013413
0 0.845703 0.318927 0.007812 0.017884
0 0.840820 0.364382 0.007812 0.016393
0 0.836914 0.384501 0.009766 0.023845
0 0.834473 0.415052 0.006836 0.016393
0 0.833496 0.403875 0.008789 0.011923
0 0.823242 0.377794 0.007812 0.016393
0 0.835449 0.438897 0.008789 0.019374
0 0.854004 0.435171 0.006836 0.017884
0 0.862305 0.393443 0.007812 0.014903
0 0.837891 0.469449 0.007812 0.011923
0 0.821289 0.469449 0.007812 0.014903
0 0.817871 0.491058 0.006836 0.016393
0 0.819824 0.500745 0.006836 0.014903
0 0.827148 0.529061 0.003906 0.017884
0 0.827637 0.514158 0.008789 0.014903
0 0.841797 0.519374 0.007812 0.019374
0 0.802734 0.472429 0.009766 0.014903
0 0.812500 0.467213 0.007812 0.013413
0 0.815918 0.449329 0.006836 0.016393
0 0.804688 0.427720 0.005859 0.011923
0 0.795898 0.404620 0.007812 0.013413
0 0.776855 0.414307 0.010742 0.017884
0 0.786133 0.380030 0.007812 0.014903
0 0.798340 0.385246 0.006836 0.013413
0 0.795410 0.363636 0.008789 0.011923
0 0.824219 0.353204 0.007812 0.014903
0 0.819336 0.324888 0.007812 0.014903
0 0.802246 0.344262 0.008789 0.011923
0 0.798828 0.327869 0.005859 0.014903
0 0.785156 0.336811 0.007812 0.014903
0 0.780273 0.307004 0.007812 0.011923
0 0.782715 0.289121 0.008789 0.011923
0 0.799805 0.309240 0.007812 0.016393
0 0.805664 0.282414 0.007812 0.013413
0 0.761719 0.338301 0.005859 0.014903
0 0.879883 0.128167 0.005859 0.014903
0 0.740723 0.567809 0.006836 0.017884
0 0.772949 0.614754 0.008789 0.016393
0 0.825195 0.609538 0.005859 0.011923
0 0.831055 0.590164 0.007812 0.014903
0 0.832031 0.555142 0.005859 0.016393
0 0.794922 0.563338 0.005859 0.014903
0 0.895020 0.557377 0.006836 0.011923
0 0.911621 0.560358 0.006836 0.014903
0 0.904297 0.579732 0.009766 0.020864
0 0.952637 0.580477 0.008789 0.016393
0 0.976074 0.560358 0.006836 0.014903
0 0.983398 0.588674 0.007812 0.020864
0 0.971191 0.640835 0.012695 0.020864
0 0.963379 0.608793 0.008789 0.013413
0 0.944824 0.608048 0.008789 0.014903
0 0.936523 0.667660 0.007812 0.020864
0 0.979980 0.677347 0.008789 0.019374
0 0.993652 0.657228 0.006836 0.017884
0 0.984863 0.692996 0.008789 0.017884
0 0.951660 0.696721 0.010742 0.019374
0 0.920898 0.684799 0.009766 0.016393
0 0.896484 0.677347 0.011719 0.019374
0 0.871094 0.669151 0.009766 0.020864
0 0.854004 0.657973 0.010742 0.022355
0 0.848145 0.623696 0.010742 0.019374
0 0.887695 0.620715 0.009766 0.016393
0 0.879395 0.605812 0.008789 0.016393
0 0.878418 0.582712 0.008789 0.017884
0 0.916504 0.645306 0.010742 0.020864
0 0.878418 0.701192 0.010742 0.022355
0 0.922852 0.759314 0.009766 0.019374
0 0.908691 0.728018 0.006836 0.019374
0 0.901367 0.707899 0.011719 0.020864
0 0.954590 0.725037 0.008789 0.016393
0 0.966797 0.737705 0.009766 0.020864
0 0.995605 0.775708 0.006836 0.016393
0 0.993164 0.751118 0.007812 0.017884
0 0.971680 0.770492 0.009766 0.017884
0 0.965820 0.805514 0.011719 0.025335
0 0.991699 0.824143 0.008789 0.023845
0 0.965332 0.865127 0.008789 0.022355
0 0.937500 0.897914 0.009766 0.019374
0 0.920410 0.836811 0.010742 0.022355
0 0.865723 0.745156 0.010742 0.020864
0 0.862793 0.760805 0.010742 0.022355
0 0.856934 0.795082 0.010742 0.025335
0 0.835938 0.739195 0.009766 0.020864
0 0.848145 0.715350 0.008789 0.017884
0 0.852051 0.833085 0.008789 0.020864
0 0.862793 0.852459 0.010742 0.023845
0 0.932617 0.923994 0.011719 0.020864
0 0.903320 0.956781 0.009766 0.023845
0 0.879883 0.919523 0.011719 0.026826
0 0.839355 0.938152 0.010742 0.022355
0 0.812012 0.913562 0.010742 0.020864
0 0.928223 0.588674 0.010742 0.014903
0 0.862305 0.609538 0.009766 0.011923
0 0.943359 0.958271 0.013672 0.020864
0 0.979004 0.963487 0.008789 0.019374
0 0.025391 0.840537 0.009766 0.017884
0 0.028809 0.918778 0.008789 0.022355
0 0.024902 0.871833 0.010742 0.023845
0 0.020996 0.963487 0.012695 0.022355
0 0.639160 0.589419 0.008789 0.022355
0 0.842773 0.686289 0.007812 0.022355
0 0.555176 0.397168 0.006836 0.013413
0 0.945312 0.792101 0.009766 0.016393
0 0.162109 0.693741 0.007812 0.019374
0 0.116699 0.704918 0.010742 0.023845
0 0.371094 0.562593 0.009766 0.022355
0 0.354492 0.359911 0.005859 0.010432
0 0.353516 0.345007 0.005859 0.010432
0 0.412598 0.526080 0.004883 0.011923
0 0.413574 0.543964 0.006836 0.017884
0 0.501465 0.561848 0.006836 0.017884
0 0.522461 0.751118 0.009766 0.014903
0 0.424316 0.740686 0.008789 0.020864
0 0.410156 0.743666 0.007812 0.020864
0 0.541016 0.740686 0.009766 0.023845
0 0.202148 0.466468 0.007812 0.014903
0 0.179688 0.429955 0.007812 0.016393
0 0.170898 0.442623 0.005859 0.011923
0 0.152344 0.443368 0.007812 0.016393
0 0.164062 0.415797 0.007812 0.014903
0 0.162109 0.403875 0.005859 0.008942
0 0.154297 0.385991 0.005859 0.011923
0 0.190918 0.406110 0.008789 0.016393
0 0.206543 0.426975 0.006836 0.013413
0 0.174805 0.379285 0.005859 0.013413
0 0.160645 0.375559 0.004883 0.011923
0 0.167480 0.365127 0.006836 0.011923
0 0.192383 0.365872 0.007812 0.016393
0 0.204102 0.380775 0.005859 0.013413
0 0.224121 0.391952 0.006836 0.011923
0 0.219727 0.411326 0.005859 0.011923
0 0.227051 0.440387 0.006836 0.013413
0 0.241699 0.451565 0.008789 0.011923
0 0.257324 0.424739 0.004883 0.008942
0 0.238281 0.385246 0.007812 0.016393
0 0.238281 0.361401 0.005859 0.010432
0 0.229492 0.341282 0.007812 0.011923
0 0.217773 0.371833 0.005859 0.010432
0 0.203613 0.335320 0.006836 0.014903
0 0.196777 0.345007 0.006836 0.013413
0 0.193359 0.327869 0.007812 0.011923
0 0.242188 0.327869 0.005859 0.008942
0 0.254883 0.363636 0.007812 0.008942
0 0.254395 0.339791 0.006836 0.011923
0 0.267578 0.364382 0.007812 0.016393
0 0.276367 0.333830 0.005859 0.011923
