0 0.043457 0.221410 0.086914 0.155585
0 0.114746 0.310505 0.041992 0.073138
0 0.142090 0.318484 0.032227 0.065160
0 0.192383 0.322473 0.060547 0.097074
0 0.221680 0.340426 0.021484 0.039894
0 0.255371 0.341755 0.024414 0.053191
0 0.281250 0.339096 0.046875 0.066489
0 0.334961 0.248005 0.095703 0.176862
0 0.430664 0.348404 0.062500 0.114362
0 0.508301 0.366356 0.065430 0.073138
0 0.554688 0.288564 0.091797 0.159574
0 0.635254 0.316489 0.036133 0.058511
0 0.633789 0.357048 0.039062 0.081117
0 0.767090 0.337101 0.077148 0.142287
0 0.845215 0.369016 0.063477 0.115691
0 0.950684 0.362367 0.045898 0.094415
0 0.980957 0.389628 0.038086 0.090426
0 0.995117 0.288564 0.009766 0.015957
