0 0.026855 0.470052 0.008789 0.020833
0 0.045410 0.454427 0.020508 0.031250
0 0.082031 0.466146 0.013672 0.028646
0 0.087402 0.431641 0.020508 0.045573
0 0.072754 0.595052 0.012695 0.023438
0 0.206543 0.461589 0.016602 0.032552
0 0.326172 0.456380 0.019531 0.037760
0 0.410645 0.444010 0.020508 0.036458
0 0.245605 0.475260 0.020508 0.033854
0 0.568359 0.468099 0.027344 0.045573
0 0.665039 0.479167 0.019531 0.039062
0 0.699707 0.455729 0.012695 0.028646
0 0.749023 0.468099 0.009766 0.014323
0 0.834961 0.432292 0.029297 0.052083
0 0.881348 0.406901 0.024414 0.037760
0 0.910156 0.444661 0.017578 0.029948
0 0.953613 0.449870 0.012695 0.027344
0 0.973633 0.447917 0.011719 0.023438
