0 0.074707 0.296188 0.018555 0.035191
0 0.137207 0.265396 0.012695 0.020528
0 0.228516 0.307185 0.017578 0.024927
0 0.223145 0.259531 0.012695 0.020528
0 0.200684 0.244135 0.006836 0.013196
0 0.232422 0.232405 0.007812 0.010264
0 0.266602 0.256598 0.009766 0.017595
0 0.320312 0.280059 0.011719 0.017595
0 0.310547 0.321848 0.019531 0.030792
0 0.319336 0.363636 0.029297 0.049853
0 0.297852 0.459677 0.044922 0.086510
0 0.127441 0.403226 0.041992 0.061584
0 0.013672 0.371701 0.027344 0.063050
0 0.029297 0.461877 0.058594 0.114370
0 0.371582 0.303519 0.014648 0.026393
0 0.384277 0.277126 0.010742 0.017595
0 0.361328 0.269062 0.009766 0.016129
0 0.416504 0.313783 0.018555 0.035191
0 0.436035 0.289589 0.012695 0.024927
0 0.424805 0.280792 0.007812 0.013196
0 0.423828 0.254399 0.005859 0.010264
0 0.458984 0.281525 0.011719 0.023460
0 0.478027 0.276393 0.006836 0.013196
0 0.490723 0.281525 0.012695 0.023460
0 0.510742 0.300587 0.013672 0.023460
0 0.527344 0.295455 0.013672 0.024927
0 0.554199 0.241202 0.008789 0.013196
0 0.520508 0.325513 0.019531 0.038123
0 0.515625 0.393695 0.033203 0.063050
0 0.457520 0.362170 0.030273 0.052786
0 0.345215 0.422287 0.034180 0.067449
0 0.218750 0.638563 0.083984 0.124633
0 0.492676 0.615103 0.065430 0.118768
0 0.559570 0.415689 0.021484 0.042522
0 0.570312 0.323314 0.015625 0.033724
0 0.613281 0.280059 0.011719 0.023460
0 0.636719 0.329912 0.017578 0.029326
0 0.667480 0.299853 0.012695 0.021994
0 0.653809 0.282991 0.006836 0.014663
0 0.680176 0.281525 0.010742 0.020528
0 0.683105 0.346774 0.026367 0.051320
0 0.726562 0.299853 0.017578 0.033724
0 0.693359 0.266862 0.005859 0.014663
0 0.699707 0.283724 0.010742 0.016129
0 0.796875 0.293255 0.015625 0.026393
0 0.777832 0.253666 0.006836 0.011730
0 0.777832 0.272727 0.006836 0.014663
0 0.790039 0.271261 0.007812 0.014663
0 0.845215 0.280059 0.010742 0.017595
0 0.860840 0.277126 0.008789 0.017595
0 0.798828 0.335777 0.027344 0.052786
0 0.816895 0.334311 0.020508 0.038123
0 0.900879 0.356305 0.032227 0.052786
0 0.912109 0.323314 0.023438 0.036657
0 0.714355 0.451613 0.067383 0.099707
0 0.878906 0.496334 0.052734 0.109971
0 0.006348 0.315982 0.012695 0.039589
0 0.207520 0.371701 0.022461 0.048387
