0 0.184570 0.250958 0.007812 0.008429
0 0.308105 0.373180 0.010742 0.010728
0 0.289062 0.250192 0.007812 0.006897
0 0.271973 0.260536 0.010742 0.007663
0 0.257812 0.251341 0.007812 0.007663
0 0.278809 0.240613 0.006836 0.006130
0 0.606445 0.388506 0.015625 0.012261
0 0.586914 0.313410 0.007812 0.009195
0 0.569824 0.295402 0.008789 0.009962
0 0.533203 0.301149 0.009766 0.010728
0 0.526367 0.288889 0.007812 0.007663
0 0.618164 0.252874 0.009766 0.010728
0 0.634766 0.273180 0.011719 0.013027
0 0.646973 0.298851 0.012695 0.013793
0 0.695801 0.307663 0.016602 0.014559
0 0.727539 0.308812 0.015625 0.013793
0 0.744629 0.276628 0.008789 0.010728
0 0.763672 0.271264 0.009766 0.009195
0 0.756836 0.259004 0.009766 0.010728
0 0.769531 0.253640 0.009766 0.007663
0 0.739258 0.247510 0.009766 0.009195
0 0.715820 0.251724 0.007812 0.006897
0 0.704102 0.254023 0.007812 0.009962
0 0.681152 0.253640 0.010742 0.009195
0 0.708984 0.272031 0.009766 0.010728
0 0.767578 0.236398 0.009766 0.006897
0 0.759766 0.224521 0.005859 0.007663
0 0.782715 0.266284 0.010742 0.011494
0 0.794922 0.279693 0.007812 0.006130
0 0.790039 0.292720 0.005859 0.007663
0 0.801758 0.294253 0.005859 0.006130
0 0.815918 0.288123 0.012695 0.012261
0 0.828125 0.258238 0.007812 0.010728
0 0.798828 0.257854 0.005859 0.005364
0 0.856445 0.257088 0.009766 0.009962
0 0.879395 0.262835 0.006836 0.007663
0 0.895508 0.259770 0.005859 0.007663
0 0.884277 0.250575 0.006836 0.007663
0 0.851074 0.300000 0.010742 0.011494
0 0.819336 0.301916 0.007812 0.009195
0 0.908203 0.301149 0.007812 0.010728
0 0.894531 0.293487 0.007812 0.010728
0 0.924316 0.306513 0.010742 0.013793
0 0.945312 0.295019 0.011719 0.012261
0 0.961914 0.318008 0.007812 0.010728
0 0.911621 0.326820 0.010742 0.011494
0 0.887695 0.340613 0.011719 0.013027
0 0.840332 0.315709 0.008789 0.009195
0 0.933105 0.452490 0.014648 0.014559
0 0.957031 0.453257 0.009766 0.013027
0 0.930176 0.440230 0.014648 0.013027
0 0.888672 0.450192 0.013672 0.017625
0 0.867676 0.444444 0.012695 0.013793
0 0.706055 0.417625 0.019531 0.018391
0 0.924805 0.287356 0.007812 0.007663
0 0.965332 0.281992 0.008789 0.010728
0 0.864258 0.226054 0.007812 0.006130
0 0.827637 0.230268 0.006836 0.008429
0 0.844727 0.244444 0.007812 0.007663
0 0.825195 0.215326 0.005859 0.006130
0 0.774902 0.219923 0.006836 0.006130
0 0.689941 0.246360 0.008789 0.009962
0 0.993164 0.313027 0.013672 0.020690
0 0.049316 0.974713 0.032227 0.024521
0 0.377441 0.964751 0.028320 0.033716
0 0.956055 0.976245 0.029297 0.033716
0 0.927734 0.271648 0.007812 0.009962
0 0.951172 0.272414 0.007812 0.009962
0 0.984375 0.291188 0.011719 0.012261
0 0.913086 0.249042 0.007812 0.009195
0 0.859375 0.293870 0.009766 0.009962
0 0.902832 0.288506 0.008789 0.008429
0 0.922363 0.366667 0.012695 0.016092
0 0.022949 0.436782 0.014648 0.013793
0 0.071777 0.296935 0.014648 0.014559
0 0.063965 0.249425 0.016602 0.016092
0 0.300293 0.369732 0.012695 0.013027
0 0.010742 0.329119 0.015625 0.011494
0 0.016113 0.345594 0.010742 0.012261
0 0.026855 0.358238 0.012695 0.013027
0 0.022949 0.381992 0.008789 0.008429
0 0.074219 0.355939 0.007812 0.008429
0 0.048828 0.334866 0.009766 0.006130
0 0.117676 0.363985 0.012695 0.010728
0 0.128418 0.361303 0.012695 0.011494
0 0.207520 0.344828 0.010742 0.012261
0 0.188965 0.273946 0.008789 0.009962
0 0.216797 0.257471 0.007812 0.009195
0 0.235352 0.272414 0.009766 0.008429
0 0.282227 0.276245 0.009766 0.008429
0 0.311523 0.263985 0.009766 0.009962
0 0.171387 0.268199 0.006836 0.006130
0 0.221680 0.305747 0.005859 0.007663
0 0.282227 0.308429 0.007812 0.009962
0 0.348145 0.299234 0.010742 0.008429
0 0.330566 0.304981 0.008789 0.007663
0 0.372070 0.367816 0.009766 0.015326
0 0.393555 0.388123 0.009766 0.013027
0 0.425781 0.411877 0.013672 0.013027
0 0.489258 0.403065 0.015625 0.015326
0 0.539551 0.405364 0.014648 0.015326
0 0.499023 0.293870 0.009766 0.013027
0 0.446289 0.268966 0.009766 0.007663
0 0.475098 0.270498 0.012695 0.010728
0 0.499512 0.272414 0.010742 0.008429
0 0.474609 0.287356 0.011719 0.010728
0 0.497070 0.257471 0.009766 0.009195
0 0.508789 0.257088 0.009766 0.006897
0 0.529297 0.258621 0.007812 0.009962
0 0.542480 0.258621 0.010742 0.009962
0 0.543945 0.246743 0.009766 0.006130
0 0.446289 0.258621 0.011719 0.008429
0 0.470703 0.249808 0.009766 0.009195
0 0.202148 0.253640 0.009766 0.010728
