0 0.979492 0.408486 0.009766 0.021631
0 0.972656 0.377704 0.011719 0.023295
0 0.932617 0.362729 0.009766 0.016639
0 0.930664 0.384359 0.009766 0.016639
0 0.903320 0.368552 0.011719 0.024958
0 0.895996 0.373544 0.008789 0.021631
0 0.873047 0.373544 0.017578 0.031614
0 0.849609 0.369384 0.011719 0.019967
0 0.820801 0.358569 0.008789 0.018303
0 0.805176 0.396839 0.016602 0.034942
0 0.806641 0.356073 0.007812 0.013311
0 0.791992 0.348586 0.007812 0.014975
0 0.723633 0.406822 0.021484 0.044925
0 0.746582 0.351913 0.014648 0.031614
0 0.709473 0.347754 0.014648 0.026622
0 0.670898 0.379368 0.035156 0.076539
0 0.637695 0.345258 0.027344 0.058236
0 0.505371 0.249584 0.032227 0.079867
0 0.469238 0.312812 0.016602 0.033278
0 0.313477 0.321131 0.029297 0.059900
0 0.390625 0.245424 0.037109 0.074875
0 0.244141 0.250416 0.013672 0.031614
0 0.179688 0.215474 0.039062 0.074875
0 0.048340 0.193844 0.030273 0.058236
