0 0.110352 0.104790 0.005859 0.014970
0 0.144531 0.101048 0.005859 0.010479
0 0.159668 0.105539 0.006836 0.013473
0 0.123535 0.109281 0.006836 0.011976
0 0.075684 0.099551 0.006836 0.013473
0 0.177734 0.098802 0.005859 0.008982
0 0.199219 0.115269 0.005859 0.011976
0 0.230957 0.103293 0.006836 0.014970
0 0.212402 0.099551 0.004883 0.010479
0 0.240234 0.102545 0.005859 0.013473
0 0.280273 0.100299 0.005859 0.011976
0 0.255371 0.100299 0.006836 0.011976
0 0.291992 0.092814 0.005859 0.011976
0 0.314453 0.089072 0.005859 0.010479
0 0.335449 0.091317 0.006836 0.008982
0 0.350098 0.091317 0.004883 0.008982
0 0.374023 0.090569 0.005859 0.010479
0 0.394043 0.086826 0.004883 0.008982
0 0.409180 0.087575 0.005859 0.010479
0 0.460938 0.091317 0.005859 0.008982
0 0.491699 0.085329 0.006836 0.014970
0 0.518555 0.091317 0.005859 0.008982
0 0.531738 0.082335 0.006836 0.011976
0 0.551758 0.092814 0.005859 0.011976
0 0.579102 0.087575 0.005859 0.010479
0 0.596680 0.068862 0.009766 0.017964
0 0.648926 0.085329 0.008789 0.020958
0 0.663086 0.092814 0.005859 0.011976
0 0.676270 0.092814 0.004883 0.008982
0 0.701172 0.087575 0.011719 0.022455
0 0.712891 0.085329 0.011719 0.020958
0 0.741211 0.062126 0.011719 0.022455
0 0.778320 0.092066 0.005859 0.013473
0 0.796387 0.098054 0.008789 0.013473
0 0.808594 0.083084 0.007812 0.016467
0 0.823242 0.092066 0.009766 0.019461
0 0.824707 0.025449 0.008789 0.014970
0 0.843262 0.094311 0.012695 0.017964
0 0.869141 0.075599 0.015625 0.022455
0 0.889648 0.094311 0.011719 0.020958
0 0.927734 0.083832 0.011719 0.020958
0 0.962402 0.077096 0.012695 0.025449
