0 0.070801 0.487847 0.030273 0.065972
0 0.146973 0.534722 0.024414 0.055556
0 0.251953 0.499132 0.013672 0.043403
0 0.320312 0.485243 0.017578 0.036458
0 0.383789 0.493056 0.005859 0.013889
0 0.398926 0.496528 0.004883 0.013889
0 0.427246 0.498264 0.010742 0.034722
0 0.494141 0.506944 0.011719 0.031250
0 0.507324 0.514757 0.010742 0.026042
0 0.537109 0.521701 0.011719 0.026042
0 0.574707 0.510417 0.012695 0.031250
0 0.674316 0.508681 0.026367 0.069444
0 0.781250 0.509549 0.009766 0.022569
0 0.822754 0.492188 0.016602 0.029514
0 0.906250 0.585938 0.033203 0.081597
0 0.943359 0.523438 0.015625 0.039931
0 0.759277 0.514757 0.006836 0.019097
