0 0.206055 0.828216 0.017578 0.027778
0 0.264648 0.857456 0.021484 0.039474
0 0.154785 0.854532 0.020508 0.048246
0 0.064941 0.902778 0.012695 0.036550
0 0.095703 0.842105 0.021484 0.040936
0 0.127930 0.841374 0.011719 0.024854
0 0.120117 0.832602 0.007812 0.019006
0 0.125977 0.801901 0.015625 0.030702
0 0.188965 0.784357 0.016602 0.033626
0 0.217285 0.786550 0.012695 0.026316
0 0.203613 0.758041 0.010742 0.021930
0 0.081055 0.810673 0.017578 0.030702
0 0.056641 0.810673 0.017578 0.036550
0 0.020996 0.802632 0.012695 0.032164
0 0.020020 0.778509 0.012695 0.024854
0 0.070312 0.755848 0.009766 0.023392
0 0.065430 0.770468 0.007812 0.014620
0 0.047363 0.775585 0.010742 0.013158
0 0.095703 0.800439 0.007812 0.021930
0 0.133789 0.755848 0.007812 0.014620
0 0.126465 0.757310 0.006836 0.011696
0 0.164062 0.744152 0.011719 0.026316
0 0.127441 0.728070 0.012695 0.020468
0 0.095703 0.728801 0.007812 0.016082
0 0.088867 0.728070 0.005859 0.011696
0 0.103516 0.697368 0.007812 0.014620
0 0.129395 0.707602 0.004883 0.011696
0 0.123535 0.712719 0.004883 0.007310
0 0.165527 0.722953 0.008789 0.013158
0 0.173828 0.697368 0.011719 0.011696
0 0.147461 0.708333 0.007812 0.019006
0 0.071777 0.722953 0.004883 0.013158
0 0.067383 0.725877 0.003906 0.007310
0 0.060547 0.726608 0.007812 0.014620
0 0.175781 0.721491 0.007812 0.010234
0 0.212402 0.692982 0.008789 0.017544
0 0.143066 0.676901 0.004883 0.005848
0 0.173828 0.653509 0.005859 0.008772
0 0.151855 0.649123 0.006836 0.008772
0 0.112305 0.635234 0.003906 0.007310
0 0.126465 0.646199 0.004883 0.005848
0 0.128418 0.682749 0.006836 0.011696
0 0.135254 0.707602 0.004883 0.011696
0 0.110352 0.682749 0.005859 0.011696
0 0.103027 0.679094 0.004883 0.007310
0 0.083496 0.700292 0.006836 0.008772
0 0.079102 0.712719 0.007812 0.013158
0 0.046875 0.703216 0.005859 0.011696
0 0.039062 0.720760 0.007812 0.014620
0 0.065918 0.676170 0.004883 0.010234
0 0.011719 0.696637 0.003906 0.010234
0 0.156738 0.665205 0.004883 0.008772
0 0.183594 0.641813 0.003906 0.008772
0 0.079102 0.664474 0.003906 0.007310
0 0.048340 0.661550 0.002930 0.007310
0 0.086426 0.652778 0.004883 0.007310
0 0.062988 0.652778 0.002930 0.004386
0 0.013184 0.654971 0.006836 0.005848
0 0.020508 0.646199 0.005859 0.008772
0 0.010742 0.663743 0.003906 0.008772
0 0.126953 0.627924 0.003906 0.007310
0 0.237793 0.644737 0.002930 0.008772
0 0.246582 0.647661 0.002930 0.008772
0 0.233887 0.671053 0.006836 0.011696
0 0.238281 0.695175 0.009766 0.021930
0 0.237793 0.712719 0.010742 0.019006
0 0.248047 0.717836 0.007812 0.014620
0 0.180664 0.704678 0.007812 0.014620
0 0.183594 0.744883 0.005859 0.010234
0 0.169434 0.753655 0.010742 0.021930
0 0.131348 0.774123 0.010742 0.019006
0 0.111328 0.873538 0.025391 0.039474
0 0.234863 0.771930 0.014648 0.020468
0 0.243652 0.758041 0.012695 0.024854
0 0.228027 0.755117 0.012695 0.019006
0 0.246582 0.733918 0.006836 0.011696
0 0.251465 0.747807 0.012695 0.021930
0 0.258789 0.819444 0.017578 0.030702
0 0.268555 0.753655 0.011719 0.019006
0 0.288574 0.693713 0.008789 0.013158
0 0.278320 0.733918 0.005859 0.008772
0 0.285645 0.736111 0.006836 0.013158
0 0.298340 0.748538 0.010742 0.023392
0 0.308594 0.732456 0.009766 0.014620
0 0.308594 0.759503 0.011719 0.016082
0 0.296875 0.783626 0.009766 0.029240
0 0.288086 0.793860 0.007812 0.017544
0 0.333496 0.790936 0.012695 0.023392
0 0.338379 0.777047 0.012695 0.021930
0 0.320801 0.660819 0.008789 0.014620
0 0.307129 0.700292 0.004883 0.008772
0 0.313965 0.695906 0.004883 0.005848
0 0.322754 0.699561 0.008789 0.013158
0 0.339844 0.676170 0.007812 0.013158
0 0.362793 0.660819 0.006836 0.014620
0 0.360352 0.706871 0.007812 0.013158
0 0.365234 0.691520 0.005859 0.011696
0 0.341309 0.701754 0.006836 0.014620
0 0.347656 0.696637 0.007812 0.016082
0 0.368652 0.740497 0.014648 0.024854
0 0.365234 0.717836 0.009766 0.014620
0 0.343750 0.744152 0.009766 0.011696
0 0.359375 0.760965 0.007812 0.019006
0 0.335938 0.757310 0.009766 0.017544
0 0.327637 0.855994 0.022461 0.048246
0 0.407715 0.914474 0.024414 0.054094
0 0.342285 0.824561 0.010742 0.029240
0 0.394531 0.859649 0.009766 0.020468
0 0.526367 0.750000 0.009766 0.011696
0 0.520508 0.780702 0.009766 0.011696
0 0.571777 0.767544 0.004883 0.008772
0 0.577148 0.769006 0.007812 0.011696
0 0.554199 0.760965 0.004883 0.007310
0 0.594238 0.788743 0.008789 0.013158
0 0.539551 0.823099 0.006836 0.008772
0 0.546387 0.822368 0.006836 0.010234
0 0.557617 0.839181 0.013672 0.020468
0 0.575684 0.853070 0.010742 0.016082
0 0.591309 0.872076 0.012695 0.024854
0 0.614258 0.876462 0.013672 0.024854
0 0.647949 0.898392 0.014648 0.024854
0 0.668945 0.912281 0.013672 0.029240
0 0.695801 0.923246 0.014648 0.027778
0 0.602051 0.899854 0.010742 0.016082
0 0.918457 0.985380 0.018555 0.023392
0 0.744629 0.827485 0.020508 0.026316
0 0.799805 0.919591 0.015625 0.023392
0 0.985352 0.965643 0.017578 0.039474
0 0.934082 0.933480 0.014648 0.024854
0 0.897949 0.907895 0.014648 0.023392
0 0.955566 0.878655 0.014648 0.023392
0 0.994629 0.922515 0.006836 0.017544
0 0.997070 0.876462 0.003906 0.013158
0 0.988281 0.843567 0.011719 0.017544
0 0.974121 0.817982 0.010742 0.019006
0 0.952148 0.826023 0.011719 0.014620
0 0.918457 0.867690 0.012695 0.019006
0 0.874023 0.893275 0.015625 0.020468
0 0.901367 0.850146 0.011719 0.019006
0 0.927734 0.823830 0.009766 0.016082
0 0.972656 0.782164 0.007812 0.008772
0 0.967285 0.809942 0.004883 0.008772
0 0.907227 0.820175 0.007812 0.011696
0 0.920898 0.804825 0.007812 0.007310
0 0.846680 0.882310 0.013672 0.019006
0 0.850098 0.853801 0.010742 0.014620
0 0.871582 0.833333 0.010742 0.020468
0 0.860840 0.827485 0.008789 0.017544
0 0.882324 0.812865 0.008789 0.011696
0 0.904297 0.799708 0.005859 0.008772
0 0.869141 0.807018 0.007812 0.014620
0 0.824219 0.862573 0.013672 0.023392
0 0.789551 0.861111 0.012695 0.017544
0 0.820801 0.844298 0.010742 0.010234
0 0.828125 0.812135 0.007812 0.016082
0 0.855469 0.816520 0.007812 0.019006
0 0.843262 0.805556 0.008789 0.011696
0 0.864258 0.787281 0.005859 0.007310
0 0.880371 0.788743 0.006836 0.010234
0 0.925781 0.771930 0.005859 0.008772
0 0.775391 0.815789 0.009766 0.014620
0 0.688965 0.868421 0.012695 0.017544
0 0.808594 0.834064 0.009766 0.019006
0 0.795898 0.813596 0.007812 0.010234
0 0.783203 0.798246 0.009766 0.011696
0 0.759277 0.813596 0.006836 0.013158
0 0.730957 0.804825 0.006836 0.013158
0 0.719727 0.802632 0.009766 0.014620
0 0.713867 0.805556 0.005859 0.008772
0 0.710938 0.831871 0.011719 0.020468
0 0.701172 0.828947 0.009766 0.017544
0 0.664551 0.850146 0.012695 0.019006
0 0.646484 0.846491 0.011719 0.017544
0 0.617676 0.825292 0.008789 0.016082
0 0.609375 0.826754 0.009766 0.019006
0 0.645508 0.790205 0.007812 0.010234
0 0.636719 0.783626 0.007812 0.008772
0 0.625977 0.774854 0.003906 0.005848
0 0.647949 0.745614 0.006836 0.008772
0 0.585449 0.788012 0.006836 0.008772
0 0.666504 0.799708 0.006836 0.008772
0 0.675293 0.807749 0.006836 0.010234
0 0.702637 0.798977 0.008789 0.013158
0 0.687988 0.790205 0.006836 0.013158
0 0.675781 0.776316 0.005859 0.011696
0 0.705078 0.767544 0.005859 0.008772
0 0.715820 0.784357 0.005859 0.007310
0 0.720215 0.774854 0.004883 0.005848
0 0.729492 0.785088 0.005859 0.008772
0 0.755371 0.790205 0.006836 0.007310
0 0.737305 0.762427 0.005859 0.010234
0 0.750488 0.769006 0.006836 0.008772
0 0.818848 0.796053 0.006836 0.010234
0 0.814941 0.786550 0.006836 0.011696
0 0.782227 0.777047 0.005859 0.010234
0 0.776855 0.755848 0.004883 0.008772
0 0.796875 0.757310 0.005859 0.011696
0 0.832031 0.798246 0.009766 0.014620
0 0.836426 0.774854 0.004883 0.005848
0 0.860352 0.779971 0.005859 0.010234
0 0.873047 0.765351 0.005859 0.010234
0 0.872559 0.735380 0.002930 0.005848
0 0.892578 0.726608 0.005859 0.011696
0 0.917480 0.731725 0.006836 0.010234
0 0.942871 0.736111 0.006836 0.007310
0 0.958984 0.744152 0.005859 0.008772
0 0.835938 0.691520 0.003906 0.008772
0 0.983398 0.735380 0.005859 0.008772
0 0.920410 0.771199 0.002930 0.010234
0 0.904297 0.765351 0.005859 0.010234
0 0.942383 0.761696 0.007812 0.011696
0 0.995605 0.812135 0.006836 0.021930
0 0.693848 0.779971 0.004883 0.007310
0 0.238281 0.924708 0.013672 0.048246
0 0.342285 0.966374 0.022461 0.067251
0 0.391602 0.739035 0.011719 0.019006
