0 0.984863 0.274740 0.030273 0.067708
0 0.859863 0.319661 0.040039 0.074219
0 0.824219 0.214193 0.035156 0.048177
0 0.892090 0.161458 0.024414 0.036458
0 0.957520 0.151693 0.006836 0.011719
0 0.948730 0.149089 0.006836 0.014323
0 0.945312 0.129557 0.009766 0.014323
0 0.735840 0.238932 0.047852 0.063802
0 0.682129 0.302734 0.030273 0.053385
0 0.593262 0.263021 0.032227 0.052083
0 0.651855 0.207031 0.014648 0.023438
0 0.561523 0.238932 0.035156 0.048177
0 0.589844 0.203125 0.023438 0.028646
0 0.667969 0.183594 0.009766 0.015625
0 0.772949 0.196615 0.018555 0.033854
0 0.713867 0.161458 0.007812 0.013021
0 0.478516 0.285807 0.037109 0.050781
0 0.381836 0.224609 0.037109 0.055990
0 0.431152 0.226562 0.026367 0.044271
0 0.478027 0.186849 0.018555 0.032552
0 0.544434 0.179036 0.008789 0.019531
0 0.522461 0.187500 0.007812 0.015625
0 0.405762 0.188151 0.012695 0.019531
0 0.433594 0.173828 0.005859 0.011719
0 0.411621 0.167318 0.006836 0.011719
0 0.330078 0.201823 0.029297 0.041667
0 0.259277 0.251953 0.041992 0.066406
0 0.310059 0.180990 0.010742 0.018229
0 0.310059 0.209635 0.012695 0.023438
0 0.275391 0.192708 0.013672 0.020833
0 0.296875 0.184896 0.005859 0.010417
0 0.289551 0.184245 0.006836 0.014323
0 0.210449 0.210286 0.032227 0.042969
0 0.158691 0.285156 0.038086 0.054688
0 0.132812 0.198568 0.021484 0.035156
0 0.157715 0.226562 0.018555 0.039062
0 0.089844 0.205729 0.011719 0.026042
0 0.109863 0.189453 0.010742 0.019531
0 0.023438 0.242188 0.046875 0.059896
0 0.055664 0.264974 0.029297 0.048177
0 0.971191 0.488281 0.057617 0.127604
0 0.871582 0.781250 0.122070 0.197917
0 0.672852 0.140625 0.003906 0.007812
0 0.673828 0.170573 0.005859 0.013021
0 0.608887 0.175130 0.006836 0.014323
0 0.623535 0.184245 0.004883 0.011719
0 0.784668 0.154948 0.006836 0.013021
0 0.832520 0.158203 0.006836 0.011719
0 0.804199 0.207682 0.020508 0.032552
0 0.980469 0.201823 0.029297 0.039062
0 0.916016 0.162760 0.005859 0.013021
