0 0.279785 0.274898 0.012695 0.020464
0 0.305176 0.251705 0.014648 0.020464
0 0.312012 0.227831 0.010742 0.021828
0 0.334473 0.257844 0.012695 0.021828
0 0.257324 0.032060 0.006836 0.012278
0 0.275879 0.015007 0.006836 0.013643
0 0.312500 0.012960 0.009766 0.017735
0 0.289551 0.054570 0.008789 0.016371
0 0.303711 0.064802 0.009766 0.017735
0 0.301758 0.111187 0.009766 0.017735
0 0.330566 0.048431 0.008789 0.017735
0 0.369629 0.078445 0.008789 0.017735
0 0.352051 0.112551 0.010742 0.017735
0 0.358887 0.057981 0.006836 0.015007
0 0.381836 0.040246 0.009766 0.015007
0 0.394043 0.011596 0.008789 0.015007
0 0.419922 0.045020 0.009766 0.019100
0 0.421875 0.028649 0.009766 0.016371
0 0.379883 0.120055 0.009766 0.021828
0 0.420898 0.103001 0.007812 0.020464
0 0.439941 0.134379 0.010742 0.017735
0 0.462402 0.125512 0.010742 0.016371
0 0.453613 0.009550 0.006836 0.010914
0 0.493164 0.032742 0.007812 0.013643
0 0.465332 0.075034 0.006836 0.019100
0 0.492676 0.109141 0.010742 0.016371
0 0.451660 0.146658 0.010742 0.020464
0 0.261719 0.137108 0.009766 0.017735
0 0.296875 0.150068 0.011719 0.021828
0 0.320312 0.154161 0.011719 0.019100
0 0.343750 0.157572 0.011719 0.020464
0 0.362305 0.189632 0.011719 0.016371
0 0.374023 0.156207 0.011719 0.017735
0 0.356445 0.228513 0.011719 0.023192
0 0.401855 0.167804 0.010742 0.019100
0 0.395020 0.135744 0.010742 0.020464
0 0.393555 0.225102 0.011719 0.019100
0 0.378906 0.259209 0.011719 0.019100
0 0.395996 0.275580 0.008789 0.019100
0 0.431641 0.257162 0.013672 0.020464
0 0.432617 0.233288 0.009766 0.019100
0 0.433594 0.189632 0.011719 0.019100
0 0.448242 0.169168 0.005859 0.019100
0 0.464355 0.158254 0.012695 0.019100
0 0.472168 0.191678 0.010742 0.023192
0 0.489746 0.237381 0.008789 0.016371
0 0.508301 0.265348 0.010742 0.020464
0 0.519531 0.238063 0.011719 0.017735
0 0.490723 0.172578 0.010742 0.020464
0 0.502930 0.155525 0.009766 0.016371
0 0.505371 0.128922 0.010742 0.020464
0 0.517578 0.187585 0.015625 0.017735
0 0.500488 0.051160 0.010742 0.015007
0 0.493164 0.087995 0.007812 0.017735
0 0.521973 0.119372 0.010742 0.020464
0 0.561035 0.125512 0.012695 0.021828
0 0.551758 0.036835 0.009766 0.019100
0 0.516602 0.065484 0.007812 0.024557
0 0.584961 0.077080 0.009766 0.017735
0 0.565918 0.062074 0.008789 0.017735
0 0.557617 0.017053 0.009766 0.017735
0 0.606445 0.024557 0.009766 0.019100
0 0.620605 0.066849 0.008789 0.016371
0 0.582031 0.101637 0.005859 0.017735
0 0.598145 0.127558 0.012695 0.020464
0 0.629395 0.113915 0.010742 0.017735
0 0.539551 0.165757 0.010742 0.020464
0 0.528320 0.154161 0.007812 0.019100
0 0.545410 0.100955 0.012695 0.021828
0 0.563477 0.172578 0.009766 0.017735
0 0.013672 0.882674 0.017578 0.027285
0 0.039062 0.969986 0.021484 0.032742
0 0.010254 0.070941 0.012695 0.019100
0 0.020020 0.190314 0.010742 0.020464
0 0.627930 0.175307 0.011719 0.017735
0 0.581543 0.146658 0.010742 0.020464
0 0.594727 0.115280 0.007812 0.020464
0 0.639648 0.142565 0.009766 0.017735
0 0.669434 0.130286 0.008789 0.020464
0 0.679688 0.120055 0.009766 0.019100
0 0.663086 0.094134 0.011719 0.019100
0 0.662598 0.161664 0.010742 0.020464
0 0.637207 0.224420 0.010742 0.017735
0 0.672363 0.233288 0.010742 0.021828
0 0.691895 0.177353 0.010742 0.021828
0 0.693848 0.141883 0.012695 0.016371
0 0.696289 0.118690 0.009766 0.019100
0 0.666504 0.267394 0.012695 0.024557
0 0.562500 0.283083 0.011719 0.020464
0 0.596680 0.291951 0.009766 0.021828
0 0.468262 0.285812 0.010742 0.015007
0 0.651855 0.012960 0.008789 0.015007
0 0.678711 0.021828 0.009766 0.016371
0 0.702148 0.036153 0.007812 0.020464
0 0.696289 0.044338 0.009766 0.017735
0 0.659668 0.062074 0.010742 0.017735
0 0.716309 0.079809 0.008789 0.017735
0 0.752930 0.067531 0.005859 0.020464
0 0.761719 0.072306 0.009766 0.019100
0 0.763672 0.038199 0.009766 0.016371
0 0.780762 0.009550 0.008789 0.019100
0 0.781250 0.046385 0.011719 0.019100
0 0.776367 0.091405 0.011719 0.019100
0 0.736328 0.099591 0.009766 0.019100
0 0.717773 0.150068 0.011719 0.019100
0 0.753418 0.163711 0.008789 0.021828
0 0.778320 0.131651 0.009766 0.017735
0 0.773438 0.158254 0.007812 0.021828
0 0.798828 0.117326 0.009766 0.021828
0 0.812988 0.007503 0.004883 0.015007
0 0.831543 0.023874 0.006836 0.017735
0 0.824707 0.069577 0.008789 0.024557
0 0.824219 0.083220 0.009766 0.019100
0 0.796387 0.073670 0.004883 0.019100
0 0.875488 0.115280 0.010742 0.020464
0 0.884766 0.070259 0.009766 0.017735
0 0.920410 0.036835 0.004883 0.013643
0 0.910156 0.083902 0.007812 0.017735
0 0.916016 0.069577 0.007812 0.016371
0 0.948730 0.073670 0.010742 0.016371
0 0.898438 0.030696 0.005859 0.017735
0 0.949219 0.019100 0.003906 0.016371
0 0.981445 0.176671 0.011719 0.020464
0 0.978516 0.034789 0.005859 0.015007
0 0.826172 0.174625 0.009766 0.021828
0 0.766602 0.255116 0.013672 0.021828
0 0.749023 0.276944 0.009766 0.021828
0 0.795898 0.268759 0.011719 0.021828
0 0.842773 0.274898 0.013672 0.025921
0 0.869141 0.233970 0.009766 0.017735
0 0.902344 0.255116 0.013672 0.021828
0 0.935059 0.229877 0.012695 0.017735
0 0.932617 0.208731 0.009766 0.021828
0 0.975098 0.221010 0.010742 0.021828
0 0.956543 0.261255 0.012695 0.023192
0 0.870117 0.389495 0.015625 0.023192
0 0.834473 0.224420 0.004883 0.023192
0 0.784668 0.226467 0.002930 0.019100
0 0.702148 0.276262 0.013672 0.020464
0 0.018555 0.037517 0.007812 0.020464
0 0.072754 0.043656 0.008789 0.019100
0 0.050293 0.073670 0.012695 0.019100
0 0.113770 0.031378 0.006836 0.013643
0 0.109863 0.030696 0.004883 0.017735
0 0.131836 0.034789 0.007812 0.015007
0 0.143066 0.046385 0.008789 0.016371
0 0.160645 0.032742 0.010742 0.016371
0 0.176758 0.005457 0.007812 0.010914
0 0.214844 0.028649 0.009766 0.016371
0 0.225098 0.018417 0.008789 0.015007
0 0.113281 0.076398 0.011719 0.019100
0 0.098633 0.090723 0.009766 0.017735
0 0.034668 0.112551 0.008789 0.015007
0 0.161621 0.086630 0.010742 0.017735
0 0.194336 0.066849 0.011719 0.019100
0 0.204102 0.057981 0.009766 0.017735
0 0.216309 0.060027 0.008789 0.016371
0 0.233887 0.081855 0.010742 0.019100
0 0.241699 0.100955 0.008789 0.016371
0 0.189453 0.120055 0.007812 0.016371
0 0.160156 0.111869 0.007812 0.021828
0 0.143555 0.139836 0.009766 0.020464
0 0.167480 0.156207 0.010742 0.020464
0 0.122070 0.146658 0.007812 0.017735
0 0.080078 0.147340 0.009766 0.021828
0 0.061035 0.100273 0.012695 0.017735
0 0.020508 0.118690 0.009766 0.021828
0 0.043945 0.141883 0.009766 0.019100
0 0.062500 0.228513 0.011719 0.020464
0 0.092285 0.182128 0.010742 0.015007
0 0.099609 0.214188 0.009766 0.024557
0 0.106445 0.232606 0.011719 0.020464
0 0.120605 0.169168 0.012695 0.021828
0 0.148926 0.172578 0.010742 0.017735
0 0.151855 0.211460 0.010742 0.016371
0 0.140625 0.218963 0.003906 0.020464
0 0.112793 0.268076 0.012695 0.020464
0 0.074707 0.263984 0.012695 0.020464
0 0.020020 0.216917 0.008789 0.021828
0 0.024902 0.253070 0.010742 0.020464
0 0.160645 0.273533 0.010742 0.020464
0 0.197266 0.235334 0.011719 0.020464
0 0.207520 0.272169 0.010742 0.017735
0 0.247070 0.256480 0.011719 0.019100
0 0.227539 0.172578 0.009766 0.017735
0 0.253418 0.177353 0.010742 0.019100
0 0.275879 0.231241 0.010742 0.017735
0 0.558594 0.233970 0.011719 0.020464
0 0.598633 0.223738 0.013672 0.019100
0 0.285156 0.182810 0.009766 0.016371
0 0.983887 0.015007 0.008789 0.016371
0 0.595215 0.171896 0.012695 0.019100
