0 0.020508 0.225443 0.027344 0.067633
0 0.073242 0.174718 0.035156 0.078905
0 0.097656 0.224638 0.023438 0.049919
0 0.155762 0.222222 0.026367 0.057971
0 0.187988 0.171498 0.032227 0.078905
0 0.212891 0.198873 0.021484 0.059581
0 0.296387 0.203704 0.030273 0.069243
0 0.393066 0.187601 0.030273 0.078905
0 0.367676 0.149758 0.024414 0.061192
0 0.279297 0.150564 0.033203 0.059581
0 0.466797 0.249597 0.031250 0.061192
0 0.479980 0.192432 0.030273 0.069243
0 0.513672 0.202899 0.035156 0.077295
0 0.555176 0.223833 0.030273 0.070853
0 0.613281 0.147343 0.035156 0.069243
0 0.549316 0.203704 0.026367 0.053140
0 0.733887 0.140097 0.034180 0.070853
0 0.773926 0.170692 0.032227 0.061192
0 0.852539 0.156200 0.035156 0.061192
0 0.920898 0.180354 0.023438 0.048309
0 0.952148 0.177939 0.033203 0.075684
0 0.442871 0.227858 0.026367 0.062802
