0 0.910156 0.443382 0.017578 0.025000
0 0.848633 0.449265 0.019531 0.030882
0 0.794922 0.437500 0.017578 0.027941
0 0.825684 0.464706 0.014648 0.026471
0 0.761230 0.419853 0.014648 0.022059
0 0.814453 0.838235 0.048828 0.067647
0 0.937988 0.862500 0.043945 0.069118
0 0.967285 0.449265 0.012695 0.019118
0 0.992188 0.631618 0.015625 0.045588
0 0.561035 0.756618 0.041992 0.066176
0 0.680176 0.412500 0.012695 0.019118
0 0.633789 0.410294 0.015625 0.026471
0 0.569336 0.392647 0.013672 0.023529
0 0.504883 0.398529 0.015625 0.026471
0 0.451660 0.380882 0.016602 0.023529
0 0.409180 0.393382 0.015625 0.027941
0 0.350098 0.372794 0.016602 0.030882
0 0.286621 0.363971 0.018555 0.030882
0 0.216797 0.371324 0.019531 0.030882
0 0.161133 0.385294 0.027344 0.038235
0 0.154297 0.497059 0.019531 0.094118
0 0.039551 0.365441 0.024414 0.039706
0 0.135742 0.424265 0.042969 0.054412
0 0.217773 0.420588 0.017578 0.023529
