0 0.960938 0.717993 0.019531 0.038062
0 0.941406 0.692042 0.017578 0.038062
0 0.979004 0.603806 0.016602 0.038062
0 0.923340 0.614187 0.020508 0.038062
0 0.913086 0.575260 0.017578 0.036332
0 0.869141 0.652249 0.015625 0.031142
0 0.892090 0.694637 0.014648 0.036332
0 0.910156 0.711073 0.015625 0.027682
0 0.942871 0.796713 0.018555 0.039792
0 0.899902 0.744810 0.012695 0.029412
0 0.983887 0.870242 0.018555 0.044983
0 0.916016 0.852941 0.019531 0.041522
0 0.923340 0.914360 0.020508 0.046713
0 0.885742 0.895329 0.019531 0.039792
0 0.870605 0.961938 0.020508 0.044983
0 0.793945 0.858131 0.019531 0.044983
0 0.796387 0.975779 0.020508 0.041522
0 0.800781 0.759516 0.017578 0.031142
0 0.800781 0.613322 0.017578 0.036332
0 0.831055 0.579585 0.013672 0.031142
0 0.803223 0.583045 0.018555 0.027682
0 0.833984 0.761246 0.015625 0.038062
0 0.979980 0.315744 0.014648 0.032872
0 0.950684 0.308824 0.014648 0.032872
0 0.956055 0.258651 0.013672 0.029412
0 0.931641 0.320934 0.015625 0.032872
0 0.917969 0.291522 0.013672 0.029412
0 0.928223 0.371107 0.018555 0.039792
0 0.899414 0.349481 0.015625 0.031142
0 0.876465 0.413495 0.016602 0.034602
0 0.901855 0.533737 0.014648 0.036332
0 0.950684 0.508651 0.016602 0.034602
0 0.833008 0.507785 0.017578 0.032872
0 0.821777 0.476644 0.016602 0.036332
0 0.833984 0.375433 0.017578 0.034602
0 0.853027 0.340830 0.014648 0.038062
0 0.842773 0.336505 0.011719 0.025952
0 0.992676 0.152249 0.010742 0.027682
0 0.860352 0.106401 0.013672 0.029412
0 0.844727 0.057093 0.013672 0.031142
0 0.860352 0.054498 0.011719 0.025952
0 0.903320 0.055363 0.011719 0.024221
0 0.899902 0.017301 0.010742 0.027682
0 0.851074 0.007785 0.010742 0.015571
0 0.828613 0.211073 0.016602 0.034602
0 0.823730 0.263841 0.018555 0.032872
0 0.827637 0.115052 0.012695 0.032872
0 0.960938 0.225779 0.013672 0.029412
0 0.914551 0.229239 0.010742 0.025952
0 0.818359 0.044118 0.011719 0.029412
0 0.826172 0.021626 0.009766 0.025952
0 0.806641 0.087370 0.013672 0.029412
0 0.804199 0.167820 0.016602 0.027682
0 0.766602 0.124567 0.013672 0.031142
0 0.758789 0.094291 0.011719 0.025952
0 0.742676 0.056228 0.010742 0.025952
0 0.739746 0.020761 0.008789 0.020761
0 0.886719 0.068339 0.015625 0.029412
0 0.712891 0.209343 0.009766 0.024221
0 0.793945 0.192907 0.005859 0.012111
0 0.842285 0.191176 0.008789 0.029412
0 0.861328 0.218858 0.009766 0.019031
0 0.713867 0.315744 0.013672 0.029412
0 0.753418 0.324394 0.010742 0.025952
0 0.770996 0.333045 0.014648 0.036332
0 0.740723 0.393599 0.016602 0.029412
0 0.655273 0.256920 0.015625 0.036332
0 0.641602 0.231834 0.009766 0.020761
0 0.663574 0.248270 0.010742 0.025952
0 0.616211 0.290657 0.015625 0.031142
0 0.628906 0.341696 0.017578 0.032872
0 0.610352 0.268166 0.011719 0.027682
0 0.777344 0.508651 0.015625 0.034602
0 0.739258 0.535467 0.015625 0.036332
0 0.717773 0.525087 0.013672 0.036332
0 0.747070 0.623702 0.017578 0.036332
0 0.699707 0.584775 0.016602 0.038062
0 0.665527 0.594291 0.018555 0.036332
0 0.676758 0.485294 0.017578 0.032872
0 0.656250 0.639273 0.019531 0.036332
0 0.758789 0.786332 0.017578 0.036332
0 0.740234 0.723183 0.015625 0.034602
0 0.706543 0.725779 0.012695 0.025952
0 0.707520 0.783737 0.016602 0.038062
0 0.676758 0.665225 0.013672 0.022491
0 0.735352 0.923875 0.019531 0.038062
0 0.602539 0.551903 0.017578 0.034602
0 0.584473 0.539792 0.012695 0.027682
0 0.630371 0.473183 0.014648 0.036332
0 0.562012 0.399654 0.016602 0.034602
0 0.579102 0.398789 0.013672 0.029412
0 0.554199 0.501730 0.016602 0.034602
0 0.594727 0.044983 0.013672 0.027682
0 0.595703 0.019031 0.011719 0.020761
0 0.626953 0.046713 0.011719 0.027682
0 0.631348 0.110727 0.014648 0.027682
0 0.530762 0.020761 0.012695 0.031142
0 0.501953 0.008651 0.013672 0.017301
0 0.498047 0.048443 0.011719 0.027682
0 0.491211 0.094291 0.013672 0.025952
0 0.493652 0.152249 0.014648 0.031142
0 0.504883 0.186851 0.013672 0.027682
0 0.542969 0.136678 0.011719 0.024221
0 0.560547 0.009516 0.009766 0.019031
0 0.511719 0.008651 0.005859 0.017301
0 0.630859 0.006055 0.013672 0.012111
0 0.646484 0.070069 0.009766 0.025952
0 0.669434 0.108131 0.008789 0.025952
0 0.435059 0.058824 0.012695 0.027682
0 0.461914 0.039792 0.009766 0.024221
0 0.480469 0.027682 0.011719 0.027682
0 0.383301 0.023356 0.014648 0.025952
0 0.372559 0.016436 0.008789 0.015571
0 0.388672 0.109862 0.009766 0.022491
0 0.416992 0.152249 0.013672 0.027682
0 0.424316 0.123702 0.012695 0.029412
0 0.453125 0.174740 0.009766 0.024221
0 0.444336 0.228374 0.011719 0.031142
0 0.394531 0.179066 0.009766 0.022491
0 0.317871 0.191176 0.012695 0.029412
0 0.360352 0.137543 0.011719 0.029412
0 0.375488 0.112457 0.010742 0.024221
0 0.314453 0.075260 0.009766 0.029412
0 0.351074 0.252595 0.014648 0.034602
0 0.291992 0.197232 0.011719 0.031142
0 0.476074 0.258651 0.016602 0.032872
0 0.471680 0.300173 0.015625 0.029412
0 0.491211 0.358131 0.017578 0.038062
0 0.466309 0.350346 0.014648 0.032872
0 0.409180 0.299308 0.015625 0.034602
0 0.419434 0.261246 0.012695 0.031142
0 0.395996 0.361592 0.014648 0.034602
0 0.555176 0.666090 0.010742 0.027682
0 0.501465 0.768166 0.016602 0.038062
0 0.604004 0.721453 0.016602 0.034602
0 0.496094 0.566609 0.015625 0.032872
0 0.497070 0.485294 0.015625 0.032872
0 0.506836 0.429066 0.015625 0.038062
0 0.441406 0.456747 0.015625 0.031142
0 0.463379 0.476644 0.012695 0.025952
0 0.443359 0.526817 0.015625 0.032872
0 0.499512 0.867647 0.020508 0.036332
0 0.525879 0.945502 0.016602 0.039792
0 0.518555 0.839965 0.013672 0.025952
0 0.459473 0.833045 0.014648 0.032872
0 0.417480 0.784602 0.018555 0.036332
0 0.427246 0.745675 0.014648 0.031142
0 0.436523 0.957612 0.013672 0.039792
0 0.381348 0.891003 0.020508 0.038062
0 0.324219 0.440311 0.013672 0.032872
0 0.352051 0.474913 0.012695 0.032872
0 0.406738 0.457612 0.012695 0.029412
0 0.378418 0.417820 0.012695 0.029412
0 0.324219 0.350346 0.015625 0.025952
0 0.329590 0.303633 0.012695 0.029412
0 0.400879 0.650519 0.014648 0.038062
0 0.302246 0.627163 0.014648 0.032872
0 0.361816 0.862457 0.012695 0.022491
0 0.273438 0.923010 0.023438 0.046713
0 0.324219 0.985294 0.015625 0.025952
0 0.247559 0.851211 0.016602 0.038062
0 0.254883 0.695502 0.019531 0.038062
0 0.296875 0.742215 0.015625 0.031142
0 0.349121 0.707612 0.016602 0.038062
0 0.148438 0.745675 0.019531 0.041522
0 0.104980 0.855536 0.020508 0.043253
0 0.080078 0.820934 0.019531 0.039792
0 0.106934 0.745675 0.016602 0.041522
0 0.052246 0.732699 0.016602 0.043253
0 0.041992 0.913495 0.015625 0.038062
0 0.129883 0.977509 0.017578 0.031142
0 0.002930 0.942907 0.005859 0.031142
0 0.005859 0.815744 0.011719 0.039792
0 0.063477 0.589100 0.017578 0.039792
0 0.168945 0.514706 0.017578 0.039792
0 0.177246 0.505190 0.012695 0.031142
0 0.132324 0.616782 0.016602 0.046713
0 0.097168 0.667820 0.016602 0.038062
0 0.018555 0.643599 0.017578 0.031142
0 0.045410 0.521626 0.012695 0.029412
0 0.281738 0.306228 0.012695 0.031142
0 0.308105 0.256920 0.012695 0.029412
0 0.199707 0.339100 0.014648 0.034602
0 0.196289 0.280277 0.015625 0.031142
0 0.199707 0.243080 0.006836 0.015571
0 0.248047 0.448097 0.013672 0.034602
0 0.200195 0.409170 0.015625 0.032872
0 0.186035 0.447232 0.014648 0.029412
0 0.184570 0.326125 0.009766 0.025952
0 0.254883 0.239619 0.013672 0.032872
0 0.094727 0.429931 0.013672 0.032872
0 0.027344 0.371107 0.015625 0.036332
0 0.022949 0.332180 0.016602 0.031142
0 0.020020 0.460208 0.014648 0.038062
0 0.038574 0.465398 0.014648 0.034602
0 0.046875 0.301903 0.015625 0.032872
0 0.074219 0.262111 0.011719 0.029412
0 0.127441 0.262976 0.012695 0.031142
0 0.024902 0.287197 0.012695 0.031142
0 0.264648 0.067474 0.011719 0.027682
0 0.272949 0.012111 0.014648 0.024221
0 0.224121 0.025952 0.010742 0.024221
0 0.151367 0.020761 0.007812 0.017301
0 0.150879 0.038062 0.008789 0.020761
0 0.281250 0.128893 0.011719 0.022491
0 0.253418 0.131488 0.012695 0.027682
0 0.182617 0.198962 0.011719 0.031142
0 0.180664 0.168685 0.011719 0.022491
0 0.175781 0.128893 0.013672 0.029412
0 0.147461 0.143599 0.011719 0.024221
0 0.086914 0.131488 0.015625 0.031142
0 0.062988 0.074394 0.012695 0.027682
0 0.032227 0.125433 0.013672 0.029412
0 0.045898 0.156574 0.013672 0.029412
0 0.037109 0.236159 0.013672 0.029412
0 0.149414 0.217128 0.013672 0.025952
0 0.077637 0.015571 0.010742 0.024221
0 0.249023 0.102076 0.011719 0.024221
0 0.285645 0.089100 0.010742 0.025952
0 0.102051 0.092561 0.008789 0.019031
0 0.289551 0.891003 0.018555 0.038062
0 0.698242 0.880623 0.021484 0.044983
0 0.878906 0.526817 0.017578 0.036332
0 0.960449 0.378028 0.014648 0.036332
