0 0.131348 0.446615 0.026367 0.049479
0 0.320312 0.500000 0.021484 0.046875
0 0.416992 0.496745 0.021484 0.042969
0 0.496094 0.489583 0.023438 0.046875
0 0.415039 0.421224 0.017578 0.040365
0 0.347656 0.440755 0.019531 0.042969
0 0.048828 0.453125 0.023438 0.052083
0 0.052734 0.348958 0.011719 0.026042
0 0.229004 0.477865 0.022461 0.049479
0 0.229492 0.503255 0.000000 0.001302
0 0.261719 0.412109 0.015625 0.035156
0 0.368652 0.397786 0.014648 0.029948
0 0.466309 0.412109 0.018555 0.029948
0 0.438477 0.482422 0.019531 0.042969
0 0.511719 0.457031 0.019531 0.041667
0 0.533691 0.470052 0.022461 0.044271
0 0.567871 0.492839 0.022461 0.048177
0 0.554199 0.439453 0.016602 0.029948
0 0.405273 0.378255 0.009766 0.019531
0 0.541504 0.392578 0.014648 0.029948
0 0.292969 0.373698 0.013672 0.033854
0 0.361328 0.372396 0.011719 0.020833
0 0.450684 0.399089 0.012695 0.029948
0 0.602051 0.473307 0.014648 0.022135
0 0.580566 0.396484 0.010742 0.027344
0 0.632324 0.455078 0.016602 0.035156
0 0.673340 0.494141 0.022461 0.042969
0 0.750000 0.498698 0.021484 0.046875
0 0.824219 0.507812 0.023438 0.052083
0 0.896484 0.505859 0.023438 0.040365
0 0.968750 0.496745 0.019531 0.042969
0 0.938965 0.447917 0.016602 0.033854
0 0.876953 0.449870 0.017578 0.032552
0 0.836426 0.426432 0.018555 0.045573
0 0.766602 0.430339 0.017578 0.029948
0 0.687012 0.427083 0.022461 0.044271
0 0.722168 0.432943 0.012695 0.029948
0 0.730957 0.475260 0.018555 0.039062
0 0.661621 0.408854 0.014648 0.028646
0 0.746094 0.616536 0.017578 0.024740
0 0.225586 0.622396 0.017578 0.023438
0 0.140137 0.610677 0.014648 0.023438
0 0.793457 0.434896 0.008789 0.018229
0 0.741699 0.414714 0.006836 0.014323
0 0.737305 0.384115 0.005859 0.013021
0 0.719238 0.393880 0.008789 0.014323
0 0.671875 0.389974 0.007812 0.016927
0 0.362793 0.358073 0.004883 0.013021
0 0.333008 0.425130 0.015625 0.029948
0 0.225098 0.362630 0.016602 0.022135
0 0.151855 0.430339 0.012695 0.027344
0 0.086914 0.362630 0.011719 0.019531
0 0.815918 0.423177 0.008789 0.018229
0 0.685059 0.373047 0.006836 0.011719
0 0.608887 0.398438 0.012695 0.020833
0 0.632812 0.399740 0.009766 0.018229
