0 0.904297 0.375000 0.046875 0.099711
0 0.847168 0.352601 0.022461 0.037572
0 0.788574 0.378613 0.028320 0.054913
0 0.729004 0.350434 0.030273 0.059249
0 0.708496 0.312139 0.014648 0.028902
0 0.635254 0.324422 0.026367 0.047688
0 0.588867 0.360549 0.021484 0.039017
0 0.576660 0.334538 0.016602 0.027457
0 0.450195 0.333815 0.019531 0.043353
0 0.362305 0.372110 0.025391 0.047688
0 0.333984 0.369220 0.015625 0.027457
0 0.390625 0.359827 0.017578 0.034682
0 0.273438 0.359104 0.011719 0.027457
0 0.260254 0.365607 0.012695 0.023121
0 0.250977 0.341040 0.007812 0.014451
0 0.256836 0.327312 0.005859 0.015896
0 0.245605 0.356214 0.010742 0.021676
0 0.236816 0.354769 0.012695 0.024566
0 0.232910 0.361272 0.008789 0.017341
0 0.219727 0.361272 0.007812 0.014451
0 0.197754 0.371387 0.012695 0.026012
0 0.166016 0.371387 0.011719 0.023121
0 0.159668 0.365607 0.010742 0.020231
0 0.127930 0.372110 0.011719 0.021676
0 0.116211 0.376445 0.009766 0.024566
0 0.143555 0.355491 0.007812 0.011561
0 0.144531 0.368497 0.005859 0.011561
0 0.153320 0.372110 0.005859 0.013006
0 0.099121 0.377168 0.010742 0.020231
0 0.089844 0.375723 0.009766 0.020231
0 0.074219 0.384393 0.009766 0.017341
0 0.167969 0.350434 0.007812 0.013006
0 0.019531 0.382225 0.009766 0.015896
0 0.883789 0.351156 0.015625 0.034682
