0 0.944336 0.298529 0.015625 0.032353
0 0.912598 0.320588 0.014648 0.026471
0 0.845215 0.308088 0.012695 0.025000
0 0.886719 0.311029 0.009766 0.022059
0 0.780762 0.300735 0.014648 0.019118
0 0.817871 0.316912 0.008789 0.016176
0 0.767578 0.313971 0.011719 0.022059
0 0.715820 0.293382 0.013672 0.027941
0 0.662598 0.280882 0.012695 0.023529
0 0.694336 0.304412 0.009766 0.017647
0 0.628906 0.299265 0.015625 0.033824
0 0.541016 0.286765 0.013672 0.026471
0 0.452148 0.294853 0.013672 0.025000
0 0.491699 0.300735 0.014648 0.027941
0 0.394531 0.319853 0.021484 0.048529
0 0.358887 0.296324 0.012695 0.022059
0 0.368164 0.267647 0.015625 0.026471
0 0.354980 0.394853 0.032227 0.048529
0 0.312500 0.406618 0.019531 0.048529
0 0.265137 0.333824 0.024414 0.052941
0 0.285645 0.329412 0.020508 0.035294
0 0.262695 0.285294 0.011719 0.017647
0 0.218750 0.359559 0.021484 0.022059
0 0.039551 0.220588 0.010742 0.020588
0 0.167480 0.322794 0.016602 0.039706
0 0.104492 0.286765 0.005859 0.014706
0 0.091797 0.288971 0.007812 0.016176
