0 0.160156 0.577586 0.068359 0.096817
0 0.137207 0.597480 0.034180 0.075597
0 0.285156 0.582228 0.041016 0.066313
0 0.283203 0.449602 0.015625 0.029178
0 0.342285 0.442308 0.012695 0.027851
0 0.419434 0.454244 0.028320 0.043767
0 0.460449 0.431698 0.006836 0.030504
0 0.465820 0.400531 0.011719 0.018568
0 0.479492 0.377984 0.009766 0.015915
0 0.495117 0.397878 0.009766 0.023873
0 0.560547 0.618700 0.041016 0.078249
0 0.514648 0.711538 0.039062 0.078249
0 0.783203 0.397878 0.015625 0.026525
0 0.967773 0.635942 0.048828 0.080902
0 0.941406 0.425066 0.015625 0.025199
0 0.683105 0.389257 0.014648 0.014589
0 0.728516 0.381963 0.007812 0.010610
0 0.995117 0.511936 0.007812 0.031830
