0 0.026855 0.426686 0.016602 0.026393
0 0.093750 0.452346 0.017578 0.033724
0 0.054199 0.489736 0.022461 0.035191
0 0.161133 0.440616 0.021484 0.045455
0 0.101074 0.420088 0.014648 0.027859
0 0.154297 0.403959 0.011719 0.027859
0 0.129395 0.417155 0.012695 0.016129
0 0.221680 0.417889 0.011719 0.023460
0 0.202637 0.430352 0.010742 0.016129
0 0.363281 0.501466 0.027344 0.049853
0 0.438477 0.476540 0.017578 0.032258
0 0.481934 0.453079 0.020508 0.038123
0 0.357422 0.420821 0.013672 0.029326
0 0.410645 0.436217 0.008789 0.016129
0 0.564941 0.445748 0.008789 0.020528
0 0.594238 0.440616 0.012695 0.021994
0 0.652344 0.464809 0.013672 0.026393
0 0.708008 0.452346 0.013672 0.027859
0 0.667480 0.451613 0.010742 0.017595
0 0.608398 0.436950 0.007812 0.014663
0 0.628906 0.442082 0.009766 0.016129
0 0.642090 0.437683 0.008789 0.016129
0 0.667480 0.428152 0.006836 0.014663
0 0.697266 0.447947 0.007812 0.019062
0 0.690918 0.441349 0.006836 0.017595
0 0.726074 0.445748 0.010742 0.020528
0 0.750000 0.426686 0.013672 0.026393
0 0.789062 0.431818 0.007812 0.016129
0 0.802734 0.434751 0.009766 0.019062
0 0.939941 0.426686 0.014648 0.023460
0 0.145996 0.408358 0.012695 0.021994
0 0.176270 0.416422 0.010742 0.026393
0 0.188477 0.437683 0.007812 0.019062
0 0.194336 0.437683 0.005859 0.016129
0 0.215332 0.421554 0.006836 0.013196
0 0.300781 0.443548 0.003906 0.007331
0 0.288574 0.485337 0.006836 0.014663
0 0.296875 0.498534 0.005859 0.011730
0 0.308105 0.463343 0.004883 0.011730
0 0.304199 0.447947 0.006836 0.010264
0 0.430176 0.449413 0.010742 0.016129
0 0.443359 0.399560 0.017578 0.019062
0 0.476074 0.405425 0.010742 0.016129
0 0.616699 0.433284 0.006836 0.013196
0 0.604004 0.420821 0.004883 0.008798
0 0.610840 0.420821 0.004883 0.008798
0 0.628418 0.427419 0.004883 0.007331
0 0.652344 0.439150 0.003906 0.007331
0 0.580566 0.422287 0.008789 0.017595
0 0.556152 0.430352 0.012695 0.021994
0 0.907715 0.442082 0.006836 0.013196
0 0.991699 0.431818 0.010742 0.024927
0 0.740234 0.429619 0.005859 0.011730
0 0.863770 0.446481 0.008789 0.016129
0 0.870605 0.440616 0.006836 0.013196
0 0.879395 0.434751 0.006836 0.013196
0 0.618164 0.407625 0.005859 0.011730
0 0.451172 0.431818 0.011719 0.019062
0 0.420410 0.439883 0.006836 0.011730
0 0.424316 0.428152 0.010742 0.017595
0 0.502930 0.436950 0.013672 0.029326
0 0.516602 0.435484 0.009766 0.023460
0 0.541992 0.450880 0.013672 0.024927
