0 0.039062 0.335006 0.019531 0.022585
0 0.121582 0.328105 0.012695 0.016311
0 0.153809 0.351945 0.018555 0.026349
0 0.041504 0.531368 0.020508 0.051443
0 0.185547 0.501255 0.015625 0.018821
0 0.352539 0.339398 0.017578 0.036386
0 0.296387 0.390841 0.006836 0.011292
0 0.418457 0.313676 0.018555 0.032622
0 0.442383 0.339398 0.027344 0.033877
0 0.487793 0.290464 0.030273 0.058971
0 0.408691 0.368256 0.020508 0.033877
0 0.539551 0.367629 0.022461 0.040151
0 0.462891 0.313676 0.021484 0.037641
0 0.623047 0.331242 0.023438 0.045169
0 0.744141 0.314304 0.029297 0.046424
0 0.794434 0.308657 0.028320 0.042660
0 0.929199 0.299247 0.030273 0.053952
