0 0.909668 0.408416 0.061523 0.091584
0 0.955566 0.323020 0.024414 0.049505
0 0.982910 0.324876 0.020508 0.033416
0 0.736816 0.482054 0.073242 0.102723
0 0.807129 0.698639 0.153320 0.243812
0 0.762695 0.308168 0.017578 0.027228
0 0.672852 0.375619 0.029297 0.045792
0 0.615723 0.192450 0.006836 0.011139
0 0.598145 0.357054 0.020508 0.040842
0 0.483887 0.344678 0.030273 0.050743
0 0.513184 0.339109 0.022461 0.037129
0 0.467285 0.548886 0.096680 0.169554
0 0.448730 0.403465 0.057617 0.094059
0 0.516113 0.422649 0.028320 0.045792
0 0.213867 0.433168 0.039062 0.069307
0 0.343262 0.493193 0.061523 0.105198
0 0.155273 0.461634 0.052734 0.099010
0 0.152832 0.396658 0.049805 0.070545
0 0.201660 0.357673 0.012695 0.019802
