0 0.547852 0.368365 0.025391 0.065817
0 0.641113 0.347134 0.024414 0.065817
0 0.630859 0.341826 0.011719 0.033970
0 0.664062 0.367304 0.015625 0.055202
0 0.703613 0.370488 0.020508 0.061571
0 0.718262 0.356688 0.030273 0.063694
0 0.769043 0.311040 0.018555 0.082803
0 0.855957 0.322718 0.020508 0.063694
0 0.963867 0.334395 0.027344 0.078556
0 0.979492 0.483015 0.039062 0.129512
0 0.628418 0.737792 0.038086 0.095541
0 0.741699 0.818471 0.057617 0.197452
0 0.378906 0.361996 0.011719 0.087049
0 0.348145 0.336518 0.034180 0.099788
0 0.292480 0.334395 0.016602 0.078556
0 0.241211 0.365180 0.039062 0.101911
0 0.202637 0.331210 0.026367 0.080679
0 0.171387 0.385350 0.020508 0.065817
0 0.116699 0.329087 0.038086 0.106157
0 0.034180 0.388535 0.035156 0.140127
0 0.048828 0.313163 0.027344 0.078556
