0 0.201172 0.339678 0.015625 0.023426
0 0.634277 0.079795 0.030273 0.062958
0 0.671875 0.158858 0.037109 0.071742
0 0.086914 0.721083 0.005859 0.010249
0 0.096191 0.715227 0.004883 0.007321
0 0.126465 0.716691 0.004883 0.010249
0 0.134277 0.701318 0.004883 0.005857
0 0.161133 0.709370 0.005859 0.010249
0 0.113770 0.760615 0.016602 0.033675
0 0.080566 0.749634 0.006836 0.014641
0 0.108887 0.743045 0.018555 0.024890
0 0.203613 0.729136 0.008789 0.017570
0 0.226562 0.721083 0.009766 0.021962
0 0.252930 0.696925 0.007812 0.011713
0 0.250000 0.742313 0.021484 0.035139
0 0.274414 0.732064 0.011719 0.026354
0 0.305176 0.743045 0.008789 0.021962
0 0.312012 0.722548 0.010742 0.021962
0 0.352539 0.662518 0.003906 0.010249
0 0.339355 0.659590 0.006836 0.019034
0 0.265625 0.709370 0.005859 0.016105
0 0.258789 0.696193 0.003906 0.013177
0 0.191895 0.762079 0.008789 0.021962
0 0.346191 0.748902 0.018555 0.036603
0 0.309082 0.571010 0.002930 0.008785
0 0.385742 0.740117 0.015625 0.030747
0 0.415039 0.704978 0.007812 0.030747
0 0.447754 0.728404 0.018555 0.042460
0 0.388672 0.696193 0.005859 0.013177
0 0.451660 0.686676 0.008789 0.014641
0 0.470215 0.685212 0.012695 0.026354
0 0.567383 0.752562 0.021484 0.043924
0 0.532715 0.699122 0.010742 0.019034
0 0.511719 0.672767 0.003906 0.010249
0 0.419922 0.778184 0.021484 0.054173
0 0.530273 0.669107 0.005859 0.011713
0 0.578125 0.794290 0.025391 0.057101
0 0.585938 0.726940 0.015625 0.033675
0 0.607910 0.718887 0.016602 0.029283
0 0.662598 0.683748 0.004883 0.011713
0 0.664062 0.708638 0.015625 0.026354
0 0.633301 0.715227 0.016602 0.027818
0 0.744141 0.754026 0.025391 0.058565
0 0.781250 0.685944 0.009766 0.027818
0 0.788086 0.669839 0.003906 0.013177
0 0.704590 0.694729 0.012695 0.030747
0 0.895996 0.710102 0.020508 0.040996
0 0.910645 0.688141 0.018555 0.029283
0 0.915527 0.667643 0.016602 0.029283
0 0.850098 0.668375 0.006836 0.013177
0 0.817871 0.695461 0.014648 0.040996
0 0.805664 0.775256 0.033203 0.054173
0 0.893555 0.762079 0.027344 0.074671
0 0.898926 0.647877 0.014648 0.033675
0 0.639160 0.778184 0.024414 0.048316
0 0.652344 0.700586 0.015625 0.030747
0 0.972168 0.557101 0.016602 0.057101
0 0.040039 0.736457 0.005859 0.011713
0 0.014160 0.767936 0.016602 0.033675
0 0.168457 0.781113 0.008789 0.030747
0 0.227051 0.849927 0.026367 0.051245
0 0.135742 0.685212 0.003906 0.008785
0 0.142578 0.798682 0.021484 0.048316
0 0.074219 0.881406 0.037109 0.067350
0 0.038086 0.855783 0.023438 0.045388
0 0.185059 0.923133 0.053711 0.103953
0 0.275391 0.860176 0.033203 0.062958
0 0.292969 0.826501 0.013672 0.057101
0 0.408203 0.855783 0.039062 0.080527
0 0.483887 0.819912 0.022461 0.064422
0 0.546875 0.849927 0.042969 0.101025
0 0.035156 0.709370 0.005859 0.010249
0 0.043457 0.706442 0.006836 0.013177
0 0.482910 0.215227 0.012695 0.040996
0 0.548340 0.147145 0.016602 0.045388
