0 0.360352 0.561849 0.021484 0.045573
0 0.260742 0.507812 0.019531 0.039062
0 0.222168 0.507161 0.018555 0.027344
0 0.050781 0.531250 0.007812 0.015625
0 0.037109 0.463542 0.009766 0.018229
0 0.107422 0.460938 0.007812 0.013021
0 0.093262 0.451823 0.008789 0.015625
0 0.118652 0.445312 0.008789 0.018229
0 0.135254 0.448568 0.004883 0.009115
0 0.894531 0.427734 0.007812 0.014323
0 0.077148 0.458333 0.007812 0.013021
0 0.067383 0.440755 0.007812 0.014323
0 0.069824 0.417318 0.006836 0.011719
0 0.053711 0.416016 0.007812 0.011719
0 0.048340 0.454427 0.008789 0.013021
0 0.138672 0.468750 0.005859 0.010417
0 0.148438 0.465495 0.007812 0.011719
0 0.132812 0.339844 0.007812 0.010417
0 0.299316 0.465495 0.006836 0.014323
0 0.312500 0.468750 0.009766 0.013021
0 0.271484 0.371745 0.007812 0.009115
0 0.258789 0.339844 0.005859 0.007812
0 0.368164 0.425130 0.009766 0.014323
0 0.388672 0.408854 0.011719 0.023438
0 0.450684 0.447917 0.006836 0.013021
0 0.555664 0.459635 0.005859 0.010417
0 0.581055 0.423177 0.005859 0.013021
0 0.590332 0.402344 0.004883 0.010417
0 0.615234 0.447917 0.007812 0.013021
0 0.579102 0.468750 0.007812 0.010417
0 0.597656 0.463542 0.007812 0.013021
0 0.625977 0.465495 0.007812 0.011719
0 0.556152 0.401042 0.008789 0.013021
0 0.604004 0.411458 0.008789 0.013021
0 0.661133 0.464193 0.007812 0.014323
0 0.875000 0.412760 0.007812 0.010417
0 0.841309 0.404948 0.006836 0.010417
0 0.808594 0.427083 0.007812 0.010417
0 0.689453 0.447266 0.007812 0.011719
0 0.731445 0.445312 0.005859 0.010417
0 0.764648 0.441406 0.007812 0.010417
0 0.729492 0.423177 0.005859 0.010417
0 0.658203 0.438802 0.007812 0.015625
0 0.744141 0.453125 0.007812 0.013021
0 0.801758 0.442057 0.009766 0.011719
0 0.586914 0.441406 0.009766 0.018229
0 0.562988 0.427083 0.008789 0.015625
0 0.030762 0.382161 0.014648 0.022135
0 0.286133 0.494792 0.007812 0.013021
0 0.064453 0.470703 0.007812 0.014323
0 0.003418 0.421224 0.006836 0.016927
0 0.279785 0.362630 0.006836 0.009115
0 0.838379 0.424479 0.008789 0.013021
0 0.906738 0.452474 0.006836 0.009115
0 0.918457 0.440755 0.008789 0.014323
0 0.914551 0.407552 0.006836 0.010417
0 0.912598 0.423177 0.006836 0.010417
0 0.935059 0.422526 0.008789 0.011719
0 0.992188 0.410807 0.007812 0.011719
0 0.877930 0.437500 0.007812 0.013021
