0 0.890137 0.781250 0.020508 0.038690
0 0.930176 0.617560 0.016602 0.038690
0 0.897461 0.591518 0.013672 0.028274
0 0.840332 0.633929 0.010742 0.029762
0 0.823730 0.607887 0.020508 0.037202
0 0.962891 0.369048 0.015625 0.032738
0 0.930176 0.456101 0.010742 0.034226
0 0.787109 0.650298 0.013672 0.038690
0 0.715820 0.647321 0.017578 0.035714
0 0.758301 0.611607 0.014648 0.029762
0 0.700684 0.603423 0.016602 0.031250
0 0.645020 0.627976 0.018555 0.035714
0 0.635254 0.609375 0.020508 0.034226
0 0.537598 0.559524 0.016602 0.032738
0 0.513672 0.632440 0.019531 0.032738
0 0.437500 0.604911 0.021484 0.043155
0 0.439453 0.543155 0.007812 0.026786
0 0.399414 0.640625 0.017578 0.031250
0 0.340820 0.601190 0.017578 0.032738
0 0.304688 0.601190 0.017578 0.035714
0 0.338867 0.566220 0.017578 0.031250
0 0.261230 0.660714 0.022461 0.029762
0 0.218750 0.683780 0.017578 0.031250
0 0.180664 0.622768 0.017578 0.034226
0 0.173340 0.645833 0.014648 0.035714
0 0.100586 0.635417 0.019531 0.038690
0 0.075195 0.590774 0.019531 0.032738
0 0.065430 0.529018 0.017578 0.034226
0 0.006836 0.565476 0.009766 0.035714
0 0.045898 0.482143 0.015625 0.029762
0 0.274414 0.493304 0.017578 0.031250
0 0.197266 0.488095 0.015625 0.032738
0 0.159668 0.518601 0.016602 0.037202
0 0.136230 0.415923 0.014648 0.028274
0 0.110840 0.438244 0.014648 0.028274
0 0.188477 0.428571 0.013672 0.023810
0 0.248047 0.415179 0.011719 0.026786
0 0.314941 0.432292 0.014648 0.028274
0 0.283691 0.453125 0.012695 0.025298
0 0.351074 0.408482 0.014648 0.019345
0 0.294922 0.380208 0.017578 0.031250
0 0.269043 0.379464 0.016602 0.035714
0 0.296875 0.352679 0.015625 0.029762
0 0.191895 0.363095 0.014648 0.032738
0 0.125977 0.371280 0.013672 0.028274
0 0.017090 0.192708 0.016602 0.028274
0 0.014648 0.226935 0.013672 0.025298
0 0.110352 0.145089 0.011719 0.022321
0 0.434570 0.430804 0.015625 0.031250
0 0.403809 0.358631 0.014648 0.026786
0 0.427246 0.477679 0.014648 0.017857
0 0.378418 0.325893 0.010742 0.029762
0 0.063477 0.061012 0.011719 0.023810
0 0.096680 0.037202 0.011719 0.026786
0 0.272461 0.060268 0.013672 0.028274
0 0.262207 0.040179 0.008789 0.020833
0 0.201660 0.047619 0.012695 0.026786
0 0.132812 0.040179 0.011719 0.023810
0 0.294434 0.028274 0.012695 0.023810
0 0.392090 0.108631 0.012695 0.029762
0 0.505859 0.256696 0.013672 0.031250
0 0.490723 0.296131 0.016602 0.029762
0 0.508789 0.299107 0.015625 0.029762
0 0.526367 0.273810 0.011719 0.023810
0 0.566895 0.288690 0.012695 0.023810
0 0.600586 0.255952 0.015625 0.029762
0 0.489746 0.211310 0.016602 0.038690
0 0.496582 0.194940 0.012695 0.029762
0 0.523926 0.182292 0.010742 0.016369
0 0.511719 0.193452 0.009766 0.017857
0 0.596191 0.148810 0.012695 0.023810
0 0.570312 0.139137 0.009766 0.022321
0 0.559570 0.111607 0.013672 0.023810
0 0.516602 0.066964 0.013672 0.023810
0 0.492188 0.073661 0.011719 0.022321
0 0.511230 0.043155 0.012695 0.023810
0 0.519531 0.020833 0.011719 0.023810
0 0.552734 0.011161 0.011719 0.022321
0 0.522949 0.113839 0.012695 0.022321
0 0.600586 0.195685 0.011719 0.025298
0 0.530762 0.156994 0.012695 0.025298
0 0.730469 0.049107 0.011719 0.026786
0 0.716309 0.061012 0.010742 0.020833
0 0.823730 0.052083 0.012695 0.023810
0 0.850098 0.035714 0.014648 0.023810
0 0.868164 0.053571 0.009766 0.023810
0 0.935547 0.141369 0.013672 0.020833
0 0.952637 0.112351 0.012695 0.025298
0 0.924316 0.093750 0.014648 0.026786
0 0.913086 0.086310 0.011719 0.023810
0 0.950684 0.177827 0.012695 0.028274
0 0.893555 0.096726 0.011719 0.029762
0 0.840820 0.173363 0.013672 0.028274
0 0.822754 0.225446 0.014648 0.031250
0 0.809082 0.241815 0.016602 0.031250
0 0.829102 0.276786 0.015625 0.032738
0 0.781250 0.270833 0.015625 0.032738
0 0.763184 0.209821 0.010742 0.026786
0 0.695312 0.267113 0.015625 0.028274
0 0.664551 0.330357 0.014648 0.029762
0 0.679688 0.304315 0.015625 0.028274
0 0.754883 0.341518 0.015625 0.031250
0 0.454590 0.202381 0.010742 0.020833
0 0.812500 0.404018 0.015625 0.031250
0 0.749023 0.416667 0.017578 0.035714
0 0.737793 0.381696 0.016602 0.031250
0 0.789551 0.466518 0.014648 0.037202
0 0.782227 0.431548 0.011719 0.026786
0 0.722656 0.473214 0.015625 0.032738
0 0.827637 0.354911 0.016602 0.028274
0 0.873535 0.290179 0.016602 0.035714
0 0.855469 0.422619 0.013672 0.029762
0 0.654785 0.468006 0.016602 0.034226
0 0.712402 0.399554 0.010742 0.028274
0 0.575195 0.186756 0.015625 0.031250
0 0.893555 0.015625 0.011719 0.019345
0 0.018555 0.405506 0.013672 0.028274
0 0.004395 0.488095 0.008789 0.029762
0 0.941406 0.538690 0.007812 0.014881
0 0.952637 0.524554 0.008789 0.016369
0 0.989746 0.492560 0.018555 0.029762
