0 0.182617 0.183480 0.009766 0.027778
0 0.064453 0.458333 0.005859 0.016082
0 0.101562 0.491959 0.007812 0.024854
0 0.173828 0.478801 0.005859 0.013158
0 0.220215 0.467105 0.006836 0.010234
0 0.239746 0.476608 0.004883 0.008772
0 0.258301 0.481725 0.004883 0.010234
0 0.284180 0.482456 0.005859 0.011696
0 0.320801 0.475146 0.004883 0.011696
0 0.432617 0.425439 0.009766 0.023392
0 0.475098 0.415936 0.012695 0.030702
0 0.508789 0.440789 0.009766 0.019006
0 0.482422 0.458333 0.007812 0.016082
0 0.522949 0.379386 0.016602 0.033626
0 0.583496 0.424708 0.008789 0.019006
0 0.604004 0.421053 0.008789 0.017544
0 0.626953 0.415936 0.009766 0.019006
0 0.657227 0.431287 0.007812 0.014620
0 0.696777 0.437865 0.008789 0.019006
0 0.736328 0.404971 0.013672 0.023392
0 0.754395 0.414474 0.012695 0.021930
0 0.803223 0.275585 0.022461 0.068713
0 0.341309 0.755117 0.061523 0.086257
