0 0.111328 0.286585 0.037109 0.082317
0 0.183105 0.269055 0.020508 0.041159
0 0.475098 0.183689 0.067383 0.126524
0 0.625000 0.239329 0.013672 0.033537
0 0.617676 0.254573 0.012695 0.027439
0 0.665039 0.240854 0.013672 0.036585
0 0.680664 0.255335 0.011719 0.022866
0 0.730957 0.275915 0.051758 0.085366
0 0.831543 0.209604 0.036133 0.074695
0 0.874512 0.239329 0.012695 0.027439
0 0.280273 0.266768 0.007812 0.024390
0 0.317871 0.257622 0.016602 0.027439
0 0.208984 0.271341 0.017578 0.030488
0 0.606445 0.243902 0.007812 0.018293
