0 0.912598 0.545898 0.034180 0.072266
0 0.951660 0.541992 0.012695 0.033203
0 0.852539 0.490234 0.027344 0.066406
0 0.821289 0.545898 0.033203 0.064453
0 0.751953 0.416992 0.035156 0.068359
0 0.935059 0.417969 0.024414 0.054688
0 0.943848 0.363281 0.016602 0.042969
0 0.856934 0.435547 0.022461 0.054688
0 0.727539 0.357422 0.013672 0.035156
0 0.702637 0.437500 0.024414 0.050781
0 0.685547 0.373047 0.017578 0.039062
0 0.710449 0.388672 0.020508 0.058594
0 0.634766 0.420898 0.031250 0.064453
0 0.720215 0.631836 0.034180 0.076172
0 0.691406 0.779297 0.031250 0.070312
0 0.584961 0.616211 0.046875 0.115234
0 0.593262 0.454102 0.038086 0.087891
0 0.675781 0.432617 0.021484 0.060547
0 0.615234 0.861328 0.039062 0.113281
0 0.504883 0.874023 0.078125 0.185547
0 0.446289 0.637695 0.064453 0.142578
0 0.508789 0.518555 0.042969 0.099609
0 0.535156 0.455078 0.029297 0.070312
0 0.498047 0.425781 0.025391 0.062500
0 0.293457 0.749023 0.081055 0.216797
0 0.176270 0.595703 0.045898 0.128906
0 0.209961 0.527344 0.042969 0.105469
0 0.262695 0.470703 0.033203 0.078125
0 0.299805 0.425781 0.019531 0.054688
0 0.426270 0.498047 0.030273 0.089844
0 0.444824 0.489258 0.026367 0.068359
0 0.045898 0.333008 0.013672 0.041016
0 0.065430 0.329102 0.015625 0.044922
0 0.030273 0.312500 0.013672 0.039062
0 0.020996 0.451172 0.041992 0.144531
0 0.257812 0.393555 0.019531 0.052734
0 0.243164 0.364258 0.017578 0.052734
0 0.225098 0.479492 0.024414 0.083984
0 0.262207 0.333984 0.010742 0.035156
0 0.508789 0.342773 0.027344 0.068359
0 0.541016 0.290039 0.015625 0.041016
0 0.402344 0.345703 0.021484 0.054688
0 0.374512 0.381836 0.028320 0.060547
0 0.085938 0.702148 0.050781 0.107422
0 0.078125 0.528320 0.041016 0.103516
0 0.124023 0.543945 0.029297 0.080078
0 0.482422 0.310547 0.015625 0.042969
0 0.429199 0.377930 0.020508 0.052734
