0 0.104004 0.702580 0.024414 0.023013
0 0.119141 0.781729 0.044922 0.036262
0 0.104492 0.834728 0.056641 0.046025
0 0.559570 0.703626 0.031250 0.026499
0 0.165039 0.740586 0.021484 0.020921
0 0.191406 0.728033 0.017578 0.018131
0 0.437500 0.609833 0.130859 0.099721
0 0.583496 0.675732 0.010742 0.013947
0 0.622559 0.680614 0.014648 0.015342
0 0.605957 0.722803 0.022461 0.013250
0 0.615234 0.612971 0.015625 0.012552
0 0.705078 0.633194 0.007812 0.016736
0 0.695801 0.731520 0.100586 0.090656
0 0.947754 0.701185 0.014648 0.016039
0 0.974121 0.699093 0.012695 0.009066
0 0.984375 0.634937 0.011719 0.007671
0 0.960449 0.647490 0.010742 0.010460
