0 0.824707 0.578023 0.028320 0.045514
0 0.867676 0.513004 0.022461 0.029909
0 0.708984 0.587126 0.029297 0.035111
0 0.810547 0.486346 0.021484 0.033810
0 0.693359 0.538362 0.021484 0.031209
0 0.729980 0.490247 0.018555 0.031209
0 0.654297 0.538362 0.021484 0.033810
0 0.697266 0.492198 0.015625 0.027308
0 0.643555 0.466190 0.019531 0.027308
0 0.681152 0.434980 0.014648 0.019506
0 0.777832 0.423927 0.016602 0.023407
0 0.754883 0.629389 0.027344 0.059818
0 0.623047 0.603381 0.033203 0.054616
0 0.545410 0.558518 0.020508 0.029909
0 0.966797 0.417425 0.066406 0.161248
0 0.892090 0.381014 0.018555 0.026008
0 0.839355 0.380364 0.016602 0.024707
0 0.898438 0.317945 0.013672 0.022107
0 0.935547 0.290637 0.007812 0.011704
0 0.838867 0.345904 0.009766 0.015605
0 0.711426 0.425228 0.014648 0.020806
0 0.752441 0.373862 0.012695 0.022107
0 0.662109 0.388166 0.007812 0.011704
0 0.720703 0.355657 0.005859 0.009103
0 0.712891 0.375813 0.007812 0.010403
0 0.801758 0.376463 0.013672 0.022107
0 0.815430 0.364109 0.011719 0.018205
0 0.769531 0.370611 0.015625 0.023407
0 0.810547 0.318596 0.007812 0.010403
0 0.577148 0.364109 0.007812 0.013004
0 0.162109 0.703511 0.021484 0.031209
0 0.152344 0.644343 0.017578 0.024707
0 0.125977 0.607282 0.015625 0.031209
0 0.445312 0.560468 0.031250 0.039012
0 0.335449 0.660598 0.020508 0.033810
0 0.427734 0.260078 0.009766 0.015605
0 0.391602 0.232120 0.011719 0.019506
0 0.190918 0.078674 0.014648 0.022107
0 0.140625 0.044863 0.017578 0.027308
0 0.860352 0.340052 0.011719 0.019506
0 0.809082 0.337451 0.008789 0.016905
0 0.472656 0.297139 0.009766 0.014304
0 0.562988 0.360208 0.008789 0.013004
0 0.528809 0.347854 0.008789 0.014304
0 0.500977 0.314044 0.009766 0.019506
0 0.306152 0.158648 0.012695 0.023407
