0 0.197754 0.409025 0.020508 0.034934
0 0.297852 0.371907 0.019531 0.042213
0 0.402832 0.427948 0.018555 0.032023
0 0.459473 0.502911 0.020508 0.033479
0 0.482422 0.445415 0.011719 0.029112
0 0.464844 0.449054 0.015625 0.024745
0 0.508301 0.450509 0.016602 0.030568
0 0.553223 0.419942 0.016602 0.033479
0 0.599609 0.441776 0.017578 0.033479
0 0.638672 0.427948 0.017578 0.040757
0 0.712402 0.439592 0.020508 0.034934
0 0.765625 0.437409 0.017578 0.027656
0 0.790527 0.415575 0.014648 0.027656
0 0.811523 0.446870 0.011719 0.029112
