0 0.038574 0.015464 0.004883 0.010309
0 0.056152 0.173540 0.008789 0.020619
0 0.038574 0.150344 0.012695 0.032646
0 0.109863 0.123711 0.008789 0.020619
0 0.100586 0.044674 0.005859 0.013746
0 0.104980 0.143471 0.012695 0.029210
0 0.132324 0.076460 0.012695 0.029210
0 0.079102 0.228522 0.013672 0.034364
0 0.039551 0.266323 0.014648 0.034364
0 0.058594 0.274914 0.011719 0.020619
0 0.035645 0.310997 0.016602 0.048110
0 0.064453 0.322165 0.017578 0.039519
0 0.069336 0.355670 0.017578 0.034364
0 0.092773 0.270619 0.015625 0.039519
0 0.104980 0.310997 0.020508 0.034364
0 0.128418 0.317010 0.018555 0.039519
0 0.123047 0.248282 0.013672 0.036082
0 0.159180 0.252577 0.017578 0.034364
0 0.696289 0.274055 0.017578 0.036082
0 0.602539 0.182131 0.013672 0.024055
0 0.911133 0.055842 0.013672 0.032646
0 0.962891 0.134880 0.009766 0.025773
0 0.848145 0.108247 0.010742 0.024055
0 0.816895 0.151203 0.012695 0.027491
0 0.774414 0.257732 0.019531 0.037801
0 0.790527 0.250000 0.008789 0.036082
0 0.855957 0.175258 0.012695 0.030928
0 0.870117 0.194158 0.007812 0.024055
0 0.812988 0.280928 0.016602 0.039519
0 0.751953 0.323024 0.017578 0.037801
0 0.898438 0.250859 0.015625 0.037801
0 0.857422 0.308419 0.007812 0.022337
0 0.879883 0.313574 0.015625 0.039519
0 0.920410 0.283505 0.016602 0.034364
0 0.936523 0.289519 0.017578 0.032646
0 0.933594 0.341924 0.013672 0.037801
0 0.912598 0.339347 0.020508 0.036082
0 0.750977 0.368557 0.019531 0.036082
0 0.976562 0.359107 0.019531 0.041237
0 0.888672 0.399485 0.021484 0.042955
0 0.841797 0.373711 0.009766 0.036082
0 0.836426 0.325601 0.018555 0.039519
0 0.782227 0.399485 0.021484 0.053265
0 0.774414 0.364261 0.021484 0.044674
0 0.993652 0.283505 0.012695 0.037801
0 0.655273 0.513746 0.015625 0.024055
0 0.157227 0.384021 0.015625 0.018900
0 0.181152 0.240550 0.014648 0.034364
0 0.203125 0.264605 0.017578 0.030928
0 0.217285 0.347938 0.020508 0.046392
0 0.192871 0.195876 0.014648 0.034364
0 0.185059 0.182131 0.010742 0.024055
0 0.227051 0.170962 0.012695 0.029210
0 0.198242 0.143471 0.009766 0.029210
0 0.247070 0.201031 0.011719 0.027491
0 0.263184 0.225086 0.012695 0.027491
0 0.227051 0.103952 0.006836 0.018900
0 0.284180 0.060137 0.013672 0.030928
0 0.311035 0.279210 0.024414 0.032646
0 0.303711 0.379725 0.017578 0.037801
0 0.301758 0.245704 0.017578 0.034364
0 0.297852 0.329038 0.019531 0.042955
0 0.336914 0.150344 0.011719 0.025773
0 0.333496 0.081615 0.008789 0.022337
0 0.187988 0.112543 0.008789 0.015464
0 0.010742 0.171821 0.007812 0.024055
0 0.010742 0.118557 0.009766 0.017182
0 0.021973 0.008591 0.004883 0.010309
0 0.002930 0.148625 0.005859 0.025773
0 0.377930 0.271478 0.017578 0.034364
0 0.415527 0.432131 0.024414 0.053265
0 0.405762 0.340206 0.012695 0.034364
0 0.414062 0.223368 0.015625 0.037801
0 0.465820 0.208763 0.013672 0.032646
0 0.535156 0.182990 0.011719 0.025773
0 0.550293 0.232818 0.016602 0.032646
0 0.472656 0.299828 0.013672 0.022337
0 0.494629 0.298969 0.016602 0.037801
0 0.563477 0.371134 0.017578 0.034364
0 0.449219 0.341065 0.019531 0.046392
0 0.487793 0.341924 0.014648 0.030928
0 0.506836 0.473368 0.023438 0.053265
0 0.430176 0.096220 0.006836 0.017182
0 0.452148 0.129725 0.007812 0.018900
0 0.443359 0.163230 0.013672 0.027491
0 0.482910 0.166667 0.010742 0.024055
0 0.591797 0.182990 0.013672 0.029210
0 0.564453 0.176976 0.009766 0.024055
0 0.589355 0.150344 0.012695 0.025773
0 0.597656 0.231959 0.011719 0.024055
0 0.627930 0.189003 0.013672 0.024055
0 0.575684 0.248282 0.014648 0.032646
0 0.589844 0.262027 0.013672 0.029210
0 0.605469 0.265464 0.015625 0.032646
0 0.619629 0.308419 0.016602 0.032646
0 0.603027 0.373711 0.018555 0.032646
0 0.657227 0.267182 0.015625 0.029210
0 0.630859 0.148625 0.007812 0.018900
0 0.676758 0.043814 0.013672 0.025773
0 0.653809 0.177835 0.006836 0.029210
0 0.726562 0.198454 0.013672 0.025773
0 0.715332 0.235395 0.016602 0.034364
0 0.628418 0.375430 0.012695 0.036082
0 0.666992 0.335052 0.019531 0.037801
0 0.679199 0.290378 0.016602 0.041237
0 0.692871 0.375430 0.020508 0.036082
0 0.435547 0.304983 0.011719 0.029210
0 0.265625 0.158935 0.011719 0.022337
0 0.579102 0.359966 0.009766 0.022337
0 0.965820 0.248282 0.007812 0.022337
0 0.794922 0.163230 0.009766 0.017182
0 0.385742 0.074742 0.009766 0.022337
0 0.170898 0.165808 0.009766 0.022337
0 0.515137 0.182990 0.010742 0.022337
0 0.827637 0.195876 0.014648 0.027491
