0 0.898438 0.583333 0.031250 0.059028
0 0.920898 0.554688 0.025391 0.060764
0 0.932617 0.495660 0.013672 0.026042
0 0.917480 0.482639 0.012695 0.027778
0 0.869629 0.492188 0.014648 0.029514
0 0.851074 0.591146 0.018555 0.039931
0 0.835449 0.553819 0.016602 0.034722
0 0.804688 0.595486 0.023438 0.041667
0 0.786621 0.605903 0.016602 0.034722
0 0.758301 0.608507 0.028320 0.046875
0 0.735840 0.601562 0.018555 0.036458
0 0.729492 0.594618 0.011719 0.029514
0 0.671875 0.606771 0.027344 0.053819
0 0.654785 0.618056 0.016602 0.038194
0 0.595703 0.647569 0.013672 0.027778
0 0.603516 0.709201 0.019531 0.029514
0 0.630371 0.653646 0.012695 0.029514
0 0.548340 0.697917 0.016602 0.041667
0 0.528809 0.661458 0.018555 0.041667
0 0.589844 0.611979 0.011719 0.022569
0 0.467285 0.696181 0.022461 0.052083
0 0.400391 0.690972 0.021484 0.048611
0 0.387207 0.702257 0.008789 0.026042
0 0.349121 0.703125 0.016602 0.045139
0 0.375977 0.694444 0.009766 0.027778
0 0.450195 0.710938 0.017578 0.039931
0 0.314453 0.763889 0.017578 0.045139
0 0.280273 0.766493 0.017578 0.036458
0 0.293945 0.717882 0.013672 0.026042
0 0.253906 0.749132 0.015625 0.039931
0 0.276367 0.710938 0.009766 0.022569
0 0.500000 0.676215 0.015625 0.026042
0 0.207520 0.807292 0.014648 0.034722
0 0.118164 0.801215 0.011719 0.032986
0 0.147949 0.784722 0.014648 0.031250
0 0.168457 0.776910 0.010742 0.029514
0 0.079590 0.803819 0.010742 0.027778
0 0.556641 0.635417 0.011719 0.027778
0 0.634766 0.620660 0.009766 0.019097
0 0.943359 0.527778 0.017578 0.045139
