0 0.216309 0.353395 0.018555 0.033951
0 0.355469 0.370370 0.019531 0.037037
0 0.256836 0.306327 0.013672 0.026235
0 0.192383 0.317130 0.015625 0.029321
0 0.134766 0.329475 0.019531 0.038580
0 0.095215 0.320216 0.016602 0.026235
0 0.362793 0.305556 0.012695 0.024691
0 0.228516 0.285494 0.011719 0.021605
0 0.427734 0.368827 0.023438 0.046296
0 0.521973 0.317130 0.018555 0.032407
0 0.564453 0.330247 0.017578 0.030864
0 0.623535 0.391204 0.020508 0.041667
0 0.714355 0.623457 0.057617 0.101852
0 0.778809 0.354938 0.020508 0.046296
0 0.610352 0.305556 0.011719 0.027778
0 0.571777 0.267747 0.008789 0.020062
0 0.547363 0.269290 0.010742 0.020062
0 0.811523 0.334877 0.017578 0.030864
0 0.756348 0.316358 0.014648 0.024691
0 0.754883 0.361111 0.013672 0.037037
0 0.745605 0.340278 0.014648 0.023148
0 0.921387 0.385031 0.022461 0.035494
0 0.961914 0.347994 0.019531 0.032407
0 0.598633 0.897377 0.019531 0.149691
0 0.636230 0.335648 0.014648 0.020062
0 0.602051 0.273148 0.008789 0.012346
0 0.682129 0.311728 0.010742 0.024691
0 0.528320 0.290123 0.011719 0.024691
0 0.166992 0.407407 0.013672 0.027778
0 0.164062 0.288580 0.009766 0.021605
0 0.218262 0.256944 0.004883 0.010802
0 0.257812 0.290123 0.011719 0.018519
0 0.058105 0.333333 0.008789 0.021605
0 0.122559 0.283179 0.010742 0.020062
0 0.156738 0.250772 0.006836 0.010802
0 0.477051 0.300154 0.010742 0.016975
0 0.493652 0.276235 0.010742 0.018519
0 0.458496 0.293981 0.008789 0.016975
0 0.462891 0.273920 0.007812 0.016975
0 0.429688 0.303241 0.009766 0.020062
0 0.396484 0.314815 0.011719 0.018519
0 0.409180 0.313272 0.005859 0.012346
0 0.399414 0.282407 0.005859 0.012346
0 0.380859 0.304012 0.007812 0.015432
0 0.312012 0.277006 0.008789 0.013889
0 0.301270 0.271605 0.006836 0.015432
0 0.250977 0.268519 0.005859 0.009259
0 0.444824 0.289352 0.006836 0.013889
0 0.083008 0.379630 0.029297 0.043210
0 0.155273 0.467593 0.021484 0.052469
