0 0.115723 0.944444 0.045898 0.064327
0 0.352539 0.879386 0.033203 0.057018
0 0.245605 0.929825 0.041992 0.061404
0 0.223633 0.788012 0.031250 0.055556
0 0.223633 0.840643 0.033203 0.052632
0 0.150879 0.753655 0.030273 0.048246
0 0.164062 0.743421 0.023438 0.054094
0 0.051758 0.760234 0.033203 0.040936
0 0.010742 0.706871 0.021484 0.057018
0 0.099609 0.665205 0.023438 0.049708
0 0.340820 0.691520 0.019531 0.046784
0 0.235352 0.685673 0.017578 0.040936
0 0.250977 0.640351 0.023438 0.046784
0 0.135742 0.664474 0.027344 0.048246
0 0.166504 0.706871 0.024414 0.045322
0 0.447266 0.779240 0.029297 0.058480
0 0.386230 0.688596 0.026367 0.043860
0 0.466797 0.647661 0.021484 0.043860
0 0.394043 0.867690 0.032227 0.065789
0 0.501465 0.877193 0.028320 0.052632
0 0.472656 0.959064 0.033203 0.058480
0 0.323242 0.611111 0.023438 0.038012
0 0.360352 0.586257 0.023438 0.035088
0 0.362793 0.622807 0.018555 0.038012
0 0.296875 0.635234 0.029297 0.042398
0 0.296387 0.561404 0.022461 0.040936
0 0.273926 0.706871 0.024414 0.051170
0 0.561035 0.811404 0.030273 0.058480
0 0.601074 0.786550 0.024414 0.052632
0 0.536133 0.715643 0.013672 0.048246
0 0.500000 0.717836 0.019531 0.049708
0 0.066406 0.570175 0.023438 0.040936
0 0.128418 0.554094 0.026367 0.052632
0 0.199219 0.507310 0.021484 0.038012
0 0.199707 0.543860 0.024414 0.038012
0 0.185547 0.612573 0.027344 0.046784
0 0.231445 0.602339 0.025391 0.038012
0 0.022949 0.605263 0.024414 0.055556
0 0.045898 0.491959 0.017578 0.033626
0 0.024902 0.464912 0.018555 0.032164
0 0.036621 0.435673 0.018555 0.032164
0 0.013184 0.422515 0.018555 0.035088
0 0.015625 0.394006 0.017578 0.030702
0 0.045898 0.401316 0.017578 0.033626
0 0.108887 0.405702 0.018555 0.027778
0 0.115234 0.442251 0.021484 0.033626
0 0.184082 0.441520 0.018555 0.035088
0 0.160645 0.409357 0.018555 0.035088
0 0.208984 0.456871 0.019531 0.036550
0 0.246582 0.464912 0.020508 0.040936
0 0.255859 0.459795 0.015625 0.036550
0 0.283691 0.459064 0.020508 0.035088
0 0.309570 0.424708 0.017578 0.033626
0 0.334961 0.447368 0.019531 0.029240
0 0.337402 0.480263 0.014648 0.033626
0 0.309570 0.502193 0.017578 0.033626
0 0.323242 0.529971 0.019531 0.033626
0 0.207520 0.391813 0.018555 0.032164
0 0.220215 0.387427 0.014648 0.035088
0 0.299316 0.380117 0.016602 0.029240
0 0.355469 0.411550 0.017578 0.033626
0 0.331543 0.398392 0.014648 0.024854
0 0.268066 0.399854 0.018555 0.030702
0 0.135742 0.879386 0.021484 0.054094
0 0.524414 0.580409 0.023438 0.046784
0 0.379395 0.509503 0.018555 0.033626
0 0.387695 0.481725 0.017578 0.033626
0 0.468750 0.481725 0.019531 0.036550
0 0.494141 0.471491 0.019531 0.036550
0 0.432617 0.403509 0.017578 0.032164
0 0.374512 0.423246 0.020508 0.030702
0 0.392578 0.394737 0.015625 0.035088
0 0.393555 0.464912 0.017578 0.035088
0 0.426758 0.367690 0.013672 0.027778
0 0.406738 0.336988 0.014648 0.030702
0 0.420898 0.331140 0.013672 0.027778
0 0.374023 0.339181 0.015625 0.032164
0 0.360840 0.358187 0.014648 0.032164
0 0.336426 0.350146 0.014648 0.024854
0 0.453125 0.309211 0.013672 0.030702
0 0.439453 0.309211 0.013672 0.024854
0 0.494141 0.332602 0.013672 0.024854
0 0.479980 0.336988 0.012695 0.024854
0 0.510254 0.364766 0.012695 0.024854
0 0.543457 0.375000 0.014648 0.030702
0 0.522949 0.320906 0.012695 0.024854
0 0.431641 0.483918 0.019531 0.035088
0 0.494141 0.538743 0.021484 0.039474
0 0.520508 0.540205 0.017578 0.033626
0 0.483398 0.623538 0.017578 0.042398
0 0.402832 0.587719 0.020508 0.040936
0 0.629395 0.966374 0.030273 0.061404
0 0.540039 0.924708 0.029297 0.054094
0 0.801270 0.929094 0.032227 0.054094
0 0.783691 0.701754 0.024414 0.043860
0 0.858887 0.686404 0.028320 0.048246
0 0.873535 0.846491 0.026367 0.052632
0 0.716309 0.739035 0.022461 0.048246
0 0.954590 0.866959 0.030273 0.049708
0 0.988770 0.779971 0.022461 0.057018
0 0.899902 0.758041 0.024414 0.045322
0 0.890625 0.666667 0.017578 0.038012
0 0.777832 0.760965 0.024414 0.048246
0 0.737305 0.775585 0.025391 0.054094
0 0.945312 0.718567 0.019531 0.051170
0 0.914062 0.290205 0.011719 0.019006
0 0.786133 0.172515 0.015625 0.029240
0 0.945801 0.421784 0.016602 0.030702
0 0.731445 0.176901 0.015625 0.026316
0 0.766602 0.175439 0.013672 0.026316
0 0.686035 0.302632 0.014648 0.023392
0 0.698242 0.323099 0.013672 0.026316
0 0.618164 0.415205 0.015625 0.026316
0 0.602051 0.397661 0.014648 0.029240
0 0.568359 0.399123 0.015625 0.029240
0 0.616211 0.350146 0.015625 0.027778
0 0.653320 0.331871 0.013672 0.026316
0 0.666992 0.338450 0.013672 0.024854
0 0.672852 0.369152 0.015625 0.027778
0 0.650391 0.371345 0.013672 0.026316
0 0.638672 0.364766 0.013672 0.024854
0 0.699707 0.377924 0.016602 0.030702
0 0.686035 0.351608 0.012695 0.027778
0 0.643555 0.285088 0.013672 0.023392
0 0.628906 0.302632 0.011719 0.020468
0 0.621582 0.291667 0.012695 0.021930
0 0.591797 0.364035 0.013672 0.026316
0 0.643066 0.331140 0.010742 0.024854
0 0.711426 0.596491 0.020508 0.032164
0 0.693848 0.569444 0.018555 0.033626
0 0.657715 0.608918 0.018555 0.036550
0 0.539062 0.313596 0.013672 0.021930
0 0.524902 0.269737 0.010742 0.024854
0 0.510742 0.270468 0.011719 0.026316
0 0.562988 0.241959 0.012695 0.021930
0 0.549805 0.239035 0.009766 0.019006
0 0.526855 0.232456 0.010742 0.020468
0 0.480469 0.243421 0.009766 0.021930
0 0.487793 0.221491 0.008789 0.016082
0 0.471191 0.225146 0.008789 0.017544
0 0.498047 0.265351 0.011719 0.021930
0 0.464844 0.267544 0.009766 0.026316
0 0.452148 0.271199 0.011719 0.024854
0 0.419434 0.258772 0.010742 0.020468
0 0.437500 0.270468 0.009766 0.017544
0 0.445312 0.231725 0.009766 0.019006
0 0.460938 0.228801 0.009766 0.021930
0 0.429199 0.217836 0.010742 0.020468
0 0.409180 0.242690 0.011719 0.023392
0 0.389648 0.241228 0.009766 0.020468
0 0.373047 0.232456 0.011719 0.023392
0 0.362793 0.195906 0.008789 0.017544
0 0.373535 0.212719 0.008789 0.016082
0 0.343262 0.218567 0.010742 0.021930
0 0.345215 0.304825 0.012695 0.027778
0 0.254395 0.322368 0.012695 0.024854
0 0.233398 0.366228 0.013672 0.027778
0 0.252930 0.372076 0.013672 0.027778
0 0.321777 0.331140 0.012695 0.021930
0 0.322754 0.361111 0.012695 0.023392
0 0.311035 0.299708 0.014648 0.023392
0 0.329102 0.316520 0.011719 0.019006
0 0.288574 0.300439 0.012695 0.024854
0 0.406250 0.301170 0.011719 0.020468
0 0.327148 0.283626 0.011719 0.023392
0 0.313965 0.279240 0.010742 0.023392
0 0.294434 0.274854 0.010742 0.023392
0 0.326172 0.231725 0.009766 0.019006
0 0.026367 0.339912 0.015625 0.027778
0 0.062500 0.341374 0.015625 0.027778
0 0.096191 0.375000 0.014648 0.027778
0 0.118652 0.364766 0.016602 0.027778
0 0.159668 0.364035 0.016602 0.026316
0 0.180664 0.358187 0.015625 0.029240
0 0.181152 0.335526 0.016602 0.027778
0 0.150391 0.305556 0.015625 0.029240
0 0.117676 0.317982 0.016602 0.033626
0 0.088867 0.293860 0.015625 0.029240
0 0.027344 0.297515 0.015625 0.030702
0 0.052246 0.286550 0.014648 0.026316
0 0.054199 0.255117 0.012695 0.024854
0 0.065430 0.260234 0.011719 0.023392
0 0.085938 0.250731 0.013672 0.024854
0 0.111328 0.252193 0.015625 0.024854
0 0.142578 0.274123 0.013672 0.024854
0 0.100586 0.291667 0.011719 0.027778
0 0.108887 0.282895 0.012695 0.027778
0 0.153809 0.266813 0.012695 0.024854
0 0.186523 0.254386 0.013672 0.026316
0 0.178223 0.278509 0.012695 0.021930
0 0.173340 0.295322 0.014648 0.023392
0 0.204590 0.296784 0.014648 0.026316
0 0.344727 0.269737 0.011719 0.024854
0 0.327148 0.266813 0.013672 0.021930
0 0.312012 0.249269 0.010742 0.019006
0 0.313477 0.200292 0.009766 0.020468
0 0.334961 0.190789 0.007812 0.019006
0 0.278809 0.230994 0.012695 0.020468
0 0.254395 0.265351 0.010742 0.021930
0 0.262695 0.249269 0.011719 0.021930
0 0.265137 0.271199 0.008789 0.019006
0 0.229492 0.269006 0.009766 0.020468
0 0.232422 0.222222 0.011719 0.020468
0 0.224121 0.239035 0.010742 0.021930
0 0.248047 0.188596 0.009766 0.020468
0 0.305176 0.179094 0.010742 0.021930
0 0.268555 0.301170 0.013672 0.020468
0 0.096680 0.229532 0.011719 0.020468
0 0.079102 0.232456 0.011719 0.020468
0 0.098633 0.211257 0.009766 0.019006
0 0.102539 0.196637 0.009766 0.019006
0 0.116211 0.188596 0.009766 0.020468
0 0.134277 0.217105 0.010742 0.019006
0 0.150879 0.241228 0.008789 0.014620
0 0.173340 0.184942 0.008789 0.016082
0 0.139648 0.203947 0.009766 0.016082
0 0.188965 0.215643 0.012695 0.019006
0 0.198242 0.185673 0.009766 0.017544
0 0.038086 0.156433 0.011719 0.017544
0 0.060547 0.161550 0.009766 0.019006
0 0.047852 0.146199 0.007812 0.017544
0 0.223633 0.206871 0.009766 0.019006
0 0.113770 0.227339 0.012695 0.021930
0 0.126465 0.247076 0.010742 0.023392
0 0.176758 0.241228 0.009766 0.017544
0 0.301758 0.133772 0.007812 0.016082
0 0.300293 0.119883 0.006836 0.014620
0 0.318848 0.157164 0.006836 0.016082
0 0.346680 0.152778 0.007812 0.016082
0 0.307129 0.156433 0.008789 0.014620
0 0.406738 0.228801 0.010742 0.019006
0 0.250488 0.154240 0.008789 0.016082
0 0.208984 0.150585 0.007812 0.014620
0 0.203125 0.056287 0.005859 0.010234
0 0.169922 0.095760 0.007812 0.013158
0 0.374023 0.105994 0.003906 0.010234
0 0.366699 0.058480 0.004883 0.011696
0 0.291992 0.937865 0.023438 0.059942
0 0.551758 0.355994 0.011719 0.027778
0 0.883789 0.281433 0.009766 0.019006
0 0.561523 0.328216 0.011719 0.027778
0 0.661621 0.308480 0.008789 0.020468
0 0.371094 0.270468 0.011719 0.017544
0 0.134766 0.130117 0.005859 0.014620
0 0.074219 0.086257 0.007812 0.014620
0 0.078613 0.165205 0.008789 0.014620
0 0.014648 0.067982 0.007812 0.013158
0 0.029785 0.140351 0.008789 0.011696
0 0.026855 0.173977 0.006836 0.014620
0 0.011230 0.172515 0.008789 0.014620
0 0.086914 0.184211 0.009766 0.017544
0 0.101074 0.163012 0.008789 0.016082
0 0.055176 0.208333 0.008789 0.016082
0 0.324219 0.211257 0.007812 0.013158
0 0.201172 0.249269 0.011719 0.021930
0 0.200195 0.417398 0.013672 0.016082
0 0.215332 0.279971 0.014648 0.021930
0 0.293945 0.869152 0.031250 0.065789
