0 0.187500 0.634698 0.058594 0.052443
0 0.073242 0.733477 0.132812 0.109195
0 0.377930 0.605603 0.046875 0.048851
0 0.473145 0.654095 0.043945 0.042385
0 0.536621 0.755747 0.098633 0.096264
0 0.546387 0.731681 0.071289 0.072557
0 0.471191 0.348779 0.012695 0.020833
0 0.576660 0.677443 0.043945 0.040230
0 0.595703 0.570402 0.023438 0.017241
0 0.690918 0.602371 0.038086 0.043822
0 0.789551 0.622126 0.008789 0.008621
0 0.865234 0.666307 0.048828 0.040948
0 0.835938 0.788075 0.140625 0.133621
0 0.474121 0.948994 0.049805 0.102011
0 0.869629 0.557112 0.016602 0.019397
0 0.116699 0.586925 0.047852 0.043103
0 0.052246 0.580819 0.032227 0.029454
0 0.312012 0.550647 0.018555 0.013649
0 0.142578 0.577586 0.031250 0.033046
0 0.806641 0.555675 0.017578 0.017960
