0 0.026367 0.552734 0.009766 0.014323
0 0.071777 0.554688 0.010742 0.015625
0 0.107422 0.552083 0.007812 0.015625
0 0.154297 0.542318 0.009766 0.014323
0 0.194336 0.550781 0.009766 0.018229
0 0.217285 0.551432 0.010742 0.016927
0 0.241211 0.555339 0.009766 0.016927
0 0.264648 0.558594 0.005859 0.013021
0 0.303223 0.557292 0.012695 0.015625
0 0.347168 0.554036 0.008789 0.014323
0 0.324707 0.586589 0.004883 0.011719
0 0.328125 0.582682 0.005859 0.011719
0 0.439941 0.546875 0.006836 0.013021
0 0.471191 0.552083 0.006836 0.013021
0 0.482422 0.542969 0.007812 0.018229
0 0.516602 0.543620 0.009766 0.016927
0 0.488281 0.628906 0.009766 0.028646
0 0.550293 0.555339 0.010742 0.016927
0 0.628418 0.602214 0.012695 0.032552
0 0.642578 0.621094 0.013672 0.031250
0 0.588379 0.551432 0.008789 0.014323
0 0.639160 0.549479 0.008789 0.015625
0 0.685059 0.543620 0.008789 0.016927
0 0.597168 0.565755 0.008789 0.016927
0 0.730957 0.550130 0.010742 0.019531
0 0.780273 0.548828 0.009766 0.016927
0 0.823242 0.555339 0.009766 0.016927
0 0.866211 0.559245 0.009766 0.014323
0 0.917480 0.557943 0.010742 0.019531
0 0.958496 0.565755 0.010742 0.016927
0 0.988770 0.559245 0.010742 0.016927
0 0.083984 0.633464 0.011719 0.011719
0 0.154297 0.664714 0.007812 0.011719
0 0.394043 0.570312 0.008789 0.010417
