0 0.118164 0.389831 0.011719 0.023468
0 0.148926 0.371578 0.014648 0.026076
0 0.458496 0.430900 0.014648 0.024772
0 0.395996 0.199478 0.004883 0.007823
0 0.596191 0.254237 0.004883 0.010430
0 0.618164 0.254889 0.005859 0.009126
0 0.709961 0.264668 0.005859 0.010430
0 0.723145 0.258801 0.006836 0.011734
0 0.746582 0.268579 0.004883 0.010430
0 0.761719 0.269883 0.005859 0.010430
0 0.764648 0.257497 0.005859 0.009126
0 0.783691 0.262712 0.006836 0.011734
0 0.996094 0.269231 0.007812 0.019557
0 0.979980 0.746415 0.024414 0.079531
0 0.931641 0.387223 0.007812 0.015645
