0 0.983398 0.289835 0.017578 0.030220
0 0.951172 0.303571 0.017578 0.027473
0 0.923828 0.304258 0.015625 0.028846
0 0.976074 0.233516 0.008789 0.013736
0 0.887695 0.345467 0.021484 0.037088
0 0.830078 0.394918 0.019531 0.028846
0 0.823242 0.428571 0.025391 0.049451
0 0.766602 0.412775 0.027344 0.045330
0 0.899902 0.419643 0.018555 0.034341
0 0.824707 0.300137 0.006836 0.015110
0 0.799316 0.288462 0.008789 0.013736
0 0.833496 0.276786 0.006836 0.009615
0 0.784668 0.305632 0.006836 0.012363
0 0.756348 0.319368 0.008789 0.017857
0 0.731445 0.332418 0.009766 0.013736
0 0.721191 0.333104 0.008789 0.015110
0 0.703613 0.412775 0.036133 0.056319
0 0.692871 0.344093 0.008789 0.015110
0 0.650879 0.442995 0.016602 0.028846
0 0.636719 0.387363 0.017578 0.027473
0 0.672363 0.357143 0.010742 0.016484
0 0.678711 0.339286 0.007812 0.013736
0 0.607422 0.403159 0.013672 0.017857
0 0.589355 0.388736 0.008789 0.010989
0 0.640625 0.486264 0.025391 0.038462
0 0.606445 0.447115 0.021484 0.034341
0 0.590332 0.442308 0.014648 0.024725
0 0.541016 0.475962 0.031250 0.050824
0 0.513184 0.497940 0.022461 0.034341
0 0.506836 0.446429 0.019531 0.032967
0 0.472656 0.454670 0.013672 0.030220
0 0.484375 0.451923 0.009766 0.019231
0 0.537598 0.412088 0.016602 0.021978
0 0.547852 0.396291 0.007812 0.017857
0 0.565918 0.388049 0.010742 0.023352
0 0.563965 0.372940 0.008789 0.012363
0 0.460449 0.517857 0.026367 0.046703
0 0.434570 0.531593 0.031250 0.054945
0 0.424316 0.471154 0.016602 0.032967
0 0.394531 0.469093 0.013672 0.020604
0 0.406738 0.448489 0.012695 0.023352
0 0.375977 0.446429 0.011719 0.024725
0 0.382324 0.484890 0.016602 0.027473
0 0.381348 0.546703 0.020508 0.035714
0 0.344727 0.540522 0.029297 0.048077
0 0.354492 0.497940 0.015625 0.034341
0 0.335938 0.605769 0.031250 0.049451
0 0.251953 0.639423 0.025391 0.056319
0 0.275391 0.541896 0.021484 0.037088
0 0.247559 0.571429 0.024414 0.046703
0 0.218262 0.572802 0.018555 0.035714
0 0.245117 0.525412 0.015625 0.023352
0 0.212402 0.524038 0.016602 0.026099
0 0.229980 0.504808 0.012695 0.020604
0 0.274414 0.507555 0.023438 0.037088
0 0.301270 0.495192 0.016602 0.028846
0 0.169434 0.538462 0.014648 0.021978
0 0.165039 0.582418 0.025391 0.041209
0 0.150391 0.548764 0.013672 0.017857
0 0.137207 0.611264 0.030273 0.049451
0 0.069336 0.602335 0.044922 0.067308
0 0.100586 0.565247 0.019531 0.034341
0 0.082520 0.554258 0.010742 0.020604
0 0.126953 0.546703 0.013672 0.027473
0 0.020508 0.592033 0.023438 0.043956
0 0.007324 0.616071 0.014648 0.017857
0 0.281250 0.475275 0.013672 0.019231
0 0.397949 0.437500 0.010742 0.017857
0 0.388672 0.442308 0.007812 0.013736
