0 0.306641 0.511966 0.007812 0.018803
0 0.275879 0.508547 0.006836 0.011966
0 0.280762 0.422222 0.004883 0.010256
0 0.180664 0.429060 0.005859 0.006838
0 0.174316 0.429060 0.006836 0.006838
0 0.200195 0.413675 0.005859 0.013675
0 0.196289 0.434188 0.005859 0.013675
0 0.196777 0.464957 0.006836 0.006838
0 0.191406 0.470940 0.003906 0.005128
0 0.246582 0.403419 0.004883 0.010256
0 0.280273 0.394017 0.003906 0.008547
0 0.263672 0.449573 0.005859 0.017094
0 0.252441 0.439316 0.004883 0.010256
0 0.203125 0.446154 0.005859 0.010256
0 0.216797 0.464957 0.005859 0.010256
0 0.190430 0.418803 0.003906 0.006838
0 0.252930 0.382051 0.003906 0.005128
0 0.258301 0.404274 0.004883 0.008547
0 0.268555 0.400000 0.001953 0.003419
0 0.238281 0.442735 0.007812 0.010256
0 0.276367 0.480342 0.007812 0.013675
0 0.281738 0.464103 0.006836 0.015385
0 0.042480 0.454701 0.008789 0.017094
0 0.036621 0.454701 0.004883 0.010256
0 0.020508 0.538462 0.007812 0.013675
0 0.044434 0.537607 0.008789 0.015385
0 0.037598 0.536752 0.002930 0.006838
0 0.052734 0.490598 0.003906 0.006838
0 0.054199 0.533333 0.006836 0.013675
0 0.056152 0.510256 0.008789 0.018803
0 0.065430 0.522222 0.009766 0.022222
0 0.012695 0.625641 0.009766 0.013675
0 0.009277 0.671795 0.006836 0.017094
0 0.081055 0.645299 0.013672 0.022222
0 0.085938 0.551282 0.007812 0.011966
0 0.098145 0.527350 0.006836 0.015385
0 0.084961 0.523932 0.003906 0.005128
0 0.077637 0.527350 0.004883 0.011966
0 0.124512 0.537607 0.008789 0.011966
0 0.120605 0.570085 0.010742 0.022222
0 0.128418 0.634188 0.004883 0.017094
0 0.147949 0.606838 0.008789 0.017094
0 0.167969 0.623932 0.003906 0.020513
0 0.055176 0.567521 0.006836 0.010256
0 0.144043 0.527350 0.006836 0.015385
0 0.187012 0.594017 0.004883 0.015385
0 0.181152 0.564957 0.010742 0.015385
0 0.175293 0.538462 0.008789 0.017094
0 0.171875 0.518803 0.007812 0.018803
0 0.171875 0.494017 0.005859 0.013675
0 0.187500 0.498291 0.001953 0.005128
0 0.190918 0.496581 0.002930 0.005128
0 0.200684 0.547009 0.006836 0.013675
0 0.207520 0.560684 0.004883 0.006838
0 0.223145 0.580342 0.010742 0.022222
0 0.064941 0.476068 0.008789 0.015385
0 0.089844 0.430769 0.007812 0.013675
0 0.022949 0.442735 0.006836 0.006838
0 0.007812 0.429915 0.005859 0.015385
0 0.030762 0.529060 0.006836 0.011966
0 0.105957 0.505128 0.006836 0.008547
0 0.113770 0.489744 0.004883 0.008547
0 0.224609 0.543590 0.011719 0.013675
0 0.181641 0.522222 0.005859 0.011966
0 0.188965 0.520513 0.004883 0.008547
0 0.089355 0.698291 0.008789 0.022222
0 0.160645 0.706838 0.004883 0.015385
0 0.144043 0.829060 0.010742 0.030769
0 0.207520 0.767521 0.006836 0.023932
0 0.379883 0.747863 0.007812 0.022222
0 0.150879 0.903419 0.006836 0.032479
0 0.014648 0.833333 0.007812 0.029060
0 0.019531 0.664103 0.007812 0.022222
0 0.325195 0.818803 0.003906 0.020513
0 0.263672 0.551282 0.007812 0.015385
0 0.365234 0.533333 0.013672 0.027350
0 0.330078 0.560684 0.011719 0.030769
0 0.260742 0.603419 0.007812 0.013675
0 0.216797 0.612821 0.007812 0.022222
0 0.279785 0.547009 0.008789 0.006838
0 0.290039 0.560684 0.011719 0.023932
0 0.344727 0.536752 0.009766 0.013675
0 0.341797 0.529060 0.007812 0.015385
0 0.354980 0.517949 0.008789 0.013675
0 0.395508 0.541880 0.009766 0.017094
0 0.285645 0.511111 0.006836 0.020513
0 0.297363 0.513675 0.008789 0.011966
0 0.377930 0.511111 0.005859 0.006838
0 0.362793 0.505128 0.004883 0.005128
0 0.427734 0.695726 0.009766 0.020513
0 0.237793 0.541880 0.006836 0.013675
0 0.287598 0.447009 0.006836 0.008547
0 0.319336 0.464103 0.007812 0.011966
0 0.336426 0.490598 0.006836 0.013675
0 0.359863 0.483761 0.008789 0.020513
0 0.367676 0.482051 0.004883 0.013675
0 0.373047 0.491453 0.005859 0.011966
0 0.297852 0.405983 0.005859 0.008547
0 0.403809 0.395726 0.004883 0.015385
0 0.416992 0.410256 0.003906 0.006838
0 0.460449 0.527350 0.010742 0.022222
0 0.455078 0.512821 0.007812 0.017094
0 0.432617 0.540171 0.007812 0.010256
0 0.451172 0.438462 0.005859 0.008547
0 0.306641 0.450427 0.003906 0.005128
0 0.320801 0.405983 0.004883 0.008547
0 0.351074 0.505128 0.008789 0.015385
0 0.488281 0.494017 0.007812 0.010256
0 0.500000 0.495726 0.007812 0.013675
0 0.486816 0.464103 0.004883 0.008547
0 0.672852 0.517094 0.007812 0.015385
0 0.686523 0.525641 0.005859 0.018803
0 0.635742 0.531624 0.007812 0.017094
0 0.551270 0.410256 0.008789 0.006838
0 0.523438 0.457265 0.005859 0.005128
0 0.506348 0.513675 0.008789 0.018803
0 0.508301 0.539316 0.008789 0.025641
0 0.492676 0.546154 0.006836 0.018803
0 0.536621 0.557265 0.006836 0.017094
0 0.528809 0.548718 0.006836 0.020513
0 0.540527 0.526496 0.008789 0.017094
0 0.554199 0.525641 0.006836 0.011966
0 0.471680 0.441026 0.005859 0.006838
0 0.559570 0.464957 0.005859 0.010256
0 0.539062 0.473504 0.005859 0.010256
0 0.501953 0.472650 0.005859 0.008547
0 0.523926 0.486325 0.006836 0.011966
0 0.581055 0.519658 0.005859 0.013675
0 0.670898 0.423077 0.005859 0.008547
0 0.629395 0.476923 0.006836 0.020513
0 0.619141 0.480342 0.003906 0.006838
0 0.604004 0.521368 0.006836 0.017094
0 0.539551 0.461538 0.006836 0.006838
0 0.519531 0.510256 0.009766 0.015385
0 0.563965 0.496581 0.006836 0.008547
0 0.546387 0.490598 0.006836 0.010256
0 0.560059 0.486325 0.006836 0.008547
0 0.573242 0.462393 0.005859 0.011966
0 0.585449 0.464957 0.006836 0.013675
0 0.491699 0.404274 0.004883 0.008547
0 0.477051 0.411111 0.002930 0.005128
0 0.593750 0.446154 0.003906 0.006838
0 0.662598 0.512821 0.008789 0.017094
0 0.668945 0.547863 0.005859 0.011966
0 0.630371 0.555556 0.008789 0.023932
0 0.643555 0.563248 0.007812 0.015385
0 0.691406 0.570940 0.007812 0.020513
0 0.540039 0.501709 0.007812 0.011966
0 0.520020 0.526496 0.004883 0.010256
0 0.512207 0.467521 0.004883 0.005128
0 0.477051 0.477778 0.006836 0.008547
0 0.484375 0.511966 0.005859 0.011966
0 0.492188 0.520513 0.007812 0.008547
0 0.563965 0.555556 0.008789 0.010256
0 0.590820 0.553846 0.007812 0.013675
0 0.582520 0.570940 0.006836 0.010256
0 0.600098 0.579487 0.008789 0.020513
0 0.465820 0.415385 0.001953 0.003419
0 0.690430 0.506838 0.005859 0.011966
0 0.698730 0.510256 0.004883 0.011966
0 0.725586 0.545299 0.007812 0.017094
0 0.694336 0.529060 0.007812 0.018803
0 0.723633 0.488889 0.009766 0.017094
0 0.726074 0.442735 0.004883 0.006838
0 0.733398 0.436752 0.003906 0.008547
0 0.720215 0.372650 0.004883 0.010256
0 0.720215 0.451282 0.002930 0.006838
0 0.724609 0.416239 0.003906 0.008547
0 0.736816 0.415385 0.004883 0.006838
0 0.744629 0.466667 0.004883 0.010256
0 0.751953 0.434188 0.003906 0.006838
0 0.757812 0.464957 0.009766 0.023932
0 0.713867 0.514530 0.003906 0.006838
0 0.758301 0.497436 0.008789 0.013675
0 0.770508 0.505983 0.005859 0.006838
0 0.788086 0.504274 0.005859 0.017094
0 0.742188 0.536752 0.009766 0.017094
0 0.735352 0.512821 0.007812 0.017094
0 0.599609 0.804274 0.011719 0.035897
0 0.632812 0.784615 0.013672 0.034188
0 0.655762 0.777778 0.016602 0.034188
0 0.482910 0.730769 0.012695 0.032479
0 0.519043 0.733333 0.010742 0.030769
0 0.496582 0.888034 0.012695 0.022222
0 0.549805 0.905983 0.009766 0.030769
0 0.422852 0.859829 0.009766 0.023932
0 0.423828 0.953846 0.005859 0.027350
0 0.692383 0.861538 0.007812 0.023932
0 0.689453 0.918803 0.017578 0.029060
0 0.698730 0.800000 0.014648 0.030769
0 0.734375 0.818803 0.015625 0.030769
0 0.729980 0.775214 0.016602 0.035897
0 0.685547 0.717094 0.015625 0.032479
0 0.703125 0.770085 0.009766 0.025641
0 0.733887 0.737607 0.010742 0.029060
0 0.693848 0.664103 0.014648 0.029060
0 0.699707 0.634188 0.014648 0.030769
0 0.701172 0.608547 0.007812 0.013675
0 0.718750 0.600000 0.013672 0.030769
0 0.698730 0.586325 0.010742 0.020513
0 0.644531 0.692308 0.007812 0.020513
0 0.669434 0.670085 0.008789 0.010256
0 0.606934 0.740171 0.014648 0.023932
0 0.625488 0.732479 0.010742 0.022222
0 0.568359 0.740171 0.009766 0.030769
0 0.443359 0.670085 0.009766 0.020513
0 0.467285 0.656410 0.010742 0.020513
0 0.488770 0.683761 0.008789 0.023932
0 0.511230 0.694017 0.012695 0.027350
0 0.541992 0.710256 0.013672 0.025641
0 0.567871 0.705128 0.012695 0.018803
0 0.600098 0.686325 0.012695 0.022222
0 0.618164 0.650427 0.011719 0.029060
0 0.639160 0.635897 0.008789 0.020513
0 0.614258 0.627350 0.011719 0.020513
0 0.651855 0.600000 0.008789 0.020513
0 0.565918 0.611966 0.010742 0.020513
0 0.627930 0.589744 0.009766 0.020513
0 0.604980 0.552137 0.006836 0.017094
0 0.603516 0.604274 0.013672 0.025641
0 0.568359 0.642735 0.007812 0.013675
0 0.473145 0.560684 0.008789 0.010256
0 0.477051 0.523077 0.008789 0.017094
0 0.584961 0.627350 0.007812 0.013675
0 0.540039 0.673504 0.011719 0.027350
0 0.939941 0.509402 0.008789 0.017094
0 0.895508 0.497436 0.005859 0.013675
0 0.911133 0.497436 0.007812 0.013675
0 0.932617 0.499145 0.007812 0.017094
0 0.886230 0.563248 0.010742 0.015385
0 0.880859 0.605983 0.011719 0.022222
0 0.916992 0.591453 0.009766 0.017094
0 0.877930 0.467521 0.007812 0.011966
0 0.874023 0.529915 0.007812 0.017094
0 0.829102 0.578632 0.007812 0.015385
0 0.847656 0.569231 0.011719 0.017094
0 0.854004 0.588034 0.006836 0.013675
0 0.854492 0.624786 0.011719 0.018803
0 0.922852 0.628205 0.009766 0.018803
0 0.769043 0.448718 0.004883 0.008547
0 0.800781 0.762393 0.015625 0.030769
0 0.935547 0.838462 0.019531 0.042735
0 0.870605 0.837607 0.016602 0.034188
0 0.873535 0.777778 0.014648 0.037607
0 0.798340 0.917949 0.022461 0.027350
0 0.932617 0.933333 0.021484 0.041026
0 0.765625 0.804274 0.015625 0.039316
0 0.979980 0.921368 0.018555 0.034188
0 0.909180 0.704274 0.011719 0.027350
0 0.938965 0.718803 0.016602 0.029060
0 0.900879 0.652991 0.010742 0.020513
0 0.796875 0.676923 0.007812 0.023932
0 0.820801 0.708547 0.014648 0.032479
0 0.794434 0.636752 0.012695 0.015385
0 0.841309 0.729915 0.016602 0.034188
0 0.803223 0.847009 0.014648 0.035897
0 0.834961 0.859829 0.017578 0.037607
0 0.882812 0.912821 0.023438 0.044444
0 0.822754 0.971795 0.020508 0.029060
0 0.767578 0.654701 0.007812 0.017094
0 0.209961 0.634188 0.009766 0.020513
0 0.249512 0.600000 0.004883 0.017094
0 0.249023 0.499145 0.007812 0.017094
0 0.278809 0.492308 0.006836 0.013675
0 0.288574 0.494017 0.006836 0.010256
0 0.307617 0.483761 0.005859 0.013675
0 0.297852 0.464103 0.005859 0.015385
0 0.312988 0.447009 0.004883 0.011966
0 0.328613 0.501709 0.004883 0.015385
0 0.150879 0.515385 0.008789 0.015385
0 0.132812 0.508547 0.005859 0.015385
0 0.115723 0.593162 0.008789 0.010256
0 0.001953 0.507692 0.003906 0.017094
0 0.019531 0.459829 0.007812 0.010256
0 0.209473 0.673504 0.006836 0.017094
0 0.267090 0.405983 0.006836 0.011966
0 0.266113 0.427350 0.006836 0.017094
0 0.411621 0.425641 0.006836 0.013675
0 0.397461 0.465812 0.005859 0.011966
0 0.116211 0.411966 0.005859 0.013675
0 0.109375 0.405128 0.003906 0.013675
0 0.116211 0.396581 0.003906 0.006838
0 0.078613 0.421368 0.004883 0.008547
0 0.042480 0.427350 0.004883 0.010256
0 0.038574 0.423077 0.004883 0.008547
0 0.034180 0.443590 0.003906 0.008547
0 0.015625 0.423077 0.003906 0.008547
0 0.001465 0.440171 0.002930 0.011966
0 0.004395 0.470085 0.006836 0.010256
0 0.095215 0.420513 0.006836 0.013675
0 0.193848 0.390598 0.008789 0.015385
0 0.211426 0.388889 0.004883 0.008547
0 0.194824 0.375214 0.002930 0.008547
0 0.206543 0.414530 0.004883 0.008547
0 0.218750 0.447009 0.009766 0.011966
0 0.185059 0.465812 0.004883 0.011966
0 0.168457 0.398291 0.004883 0.010256
0 0.336426 0.428205 0.006836 0.011966
0 0.343750 0.404274 0.005859 0.011966
0 0.386719 0.468376 0.007812 0.017094
0 0.375488 0.478632 0.006836 0.013675
0 0.404297 0.519658 0.009766 0.017094
0 0.384766 0.532479 0.011719 0.015385
0 0.434082 0.523077 0.006836 0.017094
0 0.419922 0.541026 0.005859 0.015385
0 0.408203 0.551282 0.005859 0.011966
0 0.476074 0.504274 0.004883 0.010256
0 0.434570 0.435897 0.005859 0.013675
0 0.421387 0.437607 0.004883 0.010256
0 0.444824 0.407692 0.004883 0.011966
0 0.291016 0.390598 0.003906 0.011966
0 0.409668 0.379487 0.004883 0.010256
0 0.417969 0.373504 0.003906 0.008547
0 0.505859 0.373504 0.007812 0.015385
0 0.484863 0.438462 0.006836 0.011966
0 0.484375 0.400000 0.005859 0.010256
0 0.487305 0.343590 0.005859 0.017094
0 0.417969 0.391453 0.005859 0.010256
0 0.454590 0.426496 0.006836 0.015385
0 0.551758 0.355556 0.005859 0.013675
0 0.563477 0.350427 0.005859 0.013675
0 0.493652 0.335897 0.002930 0.005128
0 0.495117 0.354701 0.003906 0.008547
0 0.482910 0.383761 0.004883 0.008547
0 0.409668 0.347863 0.006836 0.011966
0 0.557129 0.364103 0.002930 0.010256
0 0.564453 0.370940 0.003906 0.006838
0 0.561523 0.389744 0.003906 0.006838
0 0.504883 0.394872 0.003906 0.010256
0 0.509766 0.383761 0.005859 0.011966
0 0.515137 0.453846 0.004883 0.011966
0 0.553711 0.481197 0.005859 0.015385
0 0.529297 0.500855 0.007812 0.017094
0 0.533691 0.486325 0.004883 0.015385
0 0.771484 0.764103 0.015625 0.023932
0 0.905273 0.847863 0.011719 0.020513
0 0.875000 0.726496 0.011719 0.020513
0 0.861328 0.706838 0.009766 0.018803
0 0.737793 0.862393 0.010742 0.025641
0 0.969238 0.865812 0.014648 0.029060
0 0.824707 0.680342 0.008789 0.017094
0 0.569824 0.688034 0.012695 0.022222
0 0.895508 0.751282 0.007812 0.018803
0 0.896484 0.693162 0.007812 0.015385
0 0.902344 0.572650 0.007812 0.013675
0 0.915527 0.540171 0.008789 0.017094
0 0.953613 0.543590 0.008789 0.017094
0 0.995605 0.851282 0.008789 0.037607
0 0.788086 0.583761 0.007812 0.018803
0 0.803223 0.576923 0.006836 0.015385
0 0.822754 0.559829 0.006836 0.015385
0 0.778809 0.549573 0.006836 0.018803
0 0.802246 0.478632 0.006836 0.017094
0 0.811035 0.476068 0.006836 0.018803
0 0.693848 0.542735 0.006836 0.015385
0 0.754395 0.511966 0.004883 0.011966
0 0.747559 0.496581 0.004883 0.011966
0 0.872070 0.484615 0.005859 0.015385
0 0.914062 0.477778 0.003906 0.011966
0 0.859863 0.502564 0.006836 0.013675
0 0.770020 0.477778 0.006836 0.011966
0 0.758301 0.534188 0.006836 0.018803
0 0.619141 0.535897 0.009766 0.015385
0 0.639648 0.504274 0.005859 0.013675
0 0.667480 0.491453 0.006836 0.015385
0 0.658203 0.569231 0.005859 0.013675
0 0.562012 0.538462 0.006836 0.013675
0 0.572754 0.529060 0.006836 0.011966
0 0.588379 0.500000 0.006836 0.011966
0 0.677734 0.694872 0.011719 0.035897
0 0.439453 0.548718 0.005859 0.013675
0 0.574219 0.479487 0.007812 0.011966
0 0.598633 0.467521 0.005859 0.008547
0 0.629395 0.452137 0.004883 0.008547
0 0.614258 0.379487 0.007812 0.013675
0 0.637695 0.363248 0.003906 0.008547
0 0.618652 0.384615 0.004883 0.006838
0 0.578613 0.374359 0.002930 0.006838
0 0.600098 0.359829 0.004883 0.011966
0 0.575195 0.355556 0.003906 0.006838
0 0.569824 0.361538 0.004883 0.008547
0 0.544922 0.385470 0.003906 0.008547
0 0.575684 0.441026 0.006836 0.013675
0 0.621094 0.354701 0.003906 0.011966
0 0.610352 0.357265 0.001953 0.006838
0 0.590820 0.437607 0.003906 0.006838
0 0.591309 0.423077 0.004883 0.015385
0 0.906250 0.421368 0.005859 0.011966
0 0.936523 0.448718 0.003906 0.011966
0 0.950195 0.447863 0.007812 0.017094
0 0.946777 0.469231 0.008789 0.018803
0 0.932129 0.469231 0.004883 0.011966
0 0.912598 0.460684 0.002930 0.008547
0 0.867676 0.414530 0.004883 0.011966
0 0.869629 0.364103 0.004883 0.010256
0 0.910156 0.358120 0.005859 0.011966
0 0.903809 0.386325 0.006836 0.013675
0 0.779297 0.425641 0.005859 0.010256
0 0.770508 0.432479 0.003906 0.010256
0 0.753906 0.423077 0.005859 0.011966
0 0.761230 0.432479 0.006836 0.013675
0 0.763672 0.420513 0.003906 0.010256
0 0.764160 0.397436 0.004883 0.011966
0 0.760254 0.384615 0.004883 0.010256
0 0.777832 0.352137 0.004883 0.010256
0 0.773438 0.370940 0.005859 0.013675
0 0.763672 0.378632 0.003906 0.008547
0 0.767090 0.361538 0.006836 0.011966
0 0.887207 0.409402 0.004883 0.008547
0 0.898438 0.343590 0.003906 0.010256
0 0.924805 0.444444 0.005859 0.013675
0 0.930664 0.447009 0.003906 0.015385
0 0.917480 0.457265 0.002930 0.008547
0 0.887695 0.445299 0.003906 0.008547
0 0.865723 0.387179 0.004883 0.008547
0 0.901367 0.473504 0.003906 0.013675
0 0.785645 0.480342 0.006836 0.010256
0 0.717773 0.466667 0.005859 0.013675
0 0.730957 0.381197 0.002930 0.006838
0 0.702637 0.374359 0.004883 0.010256
0 0.643555 0.373504 0.003906 0.011966
0 0.638672 0.404274 0.011719 0.025641
0 0.622559 0.409402 0.004883 0.008547
0 0.610352 0.341026 0.003906 0.008547
0 0.595215 0.342735 0.004883 0.011966
0 0.602539 0.335897 0.005859 0.008547
0 0.588867 0.368376 0.003906 0.008547
0 0.586914 0.388889 0.001953 0.005128
0 0.594238 0.391453 0.002930 0.006838
0 0.608398 0.369231 0.001953 0.006838
0 0.636719 0.375214 0.003906 0.008547
0 0.628906 0.380342 0.001953 0.005128
0 0.635254 0.423932 0.006836 0.017094
0 0.710449 0.424786 0.004883 0.011966
0 0.708008 0.393162 0.003906 0.010256
0 0.625977 0.347009 0.003906 0.006838
0 0.482422 0.343590 0.003906 0.010256
0 0.515137 0.342735 0.002930 0.008547
0 0.488281 0.359829 0.003906 0.008547
0 0.463867 0.354701 0.003906 0.008547
0 0.743164 0.371795 0.005859 0.015385
0 0.752930 0.367521 0.005859 0.013675
0 0.907715 0.983761 0.022461 0.029060
0 0.836426 0.530769 0.006836 0.015385
0 0.622559 0.787179 0.016602 0.032479
0 0.585449 0.681197 0.010742 0.018803
0 0.611328 0.564957 0.009766 0.018803
0 0.597168 0.451282 0.004883 0.006838
0 0.628906 0.497436 0.007812 0.013675
0 0.583008 0.493162 0.005859 0.011966
0 0.572754 0.511111 0.006836 0.010256
0 0.315430 0.540171 0.009766 0.023932
0 0.259277 0.547009 0.008789 0.017094
0 0.085938 0.441026 0.005859 0.010256
0 0.225098 0.457265 0.008789 0.015385
