0 0.853516 0.450331 0.105469 0.147903
0 0.777344 0.383554 0.025391 0.040839
0 0.767090 0.343819 0.028320 0.034216
0 0.410156 0.392384 0.023438 0.025386
0 0.109375 0.464680 0.089844 0.134658
0 0.094238 0.384658 0.069336 0.082781
0 0.197754 0.367550 0.034180 0.041943
0 0.428223 0.357064 0.012695 0.020971
0 0.372559 0.381898 0.014648 0.017660
0 0.358398 0.375276 0.015625 0.024283
0 0.402344 0.368102 0.021484 0.023179
0 0.672363 0.401214 0.045898 0.060706
0 0.451660 0.354305 0.012695 0.017660
0 0.220215 0.299117 0.006836 0.008830
0 0.369629 0.302980 0.006836 0.009934
