0 0.007324 0.304020 0.012695 0.025126
0 0.028320 0.296482 0.009766 0.015075
0 0.048828 0.295226 0.007812 0.017588
0 0.058105 0.277638 0.008789 0.017588
0 0.062500 0.293342 0.009766 0.016332
0 0.073730 0.300879 0.008789 0.016332
0 0.069336 0.326005 0.023438 0.031407
0 0.090820 0.285176 0.005859 0.010050
0 0.095703 0.346734 0.015625 0.020101
0 0.122070 0.288945 0.007812 0.012563
0 0.136230 0.293342 0.006836 0.011307
0 0.204102 0.301508 0.017578 0.030151
0 0.147949 0.295226 0.006836 0.012563
0 0.259277 0.287688 0.032227 0.040201
0 0.347168 0.290829 0.018555 0.028894
0 0.313965 0.295854 0.010742 0.013819
0 0.408203 0.299623 0.013672 0.018844
0 0.426270 0.296482 0.006836 0.010050
0 0.454102 0.297111 0.003906 0.006281
0 0.918457 0.308417 0.012695 0.018844
0 0.884277 0.306533 0.043945 0.062814
0 0.843750 0.293970 0.011719 0.020101
0 0.826660 0.305276 0.014648 0.022613
0 0.793457 0.310930 0.006836 0.013819
0 0.750488 0.300879 0.010742 0.018844
0 0.735840 0.295226 0.006836 0.010050
0 0.710938 0.309673 0.033203 0.064070
0 0.730469 0.354899 0.007812 0.016332
0 0.729004 0.315955 0.006836 0.013819
0 0.589355 0.258794 0.075195 0.118090
