0 0.031250 0.422104 0.005859 0.007989
0 0.156250 0.388149 0.011719 0.022636
0 0.226074 0.380160 0.014648 0.025300
0 0.307129 0.384154 0.010742 0.014647
0 0.021973 0.564581 0.036133 0.061252
0 0.052734 0.545939 0.021484 0.034621
0 0.229004 0.515313 0.024414 0.037284
0 0.301270 0.512650 0.024414 0.034621
0 0.204102 0.539947 0.027344 0.049268
0 0.202637 0.612517 0.047852 0.071904
0 0.349609 0.551931 0.039062 0.075899
0 0.380859 0.512650 0.025391 0.045273
0 0.446777 0.496005 0.028320 0.049268
0 0.639160 0.511984 0.020508 0.041278
0 0.663574 0.525300 0.032227 0.062583
0 0.746582 0.543941 0.030273 0.054594
0 0.871582 0.499334 0.040039 0.066578
0 0.829590 0.448735 0.022461 0.047936
0 0.926270 0.308256 0.022461 0.035952
0 0.679688 0.324900 0.017578 0.026631
0 0.755371 0.384820 0.004883 0.007989
0 0.485840 0.580559 0.008789 0.013316
0 0.458496 0.589214 0.008789 0.014647
0 0.457031 0.567909 0.007812 0.009321
0 0.470215 0.545939 0.006836 0.010652
0 0.479004 0.536618 0.006836 0.007989
0 0.503418 0.579893 0.006836 0.009321
0 0.488281 0.545273 0.007812 0.014647
0 0.564941 0.541944 0.006836 0.010652
0 0.594727 0.545273 0.007812 0.011984
0 0.584473 0.586551 0.010742 0.014647
0 0.541992 0.527963 0.005859 0.009321
0 0.527344 0.528628 0.005859 0.007989
0 0.557617 0.522636 0.007812 0.009321
0 0.512695 0.580559 0.007812 0.015979
0 0.541016 0.553928 0.005859 0.007989
0 0.523926 0.571904 0.004883 0.006658
0 0.600586 0.595206 0.005859 0.010652
0 0.513672 0.526631 0.007812 0.011984
0 0.497070 0.525965 0.005859 0.010652
0 0.475098 0.559920 0.008789 0.009321
0 0.476562 0.521305 0.003906 0.006658
0 0.487305 0.517976 0.003906 0.007989
0 0.510742 0.512650 0.005859 0.010652
0 0.506348 0.539947 0.006836 0.009321
0 0.455078 0.525300 0.007812 0.009321
0 0.462891 0.525965 0.005859 0.007989
0 0.456055 0.544607 0.005859 0.007989
0 0.548828 0.572570 0.007812 0.010652
