0 0.025391 0.352113 0.019531 0.045070
0 0.054688 0.338732 0.027344 0.054930
0 0.166016 0.311972 0.054688 0.097183
0 0.226074 0.355634 0.020508 0.069014
0 0.331543 0.385211 0.020508 0.038028
0 0.359375 0.371127 0.015625 0.060563
0 0.419922 0.347887 0.027344 0.050704
0 0.509766 0.361268 0.015625 0.029577
0 0.596680 0.360563 0.015625 0.028169
0 0.670410 0.333099 0.022461 0.066197
0 0.813965 0.354225 0.012695 0.023944
0 0.812500 0.306338 0.003906 0.012676
0 0.822266 0.299296 0.001953 0.004225
0 0.832520 0.355634 0.018555 0.035211
0 0.938477 0.350000 0.015625 0.029577
0 0.970703 0.369014 0.007812 0.030986
