0 0.275879 0.469618 0.016602 0.043403
0 0.356934 0.370660 0.020508 0.039931
0 0.388672 0.279514 0.025391 0.045139
0 0.396973 0.179688 0.008789 0.019097
0 0.067871 0.151042 0.012695 0.024306
0 0.092773 0.180556 0.011719 0.017361
0 0.481934 0.493924 0.034180 0.074653
0 0.454590 0.473958 0.012695 0.027778
0 0.585938 0.366319 0.025391 0.041667
0 0.624023 0.286458 0.056641 0.086806
0 0.467285 0.144097 0.008789 0.017361
0 0.556152 0.028646 0.008789 0.019097
0 0.784180 0.307292 0.029297 0.052083
0 0.917969 0.322917 0.033203 0.048611
0 0.865234 0.384549 0.023438 0.046875
