0 0.007324 0.319853 0.010742 0.025000
0 0.065430 0.264706 0.009766 0.014706
0 0.138672 0.411029 0.019531 0.051471
0 0.161621 0.272794 0.012695 0.019118
0 0.160645 0.368382 0.014648 0.030882
0 0.184082 0.416912 0.024414 0.016176
0 0.414062 0.325735 0.017578 0.027941
0 0.428711 0.394853 0.027344 0.048529
0 0.466309 0.313235 0.014648 0.029412
0 0.504395 0.333824 0.020508 0.023529
0 0.488770 0.290441 0.008789 0.016176
0 0.405762 0.296324 0.008789 0.019118
0 0.525391 0.338235 0.011719 0.017647
0 0.547363 0.354412 0.010742 0.023529
0 0.534180 0.303676 0.009766 0.016176
0 0.572754 0.347794 0.012695 0.019118
0 0.777832 0.431618 0.034180 0.063235
0 0.813477 0.475735 0.041016 0.101471
0 0.920410 0.421324 0.030273 0.075000
0 0.992188 0.417647 0.015625 0.038235
0 0.748047 0.365441 0.019531 0.045588
0 0.836426 0.341176 0.012695 0.029412
0 0.880371 0.406618 0.020508 0.045588
