0 0.948730 0.395197 0.018555 0.027656
0 0.874023 0.372635 0.015625 0.046579
0 0.869629 0.395924 0.018555 0.032023
0 0.858398 0.488355 0.019531 0.033479
0 0.917480 0.521834 0.036133 0.059680
0 0.800293 0.414119 0.016602 0.030568
0 0.778809 0.486900 0.016602 0.027656
0 0.740723 0.524017 0.020508 0.037846
0 0.774902 0.539301 0.020508 0.033479
0 0.794434 0.614265 0.038086 0.075691
0 0.670898 0.688501 0.083984 0.151383
0 0.642578 0.566230 0.033203 0.052402
0 0.642090 0.500000 0.016602 0.030568
0 0.622070 0.505822 0.013672 0.030568
0 0.631836 0.433770 0.013672 0.020378
0 0.525391 0.604803 0.021484 0.053857
0 0.593750 0.618632 0.023438 0.020378
0 0.462891 0.944687 0.087891 0.110626
0 0.144043 0.801310 0.086914 0.164483
0 0.376953 0.397380 0.064453 0.125182
0 0.150879 0.635371 0.032227 0.071325
0 0.099121 0.638282 0.028320 0.050946
0 0.263672 0.592431 0.019531 0.049491
0 0.214844 0.590975 0.023438 0.037846
0 0.158203 0.564047 0.021484 0.030568
0 0.125977 0.550218 0.015625 0.032023
0 0.103027 0.529840 0.010742 0.023290
0 0.071777 0.536390 0.012695 0.024745
0 0.215820 0.539301 0.013672 0.021834
0 0.212891 0.520378 0.011719 0.021834
0 0.062988 0.787482 0.077148 0.101892
0 0.319336 0.445415 0.009766 0.020378
0 0.281250 0.446870 0.007812 0.017467
0 0.338867 0.446870 0.011719 0.023290
0 0.200195 0.462154 0.007812 0.016012
0 0.160645 0.518923 0.008789 0.016012
0 0.134277 0.533479 0.010742 0.018923
0 0.044434 0.471616 0.012695 0.020378
0 0.198242 0.518923 0.005859 0.010189
0 0.019043 0.728530 0.038086 0.112082
