0 0.949707 0.507299 0.030273 0.048175
0 0.902832 0.514599 0.030273 0.051095
0 0.990234 0.535766 0.019531 0.058394
0 0.904785 0.754015 0.034180 0.059854
0 0.862793 0.572993 0.030273 0.056934
0 0.755859 0.731387 0.039062 0.061314
0 0.745117 0.572263 0.031250 0.052555
0 0.708008 0.550365 0.027344 0.049635
0 0.926270 0.918978 0.047852 0.080292
0 0.785156 0.810949 0.033203 0.065693
0 0.824707 0.967883 0.041992 0.064234
0 0.441895 0.864964 0.061523 0.091971
0 0.336914 0.847445 0.046875 0.074453
0 0.242188 0.858394 0.052734 0.090511
0 0.550293 0.732117 0.049805 0.086131
0 0.184082 0.715328 0.047852 0.078832
0 0.111816 0.825547 0.061523 0.100730
0 0.346191 0.614599 0.041992 0.072993
0 0.392090 0.654745 0.040039 0.074453
0 0.388672 0.570073 0.033203 0.065693
0 0.202148 0.578102 0.033203 0.055474
0 0.126465 0.605109 0.038086 0.051095
0 0.101562 0.559854 0.027344 0.045255
0 0.017090 0.732847 0.032227 0.075912
0 0.080566 0.402920 0.022461 0.032117
0 0.201172 0.439416 0.015625 0.023358
0 0.238770 0.430657 0.016602 0.029197
0 0.238281 0.379562 0.013672 0.026277
0 0.038574 0.388321 0.018555 0.029197
0 0.057129 0.492701 0.028320 0.054015
0 0.015137 0.441606 0.020508 0.039416
0 0.057129 0.321168 0.010742 0.017518
0 0.109375 0.322628 0.011719 0.023358
0 0.965332 0.450365 0.020508 0.033577
0 0.935059 0.424088 0.022461 0.039416
0 0.902344 0.328467 0.011719 0.023358
0 0.855469 0.339416 0.005859 0.016058
0 0.830566 0.331387 0.012695 0.020438
0 0.877930 0.363504 0.013672 0.020438
0 0.539551 0.558394 0.024414 0.042336
0 0.359863 0.465693 0.016602 0.032117
0 0.325684 0.447445 0.016602 0.030657
0 0.461426 0.454015 0.022461 0.043796
0 0.192383 0.405109 0.013672 0.021898
0 0.552246 0.636496 0.028320 0.084672
0 0.178223 0.942336 0.045898 0.097810
