0 0.751953 0.685764 0.130859 0.281250
0 0.395020 0.695312 0.086914 0.217014
0 0.115723 0.659722 0.086914 0.187500
0 0.094238 0.492188 0.047852 0.133681
0 0.160645 0.445312 0.045898 0.102431
0 0.014160 0.378472 0.028320 0.104167
0 0.271484 0.428819 0.042969 0.097222
0 0.319336 0.421007 0.046875 0.095486
0 0.529785 0.428819 0.041992 0.072917
0 0.486328 0.546875 0.046875 0.135417
0 0.433594 0.431424 0.029297 0.085069
0 0.846191 0.473090 0.081055 0.199653
0 0.758301 0.467882 0.049805 0.112847
0 0.737793 0.430556 0.040039 0.086806
0 0.951172 0.518229 0.058594 0.116319
0 0.895020 0.490451 0.036133 0.095486
0 0.310059 0.347222 0.030273 0.052083
0 0.097656 0.300347 0.015625 0.034722
0 0.170410 0.350694 0.012695 0.031250
0 0.147949 0.342882 0.014648 0.053819
