0 0.027832 0.229610 0.024414 0.062057
0 0.176270 0.210993 0.018555 0.039007
0 0.090820 0.379433 0.017578 0.031915
0 0.262207 0.226064 0.018555 0.040780
0 0.288574 0.214539 0.014648 0.039007
0 0.215820 0.268617 0.017578 0.051418
0 0.211914 0.194149 0.019531 0.047872
0 0.142090 0.237589 0.020508 0.042553
0 0.088379 0.212766 0.020508 0.042553
0 0.006836 0.257092 0.011719 0.056738
0 0.357422 0.267730 0.013672 0.049645
0 0.400391 0.257092 0.013672 0.031915
0 0.388184 0.190603 0.010742 0.033688
0 0.447266 0.270390 0.011719 0.037234
0 0.460449 0.265957 0.012695 0.024823
0 0.478516 0.242908 0.011719 0.035461
0 0.494141 0.232270 0.019531 0.039007
0 0.556152 0.176418 0.026367 0.047872
0 0.631348 0.251773 0.014648 0.024823
0 0.677734 0.220745 0.013672 0.033688
0 0.719727 0.184397 0.031250 0.063830
0 0.792969 0.242021 0.019531 0.047872
0 0.934082 0.150709 0.018555 0.070922
0 0.971191 0.068262 0.032227 0.093972
0 0.851074 0.215426 0.016602 0.047872
0 0.978027 0.695922 0.020508 0.090426
