0 0.446289 0.763720 0.013672 0.057927
0 0.478516 0.698171 0.015625 0.054878
0 0.388672 0.673780 0.009766 0.042683
0 0.430176 0.564024 0.008789 0.042683
0 0.371582 0.719512 0.012695 0.048780
0 0.370117 0.544207 0.013672 0.045732
0 0.337402 0.580793 0.012695 0.045732
0 0.583496 0.775915 0.016602 0.057927
0 0.602539 0.599085 0.009766 0.039634
0 0.658691 0.777439 0.010742 0.036585
0 0.684082 0.670732 0.018555 0.067073
0 0.357910 0.969512 0.032227 0.060976
0 0.461914 0.603659 0.017578 0.054878
0 0.292480 0.756098 0.018555 0.060976
0 0.299316 0.614329 0.014648 0.051829
0 0.274902 0.614329 0.014648 0.051829
0 0.251465 0.873476 0.018555 0.057927
0 0.224609 0.548780 0.011719 0.042683
0 0.395508 0.547256 0.009766 0.039634
0 0.221680 0.481707 0.007812 0.030488
0 0.244141 0.469512 0.007812 0.030488
0 0.232422 0.480183 0.009766 0.033537
0 0.580078 0.469512 0.009766 0.036585
0 0.575684 0.629573 0.012695 0.051829
0 0.216797 0.618902 0.013672 0.048780
0 0.345703 0.846037 0.023438 0.076220
0 0.093750 0.704268 0.013672 0.054878
0 0.048828 0.625000 0.013672 0.054878
0 0.026367 0.742378 0.019531 0.070122
0 0.021484 0.582317 0.013672 0.048780
0 0.279297 0.399390 0.009766 0.042683
0 0.318359 0.411585 0.011719 0.042683
0 0.132812 0.631098 0.013672 0.060976
0 0.371582 0.414634 0.010742 0.042683
0 0.322754 0.469512 0.010742 0.042683
0 0.320312 0.519817 0.011719 0.045732
0 0.318359 0.550305 0.009766 0.045732
0 0.420898 0.435976 0.007812 0.030488
0 0.856445 0.617378 0.009766 0.033537
0 0.821289 0.559451 0.009766 0.033537
0 0.803711 0.512195 0.007812 0.030488
0 0.721191 0.464939 0.008789 0.033537
0 0.827637 0.388720 0.008789 0.027439
0 0.817383 0.402439 0.007812 0.030488
0 0.771973 0.457317 0.010742 0.036585
0 0.652832 0.471037 0.008789 0.027439
0 0.653320 0.428354 0.009766 0.033537
0 0.637695 0.466463 0.005859 0.024390
0 0.640625 0.432927 0.007812 0.030488
0 0.627930 0.413110 0.005859 0.021341
0 0.610352 0.435976 0.005859 0.024390
0 0.426758 0.713415 0.011719 0.054878
0 0.494629 0.625000 0.010742 0.042683
0 0.475098 0.454268 0.010742 0.036585
0 0.449707 0.481707 0.012695 0.042683
0 0.563965 0.966463 0.038086 0.067073
0 0.463867 0.876524 0.015625 0.051829
0 0.429199 0.440549 0.008789 0.039634
0 0.401367 0.432927 0.007812 0.042683
0 0.526855 0.464939 0.008789 0.027439
0 0.535156 0.493902 0.009766 0.036585
0 0.923828 0.454268 0.007812 0.036585
0 0.949707 0.560976 0.008789 0.030488
0 0.902832 0.434451 0.008789 0.033537
0 0.753418 0.464939 0.008789 0.033537
0 0.777344 0.557927 0.007812 0.030488
0 0.401367 0.396341 0.005859 0.024390
0 0.448242 0.411585 0.007812 0.024390
