0 0.916016 0.532282 0.029297 0.049550
0 0.865723 0.545045 0.026367 0.039039
0 0.886719 0.530030 0.021484 0.033033
0 0.845215 0.500751 0.020508 0.025526
0 0.923828 0.457207 0.021484 0.034535
0 0.976562 0.480480 0.015625 0.024024
0 0.959473 0.462462 0.010742 0.018018
0 0.811035 0.598348 0.036133 0.058559
0 0.778320 0.520270 0.027344 0.046547
0 0.689941 0.514264 0.028320 0.049550
0 0.660156 0.587087 0.033203 0.051051
0 0.642090 0.461712 0.020508 0.025526
0 0.646484 0.509009 0.021484 0.030030
0 0.719727 0.476727 0.017578 0.037538
0 0.750977 0.489489 0.017578 0.030030
0 0.725586 0.529279 0.019531 0.031532
0 0.964355 0.521021 0.020508 0.033033
0 0.983887 0.566066 0.032227 0.045045
0 0.893555 0.640390 0.039062 0.043544
0 0.567383 0.601351 0.031250 0.058559
0 0.473145 0.594595 0.032227 0.054054
0 0.337402 0.564565 0.034180 0.060060
0 0.333984 0.500751 0.019531 0.028529
0 0.401855 0.500751 0.018555 0.028529
0 0.381348 0.489489 0.024414 0.042042
0 0.438965 0.521772 0.014648 0.034535
0 0.532715 0.484234 0.022461 0.037538
0 0.589844 0.447447 0.011719 0.024024
0 0.591797 0.559309 0.025391 0.037538
0 0.511230 0.434685 0.008789 0.016517
0 0.570312 0.430931 0.007812 0.015015
0 0.480957 0.445946 0.008789 0.015015
0 0.416016 0.454204 0.015625 0.022523
0 0.370117 0.412913 0.007812 0.015015
0 0.308594 0.436186 0.013672 0.028529
0 0.614258 0.443694 0.011719 0.019520
0 0.065430 0.546547 0.041016 0.054054
0 0.242188 0.547297 0.021484 0.046547
0 0.286621 0.536787 0.032227 0.034535
0 0.194336 0.482733 0.019531 0.028529
0 0.155762 0.451201 0.022461 0.031532
0 0.256348 0.461712 0.016602 0.025526
0 0.179688 0.438438 0.015625 0.024024
0 0.057617 0.486486 0.029297 0.042042
0 0.192383 0.420420 0.009766 0.018018
0 0.264160 0.429429 0.012695 0.018018
0 0.991211 0.447447 0.011719 0.018018
