0 0.017090 0.266476 0.034180 0.063037
0 0.132324 0.194126 0.030273 0.053009
0 0.200195 0.260029 0.064453 0.107450
0 0.367188 0.318768 0.044922 0.078797
0 0.331055 0.266476 0.029297 0.048711
0 0.373535 0.240688 0.022461 0.037249
0 0.467773 0.234241 0.056641 0.095989
0 0.590332 0.240688 0.041992 0.083095
0 0.504395 0.217049 0.036133 0.070201
0 0.691895 0.256447 0.036133 0.068768
0 0.791992 0.292264 0.039062 0.071633
0 0.842285 0.250716 0.051758 0.083095
0 0.932129 0.266476 0.043945 0.068768
0 0.901855 0.229943 0.032227 0.058739
0 0.086426 0.213467 0.010742 0.017192
0 0.235352 0.247135 0.027344 0.055874
0 0.432617 0.297994 0.023438 0.042980
0 0.604980 0.277221 0.018555 0.041547
0 0.624512 0.239255 0.012695 0.022923
0 0.652344 0.249284 0.015625 0.028653
0 0.540039 0.252865 0.009766 0.018625
0 0.716309 0.246418 0.010742 0.020057
0 0.770996 0.241404 0.008789 0.012894
0 0.790039 0.230659 0.011719 0.017192
0 0.965332 0.229226 0.006836 0.017192
0 0.958496 0.230659 0.008789 0.017192
