0 0.981445 0.551215 0.031250 0.095486
0 0.937988 0.458333 0.024414 0.048611
0 0.855957 0.668403 0.040039 0.079861
0 0.838379 0.454861 0.016602 0.034722
0 0.779785 0.546007 0.024414 0.053819
0 0.783203 0.418403 0.011719 0.027778
0 0.800781 0.437500 0.011719 0.024306
0 0.852051 0.558160 0.020508 0.057292
0 0.728516 0.439236 0.013672 0.034722
0 0.627441 0.526910 0.030273 0.053819
0 0.691895 0.556424 0.020508 0.050347
0 0.562012 0.522569 0.024414 0.052083
0 0.600586 0.774306 0.046875 0.079861
0 0.716309 0.624132 0.018555 0.057292
0 0.514648 0.528646 0.019531 0.053819
0 0.515137 0.483507 0.022461 0.039931
0 0.548828 0.404514 0.011719 0.024306
0 0.516602 0.406250 0.011719 0.027778
0 0.474609 0.395833 0.007812 0.024306
0 0.437500 0.627604 0.035156 0.071181
0 0.274902 0.630208 0.034180 0.076389
0 0.222168 0.603299 0.032227 0.067708
0 0.079102 0.615451 0.025391 0.067708
0 0.016602 0.562500 0.031250 0.059028
0 0.121582 0.508681 0.016602 0.034722
0 0.079102 0.472222 0.017578 0.041667
0 0.313477 0.605035 0.027344 0.067708
