0 0.348145 0.607613 0.067383 0.120059
0 0.325195 0.489751 0.052734 0.083455
0 0.689453 0.120791 0.062500 0.147877
0 0.901855 0.520498 0.053711 0.103953
0 0.835938 0.497072 0.029297 0.086384
0 0.965332 0.504392 0.053711 0.092240
0 0.256348 0.437042 0.043945 0.074671
0 0.291504 0.410688 0.022461 0.045388
0 0.383301 0.470717 0.024414 0.065886
0 0.401855 0.483163 0.026367 0.067350
0 0.288574 0.375549 0.016602 0.024890
0 0.264160 0.393119 0.014648 0.030747
0 0.329102 0.379941 0.009766 0.016105
0 0.306152 0.382138 0.010742 0.026354
0 0.381836 0.374085 0.015625 0.030747
0 0.252930 0.230600 0.011719 0.021962
0 0.279297 0.211567 0.009766 0.019034
0 0.309082 0.218887 0.010742 0.019034
0 0.331543 0.210835 0.010742 0.017570
0 0.391113 0.218887 0.010742 0.016105
0 0.409180 0.223280 0.009766 0.016105
0 0.438965 0.215959 0.010742 0.019034
