0 0.403809 0.581790 0.061523 0.108025
0 0.663574 0.534722 0.061523 0.131173
0 0.833984 0.757716 0.070312 0.132716
0 0.969727 0.588735 0.042969 0.106481
0 0.937012 0.490741 0.040039 0.092593
0 0.201660 0.476852 0.051758 0.098765
0 0.109375 0.746142 0.072266 0.100309
0 0.144043 0.541667 0.049805 0.108025
0 0.077148 0.525463 0.066406 0.121914
0 0.283691 0.408179 0.030273 0.044753
0 0.544922 0.575617 0.054688 0.114198
0 0.028320 0.368827 0.017578 0.037037
0 0.146484 0.412037 0.015625 0.040123
0 0.369141 0.410494 0.013672 0.027778
0 0.336426 0.537037 0.051758 0.111111
0 0.823730 0.489969 0.040039 0.112654
0 0.772949 0.710648 0.040039 0.131173
