0 0.225586 0.395246 0.007812 0.019366
0 0.197754 0.474472 0.008789 0.015845
0 0.154785 0.538732 0.008789 0.021127
0 0.195312 0.573063 0.009766 0.022887
0 0.240723 0.551937 0.008789 0.022887
0 0.265625 0.616197 0.005859 0.021127
0 0.250000 0.573944 0.007812 0.021127
0 0.227539 0.601232 0.007812 0.019366
0 0.243652 0.625880 0.008789 0.022887
0 0.205078 0.645246 0.009766 0.026408
0 0.176758 0.654049 0.007812 0.019366
0 0.145020 0.639085 0.008789 0.021127
0 0.156250 0.636444 0.009766 0.022887
0 0.116211 0.617958 0.007812 0.017606
0 0.089355 0.617077 0.008789 0.019366
0 0.135254 0.635563 0.006836 0.014085
0 0.139160 0.685739 0.006836 0.019366
0 0.079102 0.712148 0.007812 0.019366
0 0.078613 0.688380 0.006836 0.017606
0 0.031738 0.713908 0.006836 0.019366
0 0.041504 0.674296 0.006836 0.021127
0 0.063965 0.660211 0.006836 0.021127
0 0.090820 0.693662 0.007812 0.017606
0 0.130371 0.654049 0.006836 0.019366
0 0.121582 0.575704 0.008789 0.021127
0 0.125000 0.603873 0.007812 0.024648
0 0.156738 0.464789 0.006836 0.021127
0 0.438965 0.170775 0.004883 0.014085
0 0.494141 0.316021 0.005859 0.015845
0 0.486328 0.299296 0.007812 0.017606
0 0.509277 0.282570 0.006836 0.015845
0 0.475098 0.285211 0.006836 0.017606
0 0.494629 0.266725 0.006836 0.015845
0 0.452148 0.252641 0.005859 0.015845
0 0.456543 0.240317 0.008789 0.019366
0 0.460449 0.215669 0.006836 0.015845
0 0.434570 0.213028 0.007812 0.017606
0 0.476074 0.206866 0.006836 0.019366
0 0.554199 0.431338 0.006836 0.017606
0 0.441406 0.488556 0.005859 0.019366
0 0.414551 0.523768 0.008789 0.026408
0 0.495117 0.519366 0.007812 0.021127
0 0.593262 0.510563 0.006836 0.021127
0 0.577637 0.544894 0.006836 0.019366
0 0.586914 0.569542 0.007812 0.019366
0 0.580566 0.633803 0.008789 0.021127
0 0.564941 0.610915 0.008789 0.021127
0 0.544434 0.617958 0.008789 0.021127
0 0.530762 0.615317 0.008789 0.019366
0 0.521973 0.600352 0.008789 0.021127
0 0.494141 0.595951 0.007812 0.019366
0 0.507812 0.668134 0.007812 0.019366
0 0.461426 0.625880 0.008789 0.019366
0 0.465332 0.601232 0.006836 0.019366
0 0.446777 0.602113 0.008789 0.021127
0 0.419434 0.600352 0.006836 0.021127
0 0.422852 0.671655 0.007812 0.015845
0 0.433105 0.635563 0.004883 0.017606
0 0.544434 0.500000 0.006836 0.017606
0 0.530762 0.654049 0.006836 0.015845
0 0.454590 0.491197 0.006836 0.014085
0 0.426758 0.515845 0.007812 0.014085
0 0.062012 0.634683 0.008789 0.022887
0 0.099121 0.596831 0.008789 0.021127
0 0.574219 0.220951 0.005859 0.012324
0 0.633301 0.325704 0.006836 0.017606
0 0.689453 0.321303 0.007812 0.015845
0 0.641113 0.439261 0.006836 0.015845
0 0.764160 0.045775 0.004883 0.010563
0 0.708008 0.101232 0.003906 0.008803
0 0.686035 0.097711 0.006836 0.012324
0 0.665039 0.078345 0.003906 0.008803
0 0.857422 0.221831 0.005859 0.014085
0 0.838867 0.208627 0.005859 0.012324
0 0.814453 0.187500 0.003906 0.012324
0 0.819824 0.222711 0.004883 0.012324
0 0.792969 0.180458 0.005859 0.015845
0 0.755371 0.245599 0.004883 0.015845
0 0.768066 0.247359 0.004883 0.015845
0 0.812988 0.234155 0.004883 0.014085
0 0.857910 0.257042 0.004883 0.014085
0 0.983398 0.419894 0.007812 0.019366
0 0.928223 0.338908 0.004883 0.015845
0 0.911133 0.330106 0.003906 0.012324
0 0.646484 0.485915 0.007812 0.017606
0 0.689453 0.503521 0.007812 0.017606
0 0.697266 0.483275 0.005859 0.015845
0 0.699219 0.544894 0.007812 0.019366
0 0.717773 0.544014 0.007812 0.021127
0 0.705566 0.566901 0.008789 0.017606
0 0.670410 0.568662 0.006836 0.017606
0 0.656250 0.539613 0.005859 0.015845
0 0.641113 0.567782 0.006836 0.019366
0 0.619629 0.621479 0.008789 0.017606
0 0.644043 0.610915 0.008789 0.021127
0 0.706055 0.639965 0.009766 0.022887
0 0.695801 0.689261 0.010742 0.022887
0 0.660156 0.649648 0.009766 0.028169
0 0.704102 0.676056 0.007812 0.021127
0 0.751465 0.669894 0.006836 0.019366
0 0.760742 0.627641 0.007812 0.019366
0 0.744629 0.607394 0.006836 0.021127
0 0.748535 0.585387 0.006836 0.022887
0 0.760254 0.540493 0.008789 0.014085
0 0.773438 0.569542 0.005859 0.019366
0 0.804199 0.655810 0.008789 0.019366
0 0.767578 0.603873 0.007812 0.021127
0 0.801758 0.582746 0.007812 0.021127
0 0.816406 0.610035 0.007812 0.015845
0 0.836914 0.641725 0.007812 0.022887
0 0.832520 0.676937 0.008789 0.022887
0 0.813477 0.542254 0.007812 0.021127
0 0.785645 0.468310 0.006836 0.017606
0 0.822754 0.527289 0.006836 0.015845
0 0.774902 0.522007 0.006836 0.022887
0 0.740723 0.430458 0.006836 0.019366
0 0.711426 0.603873 0.006836 0.021127
0 0.660156 0.620599 0.005859 0.015845
0 0.731934 0.567782 0.006836 0.012324
0 0.823242 0.595070 0.011719 0.024648
0 0.737305 0.471831 0.005859 0.014085
0 0.746094 0.413732 0.005859 0.014085
0 0.741211 0.505282 0.005859 0.014085
0 0.866211 0.460387 0.007812 0.019366
0 0.851562 0.483275 0.005859 0.019366
0 0.864258 0.547535 0.005859 0.017606
0 0.858887 0.584507 0.008789 0.024648
0 0.875977 0.579225 0.007812 0.021127
0 0.854980 0.689261 0.010742 0.022887
0 0.864746 0.729754 0.010742 0.022887
0 0.895020 0.601232 0.006836 0.019366
0 0.955566 0.564261 0.006836 0.015845
0 0.948242 0.594190 0.009766 0.019366
0 0.899902 0.641725 0.008789 0.022887
0 0.910645 0.637324 0.006836 0.021127
0 0.920898 0.658451 0.009766 0.021127
0 0.935547 0.663732 0.007812 0.017606
0 0.904785 0.726232 0.010742 0.019366
0 0.961914 0.617077 0.007812 0.019366
0 0.952637 0.701585 0.008789 0.026408
0 0.959473 0.744718 0.010742 0.024648
0 0.941406 0.656690 0.009766 0.028169
0 0.991699 0.646127 0.008789 0.021127
0 0.901855 0.506162 0.008789 0.019366
0 0.901855 0.607394 0.006836 0.021127
0 0.918945 0.624120 0.007812 0.015845
0 0.995117 0.582746 0.005859 0.017606
