0 0.928711 0.605954 0.025391 0.059545
0 0.983887 0.769702 0.032227 0.061296
0 0.839355 0.578809 0.026367 0.054291
0 0.679199 0.630473 0.026367 0.059545
0 0.567871 0.624343 0.022461 0.050788
0 0.775879 0.438704 0.012695 0.029772
0 0.792480 0.429072 0.012695 0.031524
0 0.921875 0.451839 0.013672 0.031524
0 0.993164 0.473730 0.013672 0.036778
0 0.972656 0.394921 0.011719 0.022767
0 0.882324 0.390543 0.014648 0.024518
0 0.864258 0.449212 0.009766 0.022767
0 0.864746 0.421191 0.010742 0.026270
0 0.809082 0.385289 0.012695 0.028021
0 0.901367 0.336252 0.009766 0.021016
0 0.654785 0.201401 0.016602 0.035026
0 0.600586 0.216287 0.017578 0.033275
0 0.548340 0.209282 0.016602 0.033275
0 0.495605 0.417688 0.012695 0.029772
0 0.449707 0.418564 0.012695 0.024518
0 0.522461 0.409807 0.013672 0.024518
0 0.472168 0.643608 0.024414 0.050788
0 0.395996 0.517513 0.016602 0.040280
0 0.325195 0.604203 0.023438 0.049037
0 0.343262 0.487741 0.022461 0.040280
0 0.306152 0.487741 0.016602 0.033275
0 0.334961 0.452715 0.015625 0.040280
0 0.302734 0.454466 0.013672 0.033275
0 0.202148 0.619089 0.023438 0.043783
0 0.190430 0.486865 0.015625 0.035026
0 0.207520 0.464974 0.014648 0.029772
0 0.090332 0.588441 0.022461 0.045534
0 0.090332 0.460595 0.016602 0.035026
0 0.023926 0.572680 0.020508 0.035026
0 0.217773 0.432574 0.009766 0.024518
0 0.224609 0.418564 0.011719 0.028021
0 0.291504 0.378284 0.008789 0.017513
0 0.343262 0.376532 0.008789 0.021016
0 0.418945 0.401051 0.011719 0.024518
0 0.547363 0.445709 0.018555 0.036778
0 0.654297 0.449212 0.015625 0.036778
0 0.186523 0.278459 0.007812 0.021016
0 0.220215 0.287215 0.008789 0.021016
0 0.200195 0.273205 0.007812 0.017513
0 0.228516 0.267951 0.007812 0.014011
0 0.942871 0.394046 0.008789 0.017513
0 0.996582 0.362522 0.006836 0.024518
0 0.737793 0.528021 0.016602 0.050788
0 0.827148 0.474606 0.011719 0.024518
