0 0.198242 0.367435 0.021484 0.089337
0 0.232910 0.422190 0.018555 0.066282
0 0.063965 0.289625 0.004883 0.020173
0 0.078613 0.272334 0.010742 0.031700
0 0.078125 0.332853 0.015625 0.066282
0 0.119629 0.272334 0.006836 0.020173
0 0.128906 0.350144 0.017578 0.060519
0 0.147461 0.308357 0.009766 0.040346
0 0.180176 0.306916 0.014648 0.054755
0 0.224609 0.292507 0.005859 0.025937
0 0.233887 0.325648 0.012695 0.040346
0 0.055176 0.246398 0.002930 0.008646
0 0.346680 0.439481 0.019531 0.077810
0 0.316895 0.285303 0.006836 0.017291
0 0.361328 0.299712 0.009766 0.034582
0 0.377441 0.263689 0.006836 0.020173
0 0.381348 0.373199 0.014648 0.066282
0 0.420898 0.282421 0.013672 0.057637
0 0.463867 0.159942 0.021484 0.083573
0 0.531738 0.249280 0.040039 0.164265
0 0.566895 0.318444 0.006836 0.020173
0 0.625977 0.311239 0.005859 0.023055
0 0.642578 0.293948 0.003906 0.017291
0 0.728027 0.354467 0.010742 0.040346
0 0.750977 0.322767 0.007812 0.034582
0 0.669434 0.344380 0.008789 0.025937
0 0.679688 0.370317 0.011719 0.043228
0 0.703125 0.361671 0.011719 0.043228
0 0.716309 0.393372 0.012695 0.043228
0 0.763672 0.348703 0.011719 0.034582
0 0.761230 0.425072 0.012695 0.043228
0 0.680664 0.296830 0.005859 0.017291
0 0.695801 0.308357 0.006836 0.023055
0 0.700195 0.269452 0.003906 0.008646
0 0.700684 0.283862 0.004883 0.014409
0 0.688477 0.273775 0.003906 0.011527
0 0.790527 0.353026 0.008789 0.031700
0 0.808594 0.331412 0.007812 0.028818
0 0.783203 0.331412 0.007812 0.028818
0 0.828125 0.292507 0.005859 0.014409
0 0.820801 0.318444 0.006836 0.020173
0 0.843262 0.306916 0.004883 0.014409
0 0.859375 0.319885 0.005859 0.023055
0 0.868164 0.309798 0.007812 0.025937
0 0.853027 0.331412 0.004883 0.017291
0 0.868164 0.220461 0.003906 0.014409
0 0.874023 0.399135 0.013672 0.043228
0 0.968262 0.317003 0.006836 0.023055
0 0.992676 0.334294 0.006836 0.023055
0 0.967285 0.272334 0.002930 0.014409
0 0.925781 0.253602 0.001953 0.005764
0 0.803711 0.387608 0.009766 0.037464
0 0.828613 0.365994 0.006836 0.023055
0 0.017090 0.298271 0.004883 0.025937
0 0.040527 0.249280 0.004883 0.014409
0 0.033691 0.278098 0.004883 0.020173
0 0.022949 0.275216 0.004883 0.025937
0 0.137695 0.280980 0.005859 0.025937
0 0.097656 0.319885 0.009766 0.046110
0 0.210938 0.282421 0.005859 0.017291
0 0.055664 0.682997 0.048828 0.149856
0 0.655762 0.325648 0.006836 0.017291
0 0.407715 0.280980 0.008789 0.031700
0 0.570312 0.278098 0.003906 0.014409
0 0.822266 0.263689 0.003906 0.014409
0 0.922363 0.257925 0.002930 0.008646
0 0.954590 0.252161 0.002930 0.014409
0 0.946777 0.246398 0.004883 0.008646
0 0.242676 0.317003 0.006836 0.028818
0 0.343262 0.324207 0.004883 0.014409
0 0.326660 0.380403 0.006836 0.034582
0 0.246094 0.279539 0.005859 0.023055
0 0.115723 0.442363 0.032227 0.118156
0 0.172852 0.295389 0.007812 0.025937
0 0.216309 0.292507 0.004883 0.020173
