0 0.926270 0.214410 0.020508 0.053819
0 0.829590 0.243924 0.016602 0.046875
0 0.679688 0.220486 0.013672 0.031250
0 0.257324 0.183160 0.028320 0.064236
0 0.112305 0.227431 0.041016 0.079861
0 0.187500 0.217014 0.007812 0.017361
0 0.326660 0.171007 0.010742 0.026042
0 0.286133 0.171007 0.009766 0.022569
0 0.045410 0.150174 0.010742 0.026042
0 0.434570 0.190972 0.011719 0.020833
0 0.455078 0.194444 0.005859 0.013889
0 0.469727 0.199653 0.013672 0.024306
0 0.345215 0.185764 0.018555 0.027778
0 0.122559 0.148438 0.018555 0.032986
0 0.137207 0.161458 0.006836 0.017361
0 0.022461 0.140625 0.015625 0.031250
