0 0.266602 0.244526 0.062500 0.097810
0 0.117676 0.514599 0.018555 0.039416
0 0.048828 0.588321 0.023438 0.043796
0 0.015625 0.632117 0.027344 0.052555
0 0.013184 0.591971 0.022461 0.048175
0 0.224609 0.723358 0.031250 0.059854
0 0.389160 0.717518 0.034180 0.056934
0 0.337402 0.709489 0.026367 0.052555
0 0.336426 0.573723 0.022461 0.043796
0 0.400879 0.493431 0.024414 0.040876
0 0.500488 0.459124 0.030273 0.051095
0 0.322754 0.872993 0.036133 0.046715
0 0.326660 0.851095 0.030273 0.067153
0 0.382324 0.843066 0.034180 0.062774
0 0.406738 0.851095 0.036133 0.067153
0 0.426758 0.797810 0.031250 0.056934
0 0.480469 0.799270 0.031250 0.056934
0 0.354004 0.783212 0.036133 0.065693
0 0.295410 0.976642 0.040039 0.046715
0 0.642578 0.752555 0.035156 0.062774
0 0.976562 0.683212 0.019531 0.032117
0 0.985840 0.554745 0.028320 0.052555
0 0.946777 0.554745 0.026367 0.043796
0 0.814941 0.727007 0.022461 0.052555
0 0.842773 0.597810 0.021484 0.033577
0 0.861816 0.591971 0.016602 0.024818
0 0.854980 0.549635 0.018555 0.033577
0 0.958984 0.408029 0.017578 0.030657
0 0.995117 0.423358 0.009766 0.032117
0 0.961426 0.374453 0.016602 0.033577
0 0.933105 0.370803 0.010742 0.020438
0 0.590332 0.644526 0.020508 0.039416
0 0.572754 0.585401 0.018555 0.035036
0 0.283691 0.545255 0.022461 0.036496
0 0.328613 0.502190 0.024414 0.049635
0 0.364746 0.454745 0.018555 0.033577
0 0.404785 0.381022 0.010742 0.017518
0 0.435059 0.445255 0.014648 0.026277
0 0.252930 0.368613 0.013672 0.021898
0 0.283203 0.393431 0.009766 0.018978
0 0.276855 0.486861 0.014648 0.033577
0 0.339355 0.392701 0.012695 0.020438
0 0.544434 0.599270 0.022461 0.042336
0 0.597656 0.835766 0.027344 0.054015
0 0.914551 0.724088 0.038086 0.072993
0 0.079590 0.789051 0.040039 0.083212
0 0.046875 0.478102 0.015625 0.036496
0 0.070312 0.593431 0.021484 0.051095
0 0.314941 0.424818 0.008789 0.017518
0 0.368164 0.386861 0.011719 0.023358
0 0.245117 0.428467 0.009766 0.024818
0 0.456055 0.503650 0.021484 0.046715
