0 0.018066 0.887695 0.010742 0.021484
0 0.039062 0.949219 0.011719 0.027344
0 0.086914 0.940430 0.009766 0.021484
0 0.101562 0.975586 0.015625 0.033203
0 0.125977 0.958008 0.009766 0.025391
0 0.211914 0.946289 0.011719 0.037109
0 0.151855 0.802734 0.008789 0.019531
0 0.138672 0.784180 0.007812 0.017578
0 0.117676 0.781250 0.006836 0.019531
0 0.160645 0.876953 0.010742 0.019531
0 0.224609 0.805664 0.007812 0.017578
0 0.236328 0.737305 0.005859 0.013672
0 0.104980 0.815430 0.006836 0.021484
0 0.162598 0.786133 0.002930 0.013672
0 0.294434 0.920898 0.014648 0.037109
0 0.354980 0.943359 0.010742 0.031250
0 0.370605 0.916016 0.008789 0.027344
0 0.400391 0.894531 0.007812 0.031250
0 0.407227 0.990234 0.013672 0.019531
0 0.395020 0.839844 0.008789 0.023438
0 0.346680 0.827148 0.005859 0.017578
0 0.361816 0.823242 0.006836 0.013672
0 0.346680 0.791992 0.009766 0.021484
0 0.302734 0.857422 0.005859 0.015625
0 0.307617 0.825195 0.007812 0.017578
0 0.260742 0.893555 0.005859 0.017578
0 0.272461 0.973633 0.007812 0.025391
0 0.264160 0.788086 0.006836 0.017578
0 0.237305 0.786133 0.005859 0.013672
0 0.383789 0.907227 0.007812 0.013672
0 0.335938 0.770508 0.003906 0.013672
0 0.541504 0.876953 0.012695 0.027344
0 0.447266 0.921875 0.007812 0.027344
0 0.427734 0.853516 0.007812 0.019531
0 0.444824 0.781250 0.010742 0.023438
0 0.525391 0.834961 0.005859 0.025391
0 0.537598 0.832031 0.008789 0.019531
0 0.478516 0.758789 0.005859 0.013672
0 0.594727 0.768555 0.007812 0.021484
0 0.576172 0.835938 0.007812 0.019531
0 0.583984 0.739258 0.005859 0.017578
0 0.496094 0.796875 0.007812 0.019531
0 0.493652 0.874023 0.006836 0.029297
0 0.432617 0.800781 0.007812 0.015625
0 0.450195 0.721680 0.003906 0.009766
0 0.419922 0.741211 0.003906 0.013672
0 0.559082 0.797852 0.006836 0.021484
0 0.709961 0.950195 0.015625 0.037109
0 0.742676 0.966797 0.020508 0.042969
0 0.634766 0.981445 0.015625 0.037109
0 0.627441 0.897461 0.006836 0.021484
0 0.621582 0.875977 0.008789 0.017578
0 0.603027 0.879883 0.010742 0.021484
0 0.733398 0.840820 0.011719 0.025391
0 0.699219 0.893555 0.009766 0.033203
0 0.720703 0.812500 0.009766 0.027344
0 0.684570 0.801758 0.007812 0.025391
0 0.630859 0.791016 0.005859 0.019531
0 0.651855 0.783203 0.006836 0.019531
0 0.692871 0.768555 0.008789 0.017578
0 0.833008 0.961914 0.013672 0.033203
0 0.825684 0.855469 0.014648 0.031250
0 0.856934 0.836914 0.014648 0.029297
0 0.892578 0.830078 0.015625 0.031250
0 0.906738 0.968750 0.014648 0.042969
0 0.933594 0.849609 0.015625 0.042969
0 0.975586 0.838867 0.009766 0.033203
0 0.788574 0.837891 0.012695 0.027344
0 0.798340 0.858398 0.008789 0.021484
0 0.775391 0.800781 0.009766 0.023438
0 0.826172 0.774414 0.011719 0.029297
0 0.926270 0.745117 0.010742 0.029297
0 0.842285 0.740234 0.006836 0.019531
0 0.955566 0.740234 0.006836 0.019531
0 0.666992 0.754883 0.009766 0.025391
0 0.537598 0.717773 0.008789 0.025391
0 0.515137 0.738281 0.008789 0.019531
0 0.483398 0.723633 0.007812 0.017578
0 0.174805 0.774414 0.009766 0.017578
0 0.208496 0.774414 0.008789 0.021484
0 0.175781 0.898438 0.009766 0.027344
