0 0.016602 0.250727 0.033203 0.103198
0 0.124512 0.425145 0.030273 0.056686
0 0.133301 0.404797 0.024414 0.050872
0 0.216797 0.355378 0.041016 0.071221
0 0.283203 0.374273 0.035156 0.056686
0 0.315918 0.380087 0.026367 0.056686
0 0.412109 0.285610 0.068359 0.135174
0 0.496094 0.430959 0.023438 0.045058
0 0.556152 0.390988 0.016602 0.037791
0 0.517578 0.430959 0.009766 0.021802
0 0.603516 0.419331 0.064453 0.138081
0 0.769043 0.305959 0.057617 0.126453
0 0.846191 0.353924 0.051758 0.100291
0 0.892090 0.346657 0.040039 0.085756
0 0.943359 0.385901 0.042969 0.088663
0 0.991699 0.329215 0.012695 0.074128
0 0.538574 0.456395 0.016602 0.023256
