0 0.047852 0.446617 0.015625 0.036090
0 0.061035 0.456391 0.012695 0.022556
0 0.098145 0.471429 0.010742 0.022556
0 0.154297 0.440602 0.015625 0.033083
0 0.164551 0.448120 0.010742 0.027068
0 0.176270 0.439850 0.008789 0.019549
0 0.223633 0.418045 0.017578 0.033083
0 0.270020 0.448872 0.020508 0.037594
0 0.309570 0.448120 0.015625 0.036090
0 0.381836 0.450376 0.017578 0.028571
0 0.414551 0.443609 0.016602 0.030075
0 0.446289 0.426316 0.021484 0.043609
0 0.527832 0.439850 0.014648 0.034586
0 0.578613 0.452632 0.016602 0.033083
0 0.565430 0.439850 0.009766 0.016541
0 0.659180 0.427068 0.019531 0.042105
0 0.715820 0.433083 0.007812 0.015038
0 0.733887 0.455639 0.016602 0.030075
0 0.802734 0.439098 0.017578 0.039098
0 0.839844 0.447368 0.011719 0.025564
0 0.004395 0.460150 0.008789 0.027068
