0 0.523438 0.700146 0.115234 0.081514
0 0.061035 0.127365 0.026367 0.036390
0 0.335938 0.302766 0.011719 0.017467
0 0.242676 0.240175 0.008789 0.017467
0 0.006836 0.056041 0.013672 0.065502
0 0.407715 0.302766 0.008789 0.017467
0 0.400391 0.245269 0.005859 0.013100
0 0.378418 0.245269 0.004883 0.010189
0 0.633789 0.314410 0.007812 0.014556
0 0.502930 0.192868 0.007812 0.016012
0 0.572754 0.222707 0.004883 0.014556
0 0.756348 0.063319 0.024414 0.045124
0 0.796387 0.112082 0.016602 0.029112
0 0.925293 0.324600 0.026367 0.043668
0 0.250000 0.320233 0.009766 0.014556
