0 0.959473 0.315104 0.010742 0.013021
0 0.898926 0.216146 0.010742 0.018229
0 0.793457 0.216797 0.010742 0.019531
0 0.814453 0.289714 0.035156 0.053385
0 0.872070 0.440755 0.017578 0.035156
0 0.750000 0.217448 0.056641 0.091146
0 0.679199 0.223307 0.010742 0.019531
0 0.645020 0.206380 0.010742 0.016927
0 0.541504 0.215495 0.008789 0.014323
0 0.454590 0.233073 0.016602 0.026042
0 0.592285 0.330078 0.010742 0.022135
0 0.565430 0.325521 0.009766 0.018229
0 0.497559 0.320312 0.012695 0.020833
0 0.622070 0.429688 0.019531 0.031250
0 0.588379 0.421224 0.018555 0.029948
0 0.540527 0.439453 0.020508 0.029948
0 0.416504 0.292969 0.014648 0.026042
0 0.366699 0.273438 0.008789 0.018229
0 0.329102 0.232422 0.037109 0.053385
0 0.208496 0.246094 0.016602 0.028646
0 0.240723 0.325521 0.010742 0.018229
0 0.192871 0.408854 0.014648 0.028646
0 0.206055 0.487630 0.021484 0.037760
0 0.037598 0.322266 0.075195 0.149740
0 0.087402 0.567708 0.010742 0.018229
0 0.107422 0.582682 0.013672 0.019531
0 0.086914 0.625651 0.005859 0.009115
0 0.091797 0.634115 0.005859 0.010417
0 0.072754 0.624349 0.004883 0.009115
0 0.475586 0.704427 0.050781 0.091146
0 0.640625 0.806641 0.054688 0.100260
0 0.052734 0.558594 0.003906 0.005208
