0 0.016113 0.918403 0.026367 0.107639
0 0.153320 0.885417 0.031250 0.065972
0 0.195312 0.876736 0.029297 0.079861
0 0.136719 0.557292 0.017578 0.052083
0 0.158691 0.569444 0.016602 0.045139
0 0.225098 0.559028 0.018555 0.045139
0 0.284180 0.643229 0.039062 0.078125
0 0.215820 0.846354 0.027344 0.050347
0 0.311523 0.942708 0.054688 0.100694
0 0.063477 0.135417 0.023438 0.055556
0 0.307129 0.381076 0.016602 0.039931
0 0.358398 0.378472 0.019531 0.038194
0 0.372559 0.540799 0.018555 0.036458
0 0.419434 0.467882 0.020508 0.043403
0 0.436035 0.430556 0.022461 0.045139
0 0.401367 0.598958 0.025391 0.059028
0 0.425293 0.578125 0.022461 0.034722
0 0.436035 0.620660 0.024414 0.053819
0 0.456055 0.673611 0.031250 0.059028
0 0.488770 0.572049 0.020508 0.060764
0 0.542480 0.561632 0.038086 0.074653
0 0.333496 0.729167 0.036133 0.076389
0 0.366699 0.737847 0.016602 0.059028
0 0.390137 0.730035 0.022461 0.060764
0 0.430176 0.972222 0.079102 0.052083
0 0.606934 0.493056 0.016602 0.034722
0 0.651367 0.566840 0.033203 0.067708
0 0.713379 0.513889 0.020508 0.048611
0 0.729492 0.623264 0.025391 0.052083
0 0.742676 0.521701 0.028320 0.050347
0 0.788086 0.505208 0.025391 0.052083
0 0.824707 0.577257 0.034180 0.064236
0 0.602539 0.921875 0.050781 0.100694
0 0.730957 0.413194 0.014648 0.041667
0 0.744629 0.402778 0.012695 0.048611
0 0.839844 0.397569 0.019531 0.052083
0 0.868652 0.497396 0.024414 0.043403
0 0.843750 0.489583 0.019531 0.045139
0 0.897461 0.450521 0.023438 0.039931
0 0.903809 0.503472 0.014648 0.041667
0 0.944824 0.576389 0.024414 0.055556
0 0.964355 0.721354 0.032227 0.060764
0 0.830566 0.846354 0.077148 0.144097
0 0.935547 0.880208 0.062500 0.097222
0 0.875000 0.370660 0.019531 0.043403
0 0.745117 0.364583 0.023438 0.045139
0 0.971680 0.799479 0.029297 0.074653
