0 0.254395 0.433687 0.028320 0.058355
0 0.008789 0.350133 0.011719 0.018568
0 0.005859 0.436340 0.011719 0.031830
0 0.050293 0.350133 0.010742 0.018568
0 0.097168 0.340849 0.006836 0.015915
0 0.144531 0.416446 0.011719 0.023873
0 0.149902 0.336207 0.008789 0.017241
0 0.204590 0.355438 0.006836 0.013263
0 0.229980 0.353448 0.006836 0.014589
0 0.245117 0.337533 0.003906 0.006631
0 0.271484 0.396552 0.005859 0.013263
0 0.306641 0.407825 0.009766 0.019894
0 0.304199 0.348143 0.006836 0.014589
0 0.326172 0.339523 0.007812 0.015915
0 0.352539 0.344828 0.005859 0.013263
0 0.403809 0.335544 0.006836 0.013263
0 0.429199 0.350796 0.006836 0.011936
0 0.443848 0.350796 0.004883 0.011936
0 0.456543 0.354111 0.004883 0.010610
0 0.481934 0.350133 0.006836 0.013263
0 0.507324 0.353448 0.004883 0.009284
0 0.520996 0.352122 0.006836 0.011936
0 0.531738 0.352122 0.004883 0.011936
0 0.539551 0.361406 0.006836 0.011936
0 0.551758 0.354775 0.005859 0.011936
0 0.526367 0.403846 0.007812 0.019894
0 0.576172 0.353448 0.005859 0.009284
0 0.678711 0.339523 0.005859 0.013263
0 0.717285 0.348806 0.006836 0.010610
0 0.819336 0.338859 0.005859 0.009284
0 0.834961 0.341512 0.007812 0.014589
0 0.888184 0.359416 0.004883 0.010610
0 0.870605 0.358753 0.006836 0.011936
