0 0.289551 0.202983 0.043945 0.076524
0 0.384277 0.245785 0.043945 0.066148
0 0.460449 0.267185 0.040039 0.059663
0 0.501465 0.241894 0.038086 0.060960
0 0.619629 0.259403 0.040039 0.062257
0 0.699707 0.295071 0.036133 0.058366
0 0.923340 0.496757 0.004883 0.007782
0 0.847656 0.488327 0.003906 0.006485
0 0.875000 0.494163 0.003906 0.005188
0 0.164062 0.458495 0.005859 0.014267
0 0.020996 0.405966 0.004883 0.010376
0 0.046387 0.446174 0.008789 0.015564
0 0.085938 0.473411 0.005859 0.010376
0 0.069336 0.477951 0.007812 0.016861
0 0.088867 0.450713 0.003906 0.009079
0 0.042969 0.408560 0.005859 0.010376
0 0.072754 0.411154 0.004883 0.010376
0 0.116699 0.419585 0.004883 0.009079
0 0.162598 0.417639 0.002930 0.007782
0 0.151367 0.418288 0.003906 0.009079
0 0.129883 0.422179 0.003906 0.006485
0 0.026367 0.395590 0.007812 0.012970
0 0.544434 0.480545 0.004883 0.009079
0 0.674316 0.515564 0.004883 0.009079
0 0.540039 0.437095 0.007812 0.012970
0 0.830566 0.493515 0.004883 0.006485
0 0.831055 0.481193 0.005859 0.007782
0 0.829102 0.452010 0.003906 0.006485
0 0.814453 0.448119 0.003906 0.006485
