0 0.212402 0.057218 0.010742 0.026408
0 0.355957 0.204225 0.010742 0.031690
0 0.149902 0.061620 0.008789 0.017606
0 0.448730 0.050176 0.008789 0.022887
0 0.435059 0.238556 0.012695 0.044014
0 0.275391 0.166373 0.009766 0.022887
0 0.252930 0.331866 0.019531 0.040493
0 0.095215 0.685739 0.016602 0.044014
0 0.197754 0.685739 0.016602 0.051056
0 0.288086 0.684859 0.023438 0.063380
0 0.204102 0.593310 0.021484 0.049296
0 0.204590 0.547535 0.010742 0.024648
0 0.328125 0.619718 0.017578 0.045775
0 0.402344 0.457746 0.017578 0.045775
0 0.480957 0.492077 0.014648 0.040493
0 0.486816 0.675176 0.020508 0.047535
0 0.465332 0.597711 0.018555 0.047535
0 0.417480 0.547535 0.014648 0.045775
0 0.564941 0.736796 0.020508 0.047535
0 0.550781 0.549296 0.019531 0.042254
0 0.506348 0.437500 0.016602 0.036972
0 0.401855 0.521127 0.008789 0.031690
0 0.913086 0.890845 0.029297 0.063380
0 0.763672 0.870599 0.017578 0.054577
0 0.547363 0.960387 0.022461 0.058099
0 0.815430 0.676056 0.017578 0.049296
0 0.870605 0.675176 0.020508 0.058099
0 0.938965 0.603873 0.024414 0.045775
0 0.748047 0.620599 0.027344 0.058099
0 0.686523 0.641725 0.021484 0.054577
0 0.629883 0.665493 0.023438 0.059859
0 0.615723 0.589789 0.024414 0.056338
0 0.674316 0.551937 0.024414 0.065141
0 0.393066 0.283451 0.010742 0.031690
0 0.499023 0.188380 0.015625 0.028169
0 0.520996 0.188380 0.012695 0.028169
0 0.620605 0.191901 0.012695 0.024648
0 0.714844 0.256162 0.011719 0.040493
0 0.720215 0.165493 0.012695 0.028169
0 0.642578 0.420775 0.013672 0.038732
0 0.605957 0.300176 0.010742 0.029930
0 0.730469 0.301056 0.015625 0.038732
0 0.796875 0.391725 0.019531 0.040493
0 0.764648 0.477993 0.019531 0.054577
0 0.793457 0.268486 0.010742 0.029930
0 0.578125 0.423415 0.011719 0.036972
0 0.562988 0.496479 0.010742 0.038732
0 0.579590 0.456866 0.012695 0.033451
0 0.523438 0.437500 0.009766 0.029930
0 0.722168 0.518486 0.018555 0.047535
0 0.914062 0.441901 0.019531 0.045775
0 0.990234 0.599472 0.013672 0.040493
0 0.402344 0.340669 0.013672 0.040493
0 0.818359 0.069542 0.015625 0.036972
0 0.971191 0.193662 0.016602 0.031690
0 0.921387 0.159331 0.012695 0.033451
0 0.883301 0.324824 0.016602 0.044014
0 0.872070 0.285211 0.013672 0.031690
0 0.919922 0.240317 0.013672 0.036972
0 0.743652 0.264965 0.014648 0.033451
0 0.802246 0.307218 0.018555 0.036972
0 0.809570 0.275528 0.013672 0.040493
0 0.688477 0.213028 0.009766 0.024648
0 0.427246 0.069542 0.008789 0.022887
0 0.273438 0.064261 0.009766 0.026408
0 0.738770 0.121479 0.010742 0.028169
0 0.133301 0.199824 0.020508 0.044014
0 0.867188 0.522887 0.017578 0.045775
0 0.977051 0.482394 0.014648 0.042254
0 0.820801 0.016725 0.010742 0.026408
0 0.733887 0.060739 0.012695 0.029930
0 0.866699 0.085387 0.016602 0.047535
0 0.952637 0.026408 0.008789 0.024648
0 0.562500 0.091549 0.007812 0.028169
0 0.563965 0.036972 0.006836 0.021127
0 0.573730 0.080986 0.008789 0.031690
0 0.388672 0.103873 0.013672 0.045775
0 0.256836 0.404049 0.017578 0.047535
0 0.412598 0.430458 0.018555 0.047535
0 0.639648 0.269366 0.015625 0.042254
0 0.705566 0.377641 0.010742 0.029930
0 0.247559 0.275528 0.018555 0.047535
0 0.294434 0.308979 0.014648 0.036972
0 0.533203 0.077465 0.009766 0.021127
0 0.416992 0.661092 0.015625 0.047535
0 0.892090 0.389085 0.022461 0.045775
0 0.747070 0.333627 0.019531 0.036972
0 0.405762 0.139965 0.014648 0.047535
