0 0.712402 0.158858 0.075195 0.062958
0 0.808594 0.021230 0.011719 0.011713
0 0.907227 0.119327 0.046875 0.049780
0 0.845703 0.051245 0.011719 0.008785
0 0.871582 0.074305 0.012695 0.010981
0 0.917969 0.061127 0.011719 0.010981
0 0.926270 0.079429 0.012695 0.010981
0 0.810059 0.142387 0.024414 0.021230
0 0.855957 0.131040 0.012695 0.013177
0 0.960449 0.094070 0.026367 0.024158
0 0.959473 0.072108 0.008789 0.009517
0 0.837891 0.129209 0.013672 0.012445
0 0.389648 0.379209 0.046875 0.045388
0 0.528809 0.385798 0.047852 0.049780
0 0.550781 0.432284 0.083984 0.068082
0 0.020020 0.407760 0.040039 0.046852
0 0.191895 0.502562 0.166992 0.088580
0 0.829102 0.609078 0.142578 0.144949
0 0.773926 0.159590 0.018555 0.016105
0 0.121094 0.413982 0.054688 0.054905
0 0.584473 0.165813 0.020508 0.018302
0 0.007324 0.275988 0.014648 0.016105
0 0.020020 0.220351 0.016602 0.013177
0 0.070312 0.257687 0.019531 0.021962
0 0.102539 0.220351 0.019531 0.014641
0 0.112793 0.244510 0.020508 0.019034
0 0.140625 0.235725 0.021484 0.023426
0 0.175293 0.237189 0.020508 0.020498
0 0.159180 0.227306 0.007812 0.009517
0 0.178711 0.256223 0.023438 0.026354
0 0.226562 0.262079 0.023438 0.023426
0 0.200195 0.228770 0.021484 0.019766
0 0.284180 0.220717 0.019531 0.019766
0 0.299805 0.214495 0.021484 0.021962
0 0.245117 0.215227 0.009766 0.008785
0 0.338867 0.205344 0.013672 0.016837
0 0.354004 0.207906 0.024414 0.021962
0 0.408203 0.200586 0.017578 0.017570
0 0.454102 0.217057 0.029297 0.030015
0 0.474609 0.207906 0.011719 0.016105
0 0.463379 0.195095 0.014648 0.018302
0 0.505371 0.212299 0.026367 0.026354
0 0.517578 0.184846 0.019531 0.019766
0 0.530273 0.147145 0.021484 0.030747
0 0.655762 0.178258 0.020508 0.024158
0 0.676758 0.159224 0.019531 0.021230
